1 0.10622130781250001 0.4274461890625 0.121978621875 0.44402969687500005 0.131029578125 0.43167713125 0.1171959390625 0.4169057546875 0.1062743265625 0.3822589609375 0.080646075 0.3824752578125 0.0820334859375 0.39944124062499997 0.10622130781250001 0.4274461890625
1 0.17646203124999998 0.47099537031249994 0.17818617812499998 0.4534807359375 0.17368720937499998 0.43706340624999995 0.15829779375 0.42256635468750003 0.1439278890625 0.422948828125 0.13377323593749998 0.42904202187499996 0.14093167812500002 0.4514443984375 0.17646203124999998 0.47099537031249994
1 0.193061184375 0.40137733750000004 0.1773038703125 0.38479382968750003 0.16678131875 0.388800565625 0.1550708890625 0.3951680859375 0.1553546046875 0.40587469687500005 0.16525670312500002 0.425641965625 0.1789219765625 0.45765365156250004 0.18788874687499998 0.4539212390625 0.2028791015625 0.42976475937499997 0.2401336 0.431801096875 0.24451722031249998 0.4202715078125 0.218153171875 0.416314890625 0.193061184375 0.40137733750000004
1 0.21111938437500002 0.540180809375 0.186027396875 0.5252432546875 0.1843032515625 0.5427578890625 0.20436000468749999 0.5564319625 0.21111938437500002 0.540180809375
1 0.2258571875 0.541884790625 0.2206535859375 0.5578616203125 0.2504970921875 0.5633560421875 0.2258571875 0.541884790625
1 0.254419321875 0.4400387765625 0.237757840625 0.4365226625 0.21094170937499998 0.43909974218750003 0.201890753125 0.4514523078125 0.2270669234375 0.45776970625 0.25388305624999996 0.455192628125 0.254419321875 0.4400387765625
1 0.0969489640625 0.5022262890625 0.09952425468750001 0.516831490625 0.1075026796875 0.5347866265625 0.1175731453125 0.5373135859375 0.11426205781250001 0.518535471875 0.11131886875000001 0.501843815625 0.11029935625000001 0.4869642890625 0.10370834375 0.4859751359375 0.0969489640625 0.5022262890625
1 0.0717104671875 0.42277474374999996 0.069219359375 0.39954938906250004 0.059516790625 0.3991088859375 0.048174257812499996 0.40756286406250003 0.0468180125 0.4271639546875 0.054060637499999994 0.4409461765625 0.0605674671875 0.45055548593749994 0.066506865625 0.43875157187499997 0.0773973140625 0.436831290625 0.0717104671875 0.42277474374999996
0 0.277303915625 0.4424575875 0.279679675 0.437736021875 0.25184403125 0.4254335765625 0.2505719671875 0.43641451406250004 0.25314725781249997 0.45101971250000006 0.2682529609375 0.45481015312500006 0.2779555296875 0.45525065624999994 0.2590024734375 0.44783595312499996 0.2806991890625 0.452615546875 0.2780397125 0.4466305015625 0.2676013453125 0.4420170859375 0.277303915625 0.4424575875
1 0.2525049515625 0.5565480203125001 0.2696185140625 0.5535304375 0.2823484578125 0.5620424421875 0.25710995937500003 0.48259089531250005 0.1983271140625 0.45853465625 0.176714584375 0.44513490781250004 0.15399835625 0.42547578750000004 0.1248906484375 0.42415428125 0.108144984375 0.4292583203125 0.1055166734375 0.4598403484375 0.11332672968749999 0.4950357921875 0.14529344375 0.5216691124999999 0.21451465625 0.55033876875 0.2525049515625 0.5565480203125001
