1 0.4610964078125 0.6428561109375 0.47439089375 0.669281775 0.477095678125 0.6921532515625 0.4825160484375 0.7153581578125 0.4865786265625 0.7383963484375 0.49362942656250003 0.7595475125 0.5034066109374999 0.7584940625 0.5178024484375 0.7534998374999999 0.5343685953125 0.75327996875 0.5357317859374999 0.7421776625 0.5191764390625 0.7198594875000001 0.5151138609375 0.6968212968749999 0.5064326296874999 0.6777238796875 0.4904225609375 0.6509647828125 0.48174132968750005 0.6318673671874999 0.47713347656250005 0.6132700984375 0.46954279843749996 0.5852908359375 0.46168488124999996 0.5482630125 0.448379596875 0.54437539375 0.4228487828125 0.55025635 0.3986703609375 0.567573046875 0.3674303390625 0.586276625 0.344609709375 0.6037600359375 0.326124296875 0.642061178125 0.3307267515625 0.67192746875 0.3505645578125 0.645062065625 0.3687665328125 0.6315194281250001 0.3872357484375 0.6270253515624999 0.40842054687499996 0.6228647078125 0.42933270781250005 0.6209245234375 0.44372314687500003 0.6271993218749999 0.4610964078125 0.6428561109375
1 0.5745678859375001 0.740184325 0.5960253234375 0.73380321875 0.618840553125 0.727588828125 0.636491853125 0.729756134375 0.646547075 0.715213203125 0.6479210656250001 0.681572853125 0.6460395937500001 0.640770971875 0.6485041390624999 0.5982487765625 0.6376579984374999 0.563107984375 0.610785590625 0.5350151609375 0.5782093749999999 0.508475934375 0.538010084375 0.521571578125 0.4855960640625 0.5218977578125 0.4701042734375 0.5470428484375 0.480672375 0.5956731234375 0.49178575156250004 0.639862478125 0.5053474765625 0.6753367031249999 0.5229825781249999 0.7113110765624999 0.5414355937499999 0.7406240640624999 0.5517526546875 0.7463987140625 0.5745678859375001 0.740184325
1 0.6471841421875 0.519198909375 0.6523534718749999 0.499548190625 0.648825371875 0.49460712031250004 0.6376957953125 0.48422483281249995 0.6271006953125 0.491939665625 0.6338788578125001 0.5153112875 0.6471841421875 0.519198909375
0 0.6404005796875001 0.5070963078124999 0.6450192343750001 0.5031555328125 0.6401333421875 0.49804774687500003 0.6333443796875 0.4972141671875 0.6338842578125 0.5040422671875 0.6404005796875001 0.5070963078124999
0 0.62515443125 0.586366046875 0.630591 0.5757638875 0.62217700625 0.56571503125 0.608599084375 0.5640478718749999 0.5985492609375 0.567321784375 0.602884478125 0.5881395140625 0.62515443125 0.586366046875
0 0.60828325 0.656420509375 0.6221392109375 0.6445981859375001 0.6197016640624999 0.6307752703125 0.61046975625 0.6273877984375 0.5968918328124999 0.6257206390625 0.59253501875 0.6499789953125 0.60828325 0.656420509375
0 0.61993650625 0.7074379609375 0.6185733140624999 0.7185402671875 0.6294356515625 0.7198739953125 0.6381276828125 0.71643336875 0.6422010593749999 0.716933515625 0.6443767671875 0.7104388484374999 0.6408486671875 0.7054977796874999 0.6310714828124999 0.706551228125 0.61993650625 0.7074379609375
0 0.5702434671875001 0.6968285515625 0.5734935296875 0.715259103125 0.57728886875 0.729248734375 0.5805443312499999 0.736410265625 0.58407783125 0.7300823140625 0.581912921875 0.7140389375 0.5789300984375 0.7046569453125 0.5767597906249999 0.6998825906249999 0.5702434671875001 0.6968285515625
0 0.6068930609375001 0.7238679234375 0.612056990625 0.715486228125 0.6139654593749999 0.6999429984375001 0.6109826359375 0.69056100625 0.6047335515625 0.6965555265625001 0.6036375984375 0.7167063921875 0.6068930609375001 0.7238679234375
0 0.5694795484374999 0.590799715625 0.54720959375 0.5925731828125 0.52547951875 0.60117475 0.5089079734374999 0.612663640625 0.5178672421875 0.618271575 0.5292748578124999 0.6151643796874999 0.5420402640625 0.6122239015625001 0.5689288718750001 0.606509659375 0.587670725 0.599795121875 0.583602746875 0.5880259515625 0.5694795484374999 0.590799715625
1 0.4660740921875 0.4563905265625 0.5000242984375001 0.44928940156249997 0.525015234375 0.4365803453125 0.5331781859375 0.40377357343750003 0.5190603859375 0.39527831406249997 0.49271705781249997 0.396551634375 0.47315728906250004 0.40992755625 0.46527237499999996 0.42924484375 0.4660740921875 0.4563905265625
1 0.7017630718750001 0.5349161062500001 0.6716136046875001 0.5447378390625001 0.6428165296875 0.5659953093750001 0.6463392296875 0.5822054015625 0.650674446875 0.60302313125 0.6658828 0.602636546875 0.6889706671875 0.5942016953125 0.7085304359375 0.5808257734375 0.7164207499999999 0.5502394640625 0.7017630718750001 0.5349161062500001
1 0.5756746374999999 0.6974954140625 0.5936147734375 0.66363519375 0.5729968484375 0.6182788296874999 0.5455737640625 0.6058959500000001 0.5026534890625001 0.6299271828124999 0.505898153125 0.6596267578125 0.5281519078125 0.69166035625 0.5756746374999999 0.6974954140625
