0 0.25101914999999997 0.37159478749999997 0.2503353296875 0.365874290625 0.2407458015625 0.3553164375 0.22674051562500003 0.34652043906249996 0.2230085796875 0.3540027890625 0.2415038171875 0.369398 0.25101914999999997 0.37159478749999997
0 0.261069909375 0.3627899390625 0.257115384375 0.34518909375 0.2540672671875 0.358391940625 0.253531840625 0.36939357500000003 0.2555832984375 0.3865550625 0.261069909375 0.3627899390625
0 0.3884851171875 0.453394921875 0.39229125 0.4542736359375 0.37821176875 0.437116571875 0.3610841703125 0.4331623546875 0.36367105624999996 0.43932220781250003 0.376992521875 0.4423977109375 0.3884851171875 0.453394921875
0 0.3109206203125 0.4160185625 0.315946 0.4116161390625 0.322874446875 0.4076530734375 0.3323897796875 0.40984986093750003 0.3278998265625 0.4032506484375 0.3202875609375 0.40149321875000005 0.3146525578125 0.4085362109375 0.3077241109375 0.412499278125 0.3109206203125 0.4160185625
0 0.3084821265625 0.4265808390625 0.31480095 0.42525834375000005 0.3331477953125 0.423931421875 0.33619591249999997 0.410728575 0.3323897796875 0.40984986093750003 0.32804821875 0.41997278125 0.3179232640625 0.4204165625 0.30909175 0.42394027031250003 0.3084821265625 0.4265808390625
0 0.436500884375 0.8705517781250001 0.44982235 0.8736272812499999 0.46946263750000006 0.8753802875 0.4491385296875 0.8679067843749999 0.44084244375 0.860428859375 0.43383980156249996 0.8560308578125 0.43010786406249996 0.863513209375 0.436500884375 0.8705517781250001
0 0.5282672203125001 0.724858990625 0.5326829765625 0.7230971359375 0.5262157609375 0.7076975 0.5159424125000001 0.691419153125 0.5096977859375 0.7011027140625 0.5205065624999999 0.706379428125 0.5282672203125001 0.724858990625
0 0.5366375015625 0.7406979812500001 0.5253674953125 0.7547839656249999 0.5241482484375 0.7600651046875 0.529173628125 0.75566268125 0.5448593921875 0.7398148421874999 0.5409790625 0.7305750625 0.541053259375 0.7389361265625001 0.5366375015625 0.7406979812500001
0 0.481358321875 0.789124640625 0.505265975 0.7723936609375001 0.5140232921875 0.7605088859375 0.502069465625 0.7688743765625 0.48630950625 0.7763611515625 0.47374605625 0.7873672093749999 0.47694256562500004 0.79088649375 0.481358321875 0.789124640625
0 0.5015500921875 0.71034691875 0.49827938749999995 0.69846656875 0.4931798109375 0.694507928125 0.4805421640625 0.6971529203125 0.4730040953125 0.7037565546875 0.4919605640625 0.699789065625 0.49835358281250003 0.706827634375 0.5061142421875 0.7253071953125 0.5087753234375 0.7398281140625 0.5132652765625 0.7464273265625 0.51829065625 0.7420249015625 0.5118976375 0.7349863328125 0.50862693125 0.723105984375 0.5015500921875 0.71034691875
0 0.5075560765625 0.745109253125 0.5019210734375 0.7521522468749999 0.49118649375 0.755236596875 0.49187031406250004 0.7609570921875 0.5076302734375 0.75347031875 0.5075560765625 0.745109253125
0 0.5038983359375 0.76095266875 0.5108267828125 0.756989603125 0.513339471875 0.7547883921875 0.5095333390625 0.7539096765625 0.50260489375 0.757872740625 0.49757951250000004 0.762275165625 0.501385646875 0.7631538796874999 0.5038983359375 0.76095266875
0 0.287309753125 0.46619380312500003 0.2733786625 0.46575887031249996 0.269037103125 0.4758817890625 0.26225704843750003 0.4965669859375 0.2636246875 0.508007978125 0.2693338875 0.5093260500000001 0.2711627578125 0.5014043421875 0.27169818437500004 0.4904027078125 0.27794281249999997 0.48071914531250004 0.283577815625 0.473676153125 0.287309753125 0.46619380312500003
0 0.448873853125 0.6954043390625 0.46409838593749997 0.6989191984375 0.46341456562500005 0.6931987015625001 0.452605790625 0.6879219890625 0.43996814375 0.6905669828125001 0.448873853125 0.6954043390625
0 0.3565942171875 0.42656314375 0.3515688375 0.43096556562500005 0.346395065625 0.41864585937500004 0.3425147359375 0.4094060796875 0.338173175 0.4195289984375 0.3388569953125 0.4252494953125 0.34593383437499997 0.43800855937499994 0.3581102484375 0.454726265625 0.3638936453125 0.46440540468749997 0.37272515781250004 0.4608816953125 0.3669417625 0.45120255781249996 0.3598649234375 0.43844349375 0.3565942171875 0.42656314375
1 0.5165520359375 0.6887785828124999 0.49615373125 0.672944015625 0.48359028125 0.683950075 0.465169240625 0.6769159296875 0.4309140421875 0.66900749375 0.38507599843749996 0.7112698749999999 0.39625575625 0.758351915625 0.427388640625 0.7711021328125 0.45227689687500006 0.7935359109375 0.4715462046875 0.7534835906249999 0.48798998437499996 0.7517173125000001 0.5181422640625 0.725302771875 0.5364149140625 0.715614784375 0.5165520359375 0.6887785828124999
1 0.261069909375 0.3627899390625 0.257115384375 0.34518909375 0.245013165625 0.336832453125 0.21707679062500002 0.3276015203125 0.2108321640625 0.33728508281249997 0.22171513593749997 0.3509228625 0.21866701875 0.364125709375 0.2358688140625 0.3764409921875 0.24043296249999999 0.3914012671875 0.2532190015625 0.40547840625 0.261069909375 0.3627899390625
1 0.3634484671875 0.41423901250000006 0.3537847421875 0.39532009375 0.3448048375 0.3821216703125 0.33353483125 0.39620765625 0.3208229890625 0.390491584375 0.310088409375 0.3935759359375 0.299502221875 0.41338241875000004 0.3015536796875 0.43054390624999994 0.3118270296875 0.44682225468750003 0.33268656406249997 0.443294121875 0.3530106734375 0.450767625 0.3578876609375 0.4296430703125 0.3634484671875 0.41423901250000006
1 0.3916816265625 0.4569142046875 0.40417088124999995 0.4375470828125 0.3958747953125 0.4300691546875 0.3795052125 0.4401965 0.3597907265625 0.43008242812499997 0.353620296875 0.44812705468749997 0.39105595000000004 0.5290838671875 0.45431837656249996 0.5242199656250001 0.44655771718750004 0.5057404046875 0.43133318593750003 0.5022255453125 0.43689399218749997 0.48682148593749996 0.4273044640625 0.47626363437499997 0.40758997812500003 0.46614956249999995 0.3916816265625 0.4569142046875
1 0.28221017656249997 0.46223516093750006 0.2733786625 0.46575887031249996 0.2627924765625 0.48556535 0.26225704843750003 0.4965669859375 0.26491813125 0.51108790625 0.2681888375 0.5229682546875 0.27435926718750003 0.504923628125 0.2792362546875 0.48379907343750006 0.291725509375 0.4644319484375 0.28221017656249997 0.46223516093750006
