0 0.73635153125 0.29333333281249996 0.7470039953125001 0.305 0.76564580625 0.2766666671875 0.7416777625 0.27 0.708388815625 0.2966666671875 0.6724367515624999 0.3116666671875 0.6777629828125 0.32166666718750003 0.7017310250000001 0.31 0.73635153125 0.29333333281249996
0 0.664447403125 0.32999999999999996 0.66711051875 0.3133333328125 0.64181091875 0.34500000000000003 0.6404793609375 0.36 0.653794940625 0.355 0.664447403125 0.32999999999999996
0 0.7123834890625 0.3466666671875 0.7003994671875 0.325 0.6617842875 0.3416666671875 0.6617842875 0.3516666671875 0.6884154453125 0.3483333328125 0.7123834890625 0.3466666671875
0 0.6924101203124999 0.4183333328125 0.6830892140625 0.4033333328125 0.66711051875 0.4183333328125 0.6404793609375 0.4216666671875 0.6111850859375 0.4266666671875 0.6431424765625 0.43333333281249997 0.6817576562500001 0.43 0.6924101203124999 0.4183333328125
0 0.6258322234375 0.5349999999999999 0.629826896875 0.5 0.639147803125 0.48 0.6085219703125 0.46166666718749994 0.57656458125 0.4716666671875 0.6005326234374999 0.5233333328125 0.6085219703125 0.53 0.6258322234375 0.5349999999999999
0 0.6924101203124999 0.44333333281250004 0.69640479375 0.4783333328125 0.7070572562499999 0.465 0.748335553125 0.38 0.73635153125 0.37 0.719041278125 0.3933333328125 0.7097203734375 0.42000000000000004 0.6924101203124999 0.44333333281250004
0 0.43941411406249997 0.48333333281249996 0.4087882828125 0.4783333328125 0.37283621875 0.48666666718749996 0.4087882828125 0.5033333328125 0.4181091875 0.4916666671875 0.43941411406249997 0.48333333281249996
0 0.4540612515625 0.4533333328125 0.4740346203125 0.4583333328125 0.4886817578125 0.44000000000000006 0.4540612515625 0.4533333328125
0 0.509986684375 0.48 0.539280959375 0.47000000000000003 0.5379494015625 0.44333333281250004 0.475366178125 0.45999999999999996 0.47003994687499995 0.47000000000000003 0.4766977359375 0.4783333328125 0.509986684375 0.48
0 0.5272969375 0.495 0.49400798906250004 0.5016666671875 0.45805592500000003 0.515 0.48335552656249997 0.52 0.509986684375 0.5133333328125 0.5272969375 0.495
0 0.30758987968749996 0.6283333328125 0.32223701718750003 0.6266666671875 0.3102529953125 0.6033333328125 0.3169107859375 0.5900000000000001 0.32223701718750003 0.575 0.306258321875 0.5666666671875 0.29294274374999996 0.5650000000000001 0.295605859375 0.5883333328125 0.298268975 0.6033333328125 0.30758987968749996 0.6283333328125
0 0.3395472703125 0.6616666671875 0.35286285 0.6416666671875 0.35818908125000004 0.63 0.3448735015625 0.6166666671875001 0.32889480625 0.6233333328125 0.3129161125 0.6366666671875 0.3049267640625 0.65 0.3115845546875 0.6616666671875 0.335552596875 0.6766666671875 0.3395472703125 0.6616666671875
0 0.42743009374999996 0.6716666671875 0.43808255625000003 0.6583333328125 0.41544607187500004 0.6599999999999999 0.3888149140625 0.6616666671875 0.3941411453125 0.6733333328125 0.407456725 0.6783333328125 0.42743009374999996 0.6716666671875
0 0.3888149140625 0.54 0.3715046609375 0.5416666671875 0.348868175 0.5533333328125 0.3688415453125 0.5566666671875 0.38348868125 0.5533333328125 0.3888149140625 0.54
0 0.49800266249999997 0.6316666671875 0.5033288953125 0.6216666671875 0.480692409375 0.63 0.4540612515625 0.6333333328124999 0.4221038609375 0.6316666671875 0.400798934375 0.6333333328124999 0.375499334375 0.6383333328125 0.4287616515625 0.6433333328125 0.4740346203125 0.64 0.49800266249999997 0.6316666671875
1 0.8868175765625 0.25666666718750003 0.8988015984375 0.22833333281249998 0.8894806921875 0.215 0.8495339546875 0.24 0.8548601859374999 0.25166666718749997 0.8708388812500001 0.26 0.8868175765625 0.25666666718750003
1 0.9161118515625001 0.3166666671875 0.9147802921875 0.2983333328125 0.9001331562500001 0.3 0.9041278296874999 0.315 0.9094540609375 0.33166666718750004 0.9161118515625001 0.3166666671875
1 0.7896138484375 0.2616666671875 0.7496671109374999 0.27 0.7323568578125 0.28500000000000003 0.7416777625 0.30333333281249997 0.7709720375 0.32 0.8029294281249999 0.2733333328125 0.8149134484375 0.25166666718749997 0.7896138484375 0.2616666671875
