1 0.709240484375 0.5006969765625 0.72215553125 0.53955575 0.738514884375 0.5777450203125001 0.76520935625 0.531186934375 0.7923881125000001 0.4871202890625 0.795617425 0.4761502734375 0.79717888125 0.447405428125 0.795565325 0.411521015625 0.795888915625 0.3856023625 0.7937910734375 0.3472265109375 0.790186071875 0.319485925 0.7843746296874999 0.28958865 0.77608745625 0.265343759375 0.7616109515625 0.2552298296875 0.750578753125 0.24444639375000002 0.730666496875 0.24314579374999998 0.710754240625 0.24184519375 0.689334825 0.2511798578125 0.67012185 0.26267120781250003 0.6570439078125 0.278141178125 0.65209244375 0.289445946875 0.655213159375 0.3146950953125 0.6443959546875 0.31421217343749996 0.6399287765625 0.32800838125 0.6371837515625 0.3414698359375 0.64251090625 0.36887567187500003 0.65714810625 0.40739969218749994 0.6764674796875 0.44242801875 0.6980475890625 0.4615034484375 0.7068733484374999 0.470130196875 0.71026335625 0.487570271875 0.709240484375 0.5006969765625
1 0.63707075625 0.5431666796875 0.6538622968750001 0.5192181312499999 0.6723759921875 0.49493482968749997 0.6812560484375 0.485451996875 0.696216840625 0.49805736562499997 0.7021368781249999 0.49173547656250005 0.6970247171875 0.47463015000000003 0.6872303859375 0.461020525 0.677436053125 0.44741089843750004 0.6627445546875 0.42699645625000004 0.6505287875 0.4009296328125 0.6405194609375 0.3770194953125 0.6344387265625 0.35493129218749997 0.6260972546875 0.3487959828125 0.61183574375 0.34898256562499996 0.609844296875 0.3571263890625 0.5977892265625 0.35946965625 0.5877256015625 0.35366910156250003 0.583258425 0.367465309375 0.5809976859375 0.3834182046875 0.5945056171875 0.38854925625000003 0.5952048984375 0.40134120624999997 0.5892848609375 0.4076630953125 0.5818576640625001 0.4246202484375 0.581803365625 0.44272982968749997 0.5898212468749999 0.4747837921875 0.6032748781249999 0.49802442343750003 0.6160292296875001 0.5084731078125 0.6236171234375 0.519926046875 0.6225942515625 0.53305275 0.6157056390625 0.5343917609375 0.6129606140625 0.547853215625 0.61462846875 0.5656280453125 0.622754946875 0.5614628421875001 0.63707075625 0.5431666796875
1 0.8035832062500001 0.4435749765625 0.8053596578125 0.4251306421875 0.8110647015625 0.4085082421875 0.81773831875 0.3968687203125 0.8118725796874999 0.3850810296875 0.8060068390625 0.3732933359375 0.8124111640624999 0.3694628859375 0.8225290875000001 0.357153859375 0.8348534531249999 0.3470015203125 0.840289203125 0.338188190625 0.8422806484375001 0.3300443671875 0.8388906421875 0.3126042890625 0.8359849203125 0.2976556515625 0.8301191812500001 0.2858679609375 0.8203248484375001 0.2722583328125 0.806601921875 0.2568267734375 0.807140509375 0.2412086296875 0.7965925953124999 0.232916634375 0.7924490078125 0.220794190625 0.7826003781249999 0.2252941453125 0.7786174859375 0.2415817921875 0.7749038875 0.25006036875 0.7746345953125 0.257869440625 0.7782938953125 0.267500446875 0.7863117765625 0.2995544078125 0.7923382125 0.33975219375 0.79578031875 0.4218215265625 0.795726021875 0.43993110937499996 0.8035832062500001 0.4435749765625
1 0.10708423281249999 0.41865499218749996 0.0970206078125 0.4128544359375 0.09142415937500001 0.393257671875 0.07963838125 0.38779186875 0.06833689062500001 0.38481750625 0.0616632734375 0.3964570265625 0.0647839890625 0.421706175 0.07237188125 0.4331591140625 0.09890345625 0.440929775 0.11929999843750001 0.444721815625 0.1232828890625 0.42843416718749994 0.10708423281249999 0.41865499218749996
0 0.85390573125 0.3071000765625 0.8403435015625 0.320078609375 0.8417963625 0.3275529265625 0.8548743046875 0.31208295625 0.85390573125 0.3071000765625
0 0.795891115625 0.3028635234375 0.795621821875 0.31067259375 0.808699765625 0.2952026234375 0.824253440625 0.27408026875 0.8232848671875 0.2690973890625 0.8089690578125 0.287393553125 0.795891115625 0.3028635234375
0 0.808430471875 0.30301169375 0.8098833328125 0.3104860140625 0.8182791046875 0.2985117390625 0.8301191812500001 0.2858679609375 0.8325949125 0.280215575 0.82027055 0.290367915625 0.808430471875 0.30301169375
0 0.8411513796874999 0.29665139375 0.83469275625 0.3185914265625 0.8381370625000001 0.317921921875 0.84335781875 0.29880808124999997 0.8411513796874999 0.29665139375
0 0.7894302921875 0.4075423953125 0.76058368125 0.43383421093749996 0.7654808484375 0.440639025 0.79212101875 0.41219052187500005 0.7894302921875 0.4075423953125
0 0.7374421124999999 0.44350362656250003 0.7371728203125001 0.4513127 0.7608529749999999 0.426025140625 0.7909374515625001 0.39690713125 0.788246725 0.39225900468749997 0.7628444203125 0.417881315625 0.7374421124999999 0.44350362656250003
0 0.573615990625 0.7132211328125 0.6285641890625 0.67409895625 0.6143026796875 0.6742855390625 0.5687188234375 0.7064163203125 0.5278171421875 0.7350514046875001 0.4989705296875 0.761343221875 0.464742465625 0.778338784375 0.4666796125 0.78830454375 0.4974633703125 0.771978484375 0.5327143078125001 0.7418562171875 0.573615990625 0.7132211328125
0 0.5511825015625 0.4047271421875 0.5585554 0.405879571875 0.5805134 0.380926765625 0.600964240625 0.3666092234375 0.6029556859375 0.3584653984375 0.5884248828125 0.36646105156250003 0.5511825015625 0.4047271421875
0 0.622487853125 0.486533075 0.6464373 0.4534364453125 0.6619909749999999 0.4323140890625 0.6575780953125 0.4280007140625 0.6336286484375 0.4610973453125 0.5961169749999999 0.50717250625 0.57711899375 0.5289643671875 0.5490259609375 0.5499385515624999 0.5551609921875 0.5539171734375 0.576096121875 0.5420910703125 0.586967625 0.5244644125 0.622487853125 0.486533075
0 0.5470910140624999 0.4572339546875 0.5564553578125 0.450242559375 0.5870241218750001 0.423615990625 0.5855712609375 0.416141671875 0.552042478125 0.4459291859375 0.5256715984375 0.46656861875000005 0.5470910140624999 0.4572339546875
0 0.5294328968750001 0.6881969765625 0.5338457765625 0.6925103499999999 0.5375050765625 0.7021413562500001 0.5409493828125 0.7014718515625 0.5372900828125 0.6918408453125 0.53459935625 0.68719271875 0.5343843625 0.6768922078124999 0.5294328968750001 0.6881969765625
0 0.5667816765625 0.6964505609375 0.569257409375 0.6907981765625 0.5636066640624999 0.689310996875 0.553488740625 0.7016200234375 0.5394422249999999 0.7121071140625 0.5438551031250001 0.7164204890625 0.5495058484374999 0.71790766875 0.5529501546875 0.7172381640625 0.5502594281250001 0.7125900374999999 0.5603773515625 0.7002810125 0.5667816765625 0.6964505609375
0 0.6253370765625 0.602330134375 0.615703440625 0.6171306000000001 0.6218384734375 0.6211092203125 0.63023424375 0.609134946875 0.6253370765625 0.602330134375
0 0.639704984375 0.6486632265625001 0.6340542390625 0.6471760453125001 0.624850590625 0.6825775328125 0.6309856234375 0.6865561546875 0.639704984375 0.6486632265625001
0 0.6378764343750001 0.6024783046875 0.6343778296875 0.6212573906250001 0.6395442890624999 0.6202531328124999 0.6425586062499999 0.5989826078125 0.6378764343750001 0.6024783046875
0 0.07640907031250001 0.398761884375 0.065861159375 0.39046989062500004 0.0638697125 0.3986137125 0.076139778125 0.40657095625000006 0.07640907031250001 0.398761884375
0 0.6190413484375 0.56994141875 0.644013665625 0.5237180875 0.67958819375 0.46767716562499995 0.6768974671875 0.46302904062500005 0.6507415812499999 0.4939689828125 0.606286996875 0.5594927375000001 0.6190413484375 0.56994141875
0 0.7308726937500001 0.5844016625 0.7219926359375 0.5938844984375 0.7310333890625 0.6128117546875 0.7340477078125 0.5915412296875 0.7308726937500001 0.5844016625
