1 0.5071918484375 0.7847895078125 0.5244963312500001 0.794265865625 0.53657971875 0.804476 0.5465945 0.812595190625 0.554540678125 0.818623434375 0.5638989828125001 0.8220715468750001 0.5736847 0.8159329171874999 0.59108835625 0.8134869921875 0.6129574609375 0.817558496875 0.630032878125 0.812777034375 0.6367652765625 0.7975408453124999 0.642085546875 0.7848847859375 0.6521995031250001 0.7810816921875 0.6561076453125 0.7710057640625 0.6424822406249999 0.7371956578125001 0.6371312515625001 0.7117493328125 0.6188420531250001 0.6952663625 0.599140728125 0.681363521875 0.5775998625 0.6796275546875 0.5543186328124999 0.67813618125 0.529396209375 0.6649671171875 0.5040463749999999 0.661384796875 0.48316198593750004 0.66431990625 0.467399521875 0.6784435203125 0.44999586562499994 0.6808894453125001 0.45741545781250004 0.708426715625 0.46667458906250003 0.7237971109375 0.47517807031250003 0.7464187124999999 0.48509368124999996 0.766460184375 0.49543670000000006 0.7769149109375 0.5071918484375 0.7847895078125
0 0.3908918875 0.6391809234375 0.38120534375 0.6333972718750001 0.37467129374999997 0.6247888968749999 0.36531298749999996 0.6213407828124999 0.3607483671875 0.6267456359375 0.3669541796875 0.6330184734375 0.3710913890625 0.6372003640624999 0.378709328125 0.6408930703125 0.38458690156249997 0.64483036875 0.395357334375 0.6456983515625 0.3908918875 0.6391809234375
0 0.417554675 0.65210539375 0.41026497500000003 0.6507482265625 0.39949454218749997 0.6498802421875001 0.44313357656249996 0.6699455328125 0.4583694546875 0.6773309453125 0.455644375 0.6705689234375 0.44562959218750003 0.6624497359375 0.43453092031249996 0.6592462140625 0.42658474375 0.6532179703125001 0.417554675 0.65210539375
0 0.4008074953125 0.6592223953125 0.40527294375 0.6657398234375 0.41876845625000003 0.6733698265625 0.455774265625 0.6967490265625 0.44543124531249995 0.6862942984375 0.42779852343749997 0.6744824031250001 0.41190616718750006 0.662425915625 0.4008074953125 0.6592223953125
0 0.39755582968750003 0.6739693984375 0.40343340312500003 0.6779066968749999 0.412791709375 0.6813548109374999 0.4083262625 0.6748373812499999 0.4024486890625 0.670900084375 0.39167825624999997 0.6700321015624999 0.39755582968750003 0.6739693984375
0 0.44076745156249997 0.703621434375 0.4328212734375 0.6975931890625 0.421722603125 0.69438966875 0.40996745468749995 0.6865150718749999 0.40060915 0.6830669578124999 0.40159386562500005 0.690073571875 0.40714320156249995 0.69167533125 0.413020775 0.6956126312500001 0.4188983484375 0.6995499296875 0.42999701874999996 0.70275345 0.4358745921875 0.7066907484375 0.44076745156249997 0.703621434375
0 0.42579135625 0.748596225 0.4108837140625 0.74354635 0.41741776562500005 0.752154725 0.4358061375 0.7567154140625 0.42579135625 0.748596225
0 0.4576445234375 0.7226845359375 0.4649342234375 0.7240417046875 0.463949509375 0.717035090625 0.4556750921875 0.7086713078125 0.44937010781250003 0.714320753125 0.4576445234375 0.7226845359375
0 0.4655907015625 0.728712778125 0.45176695 0.7187472374999999 0.4472023296875 0.724152090625 0.4645068125 0.733628446875 0.4655907015625 0.728712778125
0 0.45754535 0.7346068171875 0.452324253125 0.7353405937499999 0.45678969843750006 0.7418580234375 0.46473587812500006 0.7478862671875001 0.4702852125 0.749488028125 0.46930049687500003 0.7424814140625 0.463422925 0.738544115625 0.45754535 0.7346068171875
0 0.5015433390624999 0.795110028125 0.49468104999999996 0.7841661171875 0.48607839531249997 0.7734667984375 0.4785596296875 0.757851809375 0.47343770625000003 0.7466633046875 0.46680448124999996 0.7499772124999999 0.4695295625 0.756739234375 0.47432324843749996 0.7655922000000001 0.4791169328125 0.7744451671875 0.4897881921875 0.78723543125 0.508077390625 0.803718403125 0.5015433390624999 0.795110028125
0 0.5745017875 0.8848864781250001 0.562647465625 0.8889341640625 0.57647121875 0.8988997062499999 0.6008363375 0.8954754125 0.619652121875 0.8904493562500001 0.6078969734374999 0.882574759375 0.595386175 0.88195136875 0.58146325 0.8839081078125 0.5745017875 0.8848864781250001
1 0.45081997031250004 0.6236135734375 0.445369809375 0.61008953125 0.44166001250000003 0.596320896875 0.4330573578125 0.5856215765624999 0.424126465625 0.57258671875 0.4039977265625 0.568270621875 0.38823526249999996 0.5823942359375 0.39401366250000003 0.5982538171875 0.4018606671875 0.6162043421875001 0.42264588124999997 0.6251915140625 0.42885169375 0.6314643515625 0.443102859375 0.63184315 0.45081997031250004 0.6236135734375
0 0.6545963453125 0.7855081765625 0.653283390625 0.776166025 0.6487187703124999 0.7815708781249999 0.6493752484375 0.786241953125 0.6545963453125 0.7855081765625
0 0.5124506828125 0.6959286812500001 0.5114659671874999 0.6889220671875 0.5062448703125 0.6896558453125 0.5054892203125 0.6969070515625 0.5124506828125 0.6959286812500001
