0 0.7857417640625 0.5077018609375 0.7896806875 0.5027046687500001 0.791693471875 0.49589577656249995 0.7850926140625 0.494908359375 0.7815215890625 0.501992009375 0.7857417640625 0.5077018609375
0 0.7352076125 0.46713186249999994 0.7467644453125 0.4780020453125 0.750984621875 0.48371189843750007 0.7610698578124999 0.48623625312499996 0.7691423125 0.49556950000000005 0.7746394765625 0.49029754687500005 0.7782104999999999 0.4832138953125 0.7771068046875 0.4769545234375 0.77087384375 0.4780535625 0.76665366875 0.4723437125 0.76124315 0.46899507656250006 0.7542743921875 0.4659212015625 0.74611529375 0.46520854375000004 0.740704775 0.4618599078125 0.7337360171875 0.458786034375 0.7352076125 0.46713186249999994
0 0.768599746875 0.665620046875 0.7751139609375 0.675228053125 0.7723653781250001 0.6778640296875 0.7665003171875 0.6810495265625 0.7571508765625 0.6826980859375 0.7474335375 0.6822601859375 0.743126715625 0.6851709234375 0.732219034375 0.6870942421875 0.73295483125 0.6912671546875 0.742672171875 0.691705053125 0.750463371875 0.6903312546875 0.7601807109375 0.690769153125 0.76485543125 0.6899448734375 0.771456290625 0.6909322921875 0.7757631109375 0.6880215546875 0.7800699343749999 0.68511081875 0.788315678125 0.6772028890625 0.7906963609375001 0.6724804546875001 0.7918000578125 0.6787398265625 0.7913455140625001 0.68527395625 0.792449209375 0.6915333296874999 0.791994665625 0.6980674609374999 0.7930983609375 0.7043268312500001 0.7963881328125 0.6865361359375 0.796474778125 0.677915546875 0.796929321875 0.671381415625 0.7954577281249999 0.6630355875 0.7955443734375 0.654415 0.796366815625 0.649967325 0.7980117015625 0.6410719765625 0.802318521875 0.638161240625 0.8062574453125 0.6331640484375 0.8121225078125001 0.6299785499999999 0.8148710875 0.627342575 0.817533025 0.6333271859375 0.8193725187500001 0.6437594718749999 0.821385303125 0.63695058125 0.82028160625 0.6306912109375 0.8203682515624999 0.6220706218750001 0.8165159750000001 0.6184472265625 0.809460571875 0.623993940625 0.80515375 0.6269046765625 0.7989207890625 0.628003715625 0.7895713484375 0.6296522734375001 0.7834250328125 0.622130725 0.77370769375 0.6216928265624999 0.77243070625 0.63267463125 0.767669340625 0.6421195 0.76795059375 0.6528265453125 0.7655699125 0.657548978125 0.768599746875 0.665620046875
0 0.6014575203125 0.619795265625 0.59632825625 0.6271536765625 0.59816775 0.6375859625 0.5945967265625 0.6446696125 0.5882771203125 0.6543892390625 0.5847060953125001 0.661472890625 0.583429109375 0.6724546953125 0.5833424640625 0.681075284375 0.5848140578125001 0.6894211109375 0.5874759953125 0.6954057234375 0.590592475 0.6948562046875 0.5918694609374999 0.6838744 0.5938822453125 0.6770655078125001 0.5958950296875 0.6702566171875 0.60056975 0.6694323390625 0.5985569671875 0.676241228125 0.6008510046875 0.680139384375 0.6055257234375 0.6793151046875 0.6079064062499999 0.6745926703125 0.6122132296875 0.6716819328125 0.617255846875 0.6729441109375001 0.620372328125 0.6723945921875 0.6277956296875 0.6689343359375 0.6347643875 0.6720082125 0.6371450703125 0.6672857765625 0.6348510328125 0.6633876234375 0.6306308578125 0.6576777703125 0.6291592625 0.6493319421875 0.62961380625 0.6427978125 0.6277743124999999 0.6323655265625 0.6266706171875 0.6261061546875 0.6200697578125001 0.6251187375 0.6142046953125 0.6283042328125 0.609529975 0.6291285125 0.6080583796875 0.6207826843750001 0.6076904812499999 0.6186962265625 0.6014575203125 0.619795265625
0 0.5805938828125 0.6837112609375 0.5782998453125 0.6798131046875 0.5782131984375 0.68843369375 0.581243034375 0.6965047625 0.5827146296875 0.7048505921875 0.5853765656250001 0.7108352015625 0.59152288125 0.7183567515625 0.5937302734375 0.7308754937499999 0.6002444859375 0.7404835000000001 0.605200459375 0.7503662656250001 0.6086848390624999 0.7519032046875 0.6137274578125 0.7531653828125 0.61500444375 0.7421835765625 0.61857546875 0.7350999265625 0.615545634375 0.72702885625 0.6125157984375 0.7189577890625001 0.6044433453125 0.7096245437500001 0.5939902078125 0.7050137296875 0.586285653125 0.697766940625 0.5805938828125 0.6837112609375
1 0.38704822031249997 0.6339368078125001 0.4103578703125 0.5201089796875 0.3773322578125 0.47860308125 0.3076446796875 0.4478643296875 0.3465126609375 0.6045117515625 0.38704822031249997 0.6339368078125001
0 0.5604020890625 0.6420937390625 0.5686478328125 0.634185809375 0.5772614765624999 0.6283643359375 0.5893595 0.6240798 0.5851393234375 0.6183699500000001 0.5762444265625 0.6134843765625 0.5715697046875 0.61430865625 0.5540611656250001 0.61524455625 0.544711725 0.616893115625 0.540772803125 0.6218903078125 0.54618331875 0.62523894375 0.547287015625 0.631498315625 0.5515071921875 0.6372081671875 0.5467458265625 0.646653034375 0.5604020890625 0.6420937390625
0 0.527139234375 0.5081225859375 0.5181576906250001 0.5118576015625 0.5114701875 0.5194907718749999 0.5001079625 0.527948221875 0.505886378125 0.5333833125 0.5156903640625 0.525200625 0.5227457671875 0.5196539109375 0.52824293125 0.5143819578125 0.527139234375 0.5081225859375
0 0.758493190625 0.62652688125 0.750701990625 0.6279006796875 0.7463085234375 0.6394320046875 0.75007415625 0.6516759890625 0.7522815484375001 0.6641947312500001 0.755852571875 0.6571110796874999 0.7543809765625 0.6487652515625 0.752173584375 0.636246509375 0.758493190625 0.62652688125
0 0.6759931109374999 0.6324685609375 0.6888269296875 0.632356940625 0.7004704078125 0.6346065359375 0.7062488250000001 0.640041628125 0.7132175828125 0.643115503125 0.7221124796875 0.6480010765625 0.7223937328125001 0.6587081218749999 0.730184934375 0.657334321875 0.7376082359375 0.6538740671875 0.7333880578125 0.6481642140625 0.72724174375 0.6406426656249999 0.716052809375 0.6318589375 0.7106422921875 0.628510303125 0.6943240921875 0.6270849859375 0.681490275 0.6271966078125 0.6717729343750001 0.626758709375 0.6759931109374999 0.6324685609375
1 0.57721884375 0.5552267171875 0.5796861703125 0.54188369375 0.578214575 0.5335378656249999 0.569687578125 0.5307387515624999 0.55988359375 0.538921440625 0.55081540625 0.5512770453125 0.54953841875 0.56225885 0.5455128515625 0.57587663125 0.5391066 0.5942168484375 0.5355355765625001 0.601300496875 0.535816828125 0.6120075421875 0.5474603078125 0.6142571390625 0.564968846875 0.6133212390625 0.5828452859375 0.6144717953125001 0.592562625 0.6149096921874999 0.6050285453125 0.6127116140625 0.6098765562499999 0.594646159375 0.618208946875 0.578117640625 0.6276450328125 0.5678484953125 0.6369944734375 0.5661999359375 0.6242473000000001 0.5576909703124999 0.6111322265625 0.54709554375 0.5971947109375 0.54094779375 0.586654928125 0.5449575703125 0.58373305625 0.5648347234375 0.5836464109375 0.5734553109375 0.5775000953125 0.5659337625 0.57721884375 0.5552267171875
0 0.7238213171875 0.74881215625 0.7141039765625 0.748374259375 0.707871015625 0.7494732984375 0.700079815625 0.7508470968750001 0.699625271875 0.7573812281250001 0.70622613125 0.7583686453125 0.7112687484375 0.7596308234375 0.7171338109375001 0.756445328125 0.7238213171875 0.74881215625
0 0.63106270625 0.7694706578125 0.6350016296875001 0.7644734640624999 0.619873771875 0.76068693125 0.612082571875 0.76206073125 0.6035555734375 0.7592616140625 0.5976905125 0.762447109375 0.6050271687500001 0.7676074421875 0.611628028125 0.7685948609375 0.621713265625 0.7711192171875 0.63106270625 0.7694706578125
