0 0.3636363640625 0.35597189687499997 0.3548951046875 0.3489461359375 0.3479020984375 0.34426229531249997 0.34965035 0.3489461359375 0.3583916078125 0.35597189687499997 0.3636363640625 0.35597189687499997
0 0.19580419531249998 0.40281030468749995 0.20104895156249997 0.40281030468749995 0.20104895156249997 0.3934426234375 0.1993007 0.3793911 0.19580419531249998 0.365339578125 0.19405594375 0.35597189687499997 0.19055944062500002 0.37002341875 0.19405594375 0.3840749421875 0.19580419531249998 0.40281030468749995
0 0.4388111890625 0.50351288125 0.44230769218750005 0.491803278125 0.4458041953125 0.47540983593749997 0.44230769218750005 0.4613583140625 0.4370629375 0.4707259953125 0.4353146859375 0.4871194375 0.4388111890625 0.50351288125
0 0.328671328125 0.34426229531249997 0.3321678328125 0.3348946140625 0.328671328125 0.32786885312499997 0.321678321875 0.341920375 0.321678321875 0.35128805625 0.328671328125 0.34426229531249997
0 0.328671328125 0.3840749421875 0.33391608437500003 0.374707259375 0.3304195796875 0.365339578125 0.321678321875 0.3629976578125 0.321678321875 0.3770491796875 0.321678321875 0.3864168625 0.328671328125 0.3840749421875
0 0.258741259375 0.4121779859375 0.246503496875 0.3864168625 0.2447552453125 0.3887587828125 0.25524475468749996 0.428571428125 0.258741259375 0.43325526875 0.26923076875 0.43091334843749995 0.258741259375 0.4121779859375
0 0.3321678328125 0.444964871875 0.34440559375 0.4566744734375 0.3548951046875 0.4707259953125 0.360139859375 0.468384075 0.353146853125 0.4566744734375 0.34440559375 0.4426229515625 0.33741258749999997 0.43793910937499997 0.3304195796875 0.43091334843749995 0.321678321875 0.428571428125 0.30594405625 0.4238875875 0.302447553125 0.43091334843749995 0.29545454531250004 0.44730679218749997 0.302447553125 0.4402810296875 0.3146853140625 0.4355971890625 0.32342657343750003 0.43793910937499997 0.3321678328125 0.444964871875
1 0.19055944062500002 0.3629976578125 0.246503496875 0.3934426234375 0.284965034375 0.47540983593749997 0.30594405625 0.4238875875 0.3321678328125 0.43091334843749995 0.3391608390625 0.374707259375 0.32342657343750003 0.341920375 0.297202796875 0.32318501093749996 0.23601398593749998 0.31615925 0.20804195781249998 0.26229508125 0.197552446875 0.283372365625 0.1888111890625 0.3138173296875 0.19055944062500002 0.3629976578125
1 0.127622378125 0.35597189687499997 0.1293706296875 0.4168618265625 0.13986014062500002 0.43325526875 0.1486013984375 0.3934426234375 0.14160839218750002 0.3583138171875 0.14335664374999998 0.31147540937499996 0.1381118875 0.283372365625 0.1293706296875 0.2599531609375 0.12412587343749999 0.278688525 0.12237762187500001 0.30210772812500003 0.12412587343749999 0.3302107734375 0.127622378125 0.35597189687499997
1 0.134615384375 0.2271662765625 0.134615384375 0.20843091406249997 0.12587412656250002 0.2224824359375 0.12412587343749999 0.229508196875 0.13111888124999999 0.2365339578125 0.134615384375 0.2271662765625
1 0.28146853125 0.5737704921875 0.2884615390625 0.5737704921875 0.2884615390625 0.562060890625 0.2867132859375 0.545667446875 0.2762237765625 0.5386416859375001 0.27272727343750003 0.562060890625 0.2762237765625 0.5714285718750001 0.28146853125 0.5737704921875
