0 0.4603209296875 0.670703165625 0.4641182828125 0.678142253125 0.468286146875 0.690723803125 0.46902716875 0.70100873125 0.474144371875 0.7154500546875 0.477941725 0.722889140625 0.4771196046875 0.7058204031249999 0.47600807187500005 0.6903930109374999 0.4740282984375 0.6798896562500001 0.4716780140625 0.6642438390625001 0.46751014843750005 0.6516622875 0.46189521562499997 0.64728746875 0.45834115625000005 0.6601998124999999 0.4603209296875 0.670703165625
1 0.236798659375 0.3012765109375 0.180313803125 0.281162440625 0.1267484515625 0.50526554375 0.185456375 0.5562344 0.236798659375 0.3012765109375
0 0.3152708859375 0.6095869984375 0.3175400734375 0.61844900625 0.3235716375 0.6059735125 0.3271256984375 0.59306116875 0.3295221046875 0.5867142078125 0.3359241796875 0.579381178125 0.3420368421875 0.5736894953125 0.34872833281250004 0.5647151187499999 0.3559986484375 0.55245805 0.34980488906249996 0.5513659234375 0.343032303125 0.5535564890625 0.33663022656249997 0.56088951875 0.3317563171875 0.566799628125 0.32783174531250003 0.5745695078125 0.3199826 0.59010926875 0.3170073671875 0.599738921875 0.3152708859375 0.6095869984375
1 0.2569892015625 0.30991378125 0.226009259375 0.35522251250000003 0.20885275625 0.44527813125 0.2054036234375 0.5445202390625 0.2917345984375 0.605436915625 0.332508484375 0.526315190625 0.374810534375 0.44577054218749995 0.40757308124999997 0.36862095781250004 0.2569892015625 0.30991378125
0 0.27418375625 0.6108041171874999 0.2730261015625 0.617369503125 0.2728177859375 0.625794659375 0.27260946875 0.6342198171875 0.277645575 0.641877328125 0.283839334375 0.6429694546875 0.2896625828125 0.6389191171874999 0.2836771390625 0.6294018343750001 0.2838043578125 0.6141928671875 0.28364216249999996 0.600625246875 0.2831905546875 0.588698971875 0.27757562343750003 0.5843241531250001 0.2776567203125 0.5911079625 0.277158990625 0.601174465625 0.27418375625 0.6108041171874999
1 0.48787249218750006 0.44201312968749995 0.4397122171875 0.49783152499999994 0.47731523749999993 0.5670799265625 0.5318775875 0.5039285 0.48787249218750006 0.44201312968749995
1 0.328410571875 0.5712868156249999 0.33860999999999997 0.571392871875 0.346910753125 0.5677793859375 0.3545515796875 0.5606647812500001 0.36124306875 0.5516904046875 0.3698332359375 0.546435571875 0.38003266406249997 0.5465416296875001 0.3865158375 0.5459924093749999 0.390440409375 0.5382225296875001 0.37958105625 0.5346153546875 0.37062037812500004 0.5347277234375001 0.36108087499999997 0.5381227843749999 0.3512519578125 0.5431591906250001 0.34390054375 0.54863245 0.335970303125 0.5573884 0.3289083015625 0.5612203124999999 0.328410571875 0.5712868156249999
1 0.40889446874999996 0.556707878125 0.437085203125 0.614142371875 0.4693038984375 0.5690520671875 0.42959388593750003 0.5045092796875 0.374996559375 0.5388841171875 0.40889446874999996 0.556707878125
1 0.39963169375 0.4281462734375 0.37666309062500003 0.4714828640625 0.349688815625 0.515805525 0.3234555640625 0.5704131140625 0.298831575 0.6303815921875 0.3144376203125 0.6432876249999999 0.34187464843750004 0.560121875 0.3735956125 0.525098071875 0.42216137343750004 0.503198728125 0.45788800937499996 0.46718885468750004 0.44889235625 0.43852463437500006 0.41140540937500003 0.4048366328125 0.39963169375 0.4281462734375
1 0.20828661406250001 0.578876140625 0.20902763593749998 0.58916106875 0.2227350046875 0.598347559375 0.2324367046875 0.60852011875 0.24271722968749998 0.6154099859375 0.255185846875 0.62437805 0.265176959375 0.6329092640625 0.27108130468749997 0.6356427359375 0.28251948437499996 0.6359672203125 0.2864440578125 0.6281973375 0.29094745624999996 0.617144765625 0.291653503125 0.59865310625 0.2939688109375 0.5855223359374999 0.28893270625 0.5778648234375 0.2817896078125 0.5749129265625 0.271798496875 0.5663817124999999 0.2593298796875 0.557413646875 0.2468612625 0.548445584375 0.2310469015625 0.5439647078125 0.2217968125 0.545718421875 0.216344075 0.5549112234375 0.21213008906250003 0.5643224499999999 0.20828661406250001 0.578876140625
0 0.21153857812500002 0.43728982343749995 0.22954102656250003 0.4438488984375 0.23528317968749998 0.43301475 0.21385388593750002 0.4241590546875 0.21153857812500002 0.43728982343749995
1 0.200712659375 0.2813745546875 0.19509772812499998 0.27699973437500003 0.1851877140625 0.27525233125000004 0.18213138281250002 0.2780981734375 0.177546884375 0.2823669359375 0.1776279828125 0.2891507453125 0.183242915625 0.293525565625 0.1876190953125 0.297681959375 0.19666086875 0.3043534015625 0.1985595453125 0.30807294375 0.203225140625 0.3105879921875 0.204834403125 0.31594888125 0.20346843125 0.3309394234375 0.20049319843750002 0.3405690765625 0.1980967921875 0.3469160359375 0.1962792125 0.349980303125 0.2031328984375 0.354573546875 0.21056540781250002 0.3558840984375 0.21799792031249998 0.3571946515625 0.22382116875000002 0.3531443140625 0.22927390625 0.3439515125 0.23377730468750002 0.332898940625 0.2352243734375 0.32469220781249997 0.23113760625 0.31889446875 0.22894951562500002 0.316816271875 0.222385246875 0.31058168125 0.2152421484375 0.3076297828125 0.2148716375 0.30248731875 0.2135517890625 0.29548508125 0.209465021875 0.289687340625 0.200712659375 0.2813745546875
0 0.22598696718750003 0.4567612421875 0.22801286250000002 0.44527181875000005 0.21496541875 0.43958644687500004 0.2132289375 0.44943452500000003 0.22598696718750003 0.4567612421875
0 0.183498890625 0.44419231562499994 0.1872962453125 0.45163140156250003 0.190804184375 0.46071183437499996 0.1887782890625 0.47220125937499996 0.19286505625 0.4779989984375 0.19294615312500002 0.48478280781249994 0.1917884984375 0.49134819375000005 0.19129076875 0.5014146968750001 0.191371865625 0.5081985078125 0.1902142109375 0.5147638921875 0.1884777296875 0.52461196875 0.1882694140625 0.5330371265625 0.1962807515625 0.5310649859375001 0.198966571875 0.52307668125 0.20281004687499998 0.5085229890625 0.20459265000000001 0.476682134375 0.20595862031249998 0.4616915921875 0.20798451562500003 0.45020216875 0.20906107343749997 0.43685297343749996 0.21108696875000002 0.42536355 0.204893209375 0.42427142343749996 0.202786215625 0.4289770375 0.19630304375000002 0.42952625468749994 0.1898198703125 0.43007547500000004 0.1811486078125 0.428546496875 0.1778028625 0.43303368593749997 0.176934621875 0.43795772499999996 0.183498890625 0.44419231562499994
0 0.23338604218749998 0.610379890625 0.2611712890625 0.6338953328125 0.26575578593750004 0.6296265703125 0.2658830046875 0.6144176031249999 0.2589482234375 0.6030405484375 0.239209290625 0.6063295531249999 0.23338604218749998 0.610379890625
0 0.21134140625 0.394945615625 0.21278847500000003 0.38673888437500004 0.21423554218750002 0.378532153125 0.21634253593750002 0.373826540625 0.21873894218749998 0.3674795796875 0.209280534375 0.3776584515625 0.207544053125 0.3875065296875 0.20675691093749998 0.3992143796875 0.205680353125 0.4125635734375 0.2076601265625 0.423066928125 0.21282345 0.41551547343750006 0.2105542640625 0.4066534640625 0.21134140625 0.394945615625
0 0.2445459546875 0.561576353125 0.238016659375 0.58411835 0.2523028546875 0.5900221484375 0.262050675 0.5782019296875001 0.2575123 0.560477915625 0.2445459546875 0.561576353125
0 0.2751330953125 0.6126638890625 0.27517921562500003 0.5906711109375 0.2646903734375 0.5922064015624999 0.26137960625 0.6254701765624999 0.2682332890625 0.630063421875 0.2751330953125 0.6126638890625
0 0.28265785 0.5699888875 0.285795278125 0.5739268546875 0.291410209375 0.5783016734374999 0.2941771265625 0.5770971796875 0.28885160781249997 0.5710810140625 0.285135353125 0.5704257375 0.282866165625 0.5615637296875 0.280596978125 0.552701721875 0.2786172046875 0.54219836875 0.2748198515625 0.53475928125 0.269783746875 0.527101771875 0.26635690312500004 0.5248051484375 0.264539325 0.5278694140625 0.2673873390625 0.5334487296875 0.269286015625 0.5371682734375 0.2721340296875 0.5427475890625 0.27535255625 0.5534693671875 0.2776217453125 0.5623313750000001 0.28265785 0.5699888875
0 0.3104780734375 0.6222809171875 0.31943875 0.62216855 0.32654687187500003 0.596343859375 0.337741759375 0.5763169109375 0.34806840625 0.5612140015625 0.3553387234375 0.54895693125 0.33923495 0.5461174015625 0.3114735328125 0.6021479109375 0.3104780734375 0.6222809171875
0 0.26923989375 0.5591610499999999 0.27105747343750003 0.556096784375 0.26668129375 0.551940390625 0.25763952031250004 0.5452689484375 0.2520245875 0.5408941281249999 0.24859774531249998 0.53859750625 0.2395559703125 0.5319260640625 0.23088470781249998 0.5303970875 0.2215535203125 0.525366990625 0.22316278281250002 0.5307278796875 0.2275389625 0.534884275 0.2371595640625 0.5382730234374999 0.24525199999999997 0.5430846953125 0.255821940625 0.548333215625 0.26114745781250004 0.55434938125 0.26923989375 0.5591610499999999
0 0.24660682656250002 0.57886351875 0.2491654265625 0.586084178125 0.25288168125 0.5867394546875 0.254988675 0.5820338406250001 0.25577581718750003 0.5703259921875 0.2554053078125 0.5651835281250001 0.2488410359375 0.5589489375000001 0.2404591875 0.5557786140625 0.231128 0.5507485187500001 0.2239849015625 0.54779661875 0.2091198796875 0.5451755140625 0.21597356250000002 0.549768759375 0.22435541250000002 0.5529390828125 0.23120909687500002 0.557532328125 0.240250871875 0.5642037703125 0.245865803125 0.5685785906249999 0.24776447968749998 0.5722981328125 0.24660682656250002 0.57886351875
0 0.274357096875 0.5736023734375 0.2877750515625 0.584430209375 0.29120189375 0.58672683125 0.291410209375 0.5783016734374999 0.285795278125 0.5739268546875 0.2789415921875 0.5693336109375 0.2711385703125 0.5628805953125 0.265813053125 0.5568644296875 0.25648186562499997 0.5518343328124999 0.248389428125 0.5470226625 0.23934765468750002 0.5403512203124999 0.23001646562500003 0.5353211265625 0.215730271875 0.529417328125 0.21886770000000003 0.533355296875 0.2279094734375 0.5400267390625 0.23724066093750001 0.545056834375 0.24847052656250002 0.5538064734375 0.2575123 0.560477915625 0.26283781875 0.56649408125 0.274357096875 0.5736023734375
