0 0.5344056265625 0.6464979796875 0.5358404421875 0.711565440625 0.5397527 0.7381810640625 0.541904521875 0.76664675625 0.5297771671875 0.7947551265625 0.522127225 0.8625416640625 0.563682596875 0.8871528546875 0.587220303125 0.867537884375 0.59730464375 0.8347483109375 0.6099752359374999 0.7872913890625 0.58991455625 0.7383840234375 0.586002296875 0.7117684015625 0.568354096875 0.6654469046875 0.5344056265625 0.6464979796875
0 0.55253129375 0.5762376312499999 0.5433377296875 0.55517221875 0.536643528125 0.5280660640625 0.5382082703125 0.5110581125 0.54757560625 0.514870309375 0.5593554203125 0.5212683734375 0.5669623203125 0.5269306390625 0.5647236125 0.5070915546875 0.5103669203125001 0.47374169843749997 0.511584121875 0.49124018124999996 0.5160396140625 0.498507253125 0.5145617578125 0.5068885953125 0.521060265625 0.51883686875 0.51708304375 0.5332589515625 0.5247118656249999 0.5713323156250001 0.5335578890625 0.6269041609375 0.548402225 0.6403240296875 0.551923096875 0.636623890625 0.5599863468749999 0.6315642109375 0.5846543671875 0.63807433125 0.5813072671875 0.6245212546875 0.583893515625 0.60985390625 0.5628332515625 0.5910170375 0.55253129375 0.5762376312499999
0 0.501912284375 0.448485615625 0.5104538046875 0.46511509218749997 0.52186415625 0.47360849062500004 0.5281669703125 0.47039888281250003 0.525102446875 0.463377078125 0.5221248109375 0.447728665625 0.5267540765625001 0.43774251875000003 0.542706803125 0.444876378125 0.5434457312500001 0.44068570781250005 0.5220160046875 0.42394417500000003 0.5280362390625 0.4142032953125 0.5336001234375 0.415184359375 0.5326655031249999 0.4042171484375 0.5085407171874999 0.3783584765625 0.50047746875 0.3834181546875 0.495848203125 0.3934043015625 0.49576131874999996 0.40203090937499997 0.4935445328125 0.4146029234375 0.49697851875000004 0.419529390625 0.4933707625 0.4318561390625 0.501260240625 0.44404967968750003 0.501912284375 0.448485615625
0 0.5068671671875 0.3715819375 0.5228198953125001 0.3787157984375 0.5254061453125 0.36404844999999997 0.5205811890625001 0.3588767140625 0.5068671671875 0.3715819375
0 0.17294795000000002 0.45961575625 0.1823372078125 0.49583905 0.1868795859375 0.4944795125 0.179163878125 0.46503275625 0.1938994046875 0.45466813593750005 0.179424534375 0.4391529328125 0.17294795000000002 0.45961575625
0 0.2027673515625 0.5426510796875 0.21322115625000002 0.5077661703125 0.224609584375 0.483848471875 0.22506593593750002 0.473126528125 0.21311235 0.48398168124999996 0.1994202515625 0.529098003125 0.2027673515625 0.5426510796875
0 0.24008243125 0.1927511796875 0.2275206484375 0.26399259218750004 0.21532832968750001 0.33313866718749996 0.2315636375 0.3468038015625 0.23886603593750003 0.31352369687500004 0.22819461406250002 0.3008396265625 0.24351641875 0.1976776484375 0.24008243125 0.1927511796875
0 0.25510134375 0.32718882968749996 0.242039365625 0.3443299890625 0.251319815625 0.3567687953125 0.26585965 0.331246290625 0.280399484375 0.30572378906250003 0.262034278125 0.2960040609375 0.25851340624999997 0.2997042015625 0.269184828125 0.3123882703125 0.262795128125 0.3242244875 0.25510134375 0.32718882968749996
0 0.3052193546875 0.2625695953125 0.2981776109375 0.269969875 0.30467611875 0.281918146875 0.2867891828125 0.293887571875 0.2892016625 0.2964734390625 0.317564325 0.282030203125 0.335364375 0.2786873859375 0.3552074390625 0.280025771875 0.35455539687500004 0.275589834375 0.3437970890625 0.271532371875 0.26457668125 0.21651451718749998 0.2567960109375 0.22810546562499998 0.268488940625 0.24313013749999998 0.2878756546875 0.25519046875 0.301133325 0.25320718750000004 0.326366503125 0.27277985312499997 0.31904218125 0.27364886093749996 0.3052193546875 0.2625695953125
0 0.3627485703125 0.18845474375 0.3467089578125 0.189947490625 0.348751971875 0.1946286953125 0.3588582359375 0.19425021874999998 0.37239848593749997 0.1987982140625 0.36981223750000003 0.21346556093750002 0.3713989015625 0.22886870781250002 0.37659332343749996 0.23194510781250002 0.3777886015625 0.21703249375000003 0.3792664578125 0.20865114999999998 0.389372721875 0.208272675 0.40393447812499994 0.21516126875000002 0.415344828125 0.22365466875 0.406651459375 0.2566895078125 0.42001793750000005 0.27849071875 0.43347130156249997 0.29166531875 0.4378179875 0.2751479 0.44179520781250003 0.26072581562499997 0.44466403593750004 0.252589740625 0.46322493593749997 0.2774673484375 0.4824378796875 0.3067808953125 0.5043458796875 0.34521158125 0.4980430671875 0.3484211890625 0.4809819453125 0.347573334375 0.4816339890625 0.352009271875 0.49202283125 0.3581620703125 0.5013901671875 0.361974265625 0.48869765468750004 0.37702009062499997 0.4875892609375 0.383306096875 0.5174297812499999 0.36048151875 0.5007162015625 0.32512723125 0.4729617359375 0.279184209375 0.4485543703125 0.246794265625 0.42962400624999997 0.224011990625 0.40680330624999994 0.20702519375 0.38565615625 0.1968149328125 0.3627485703125 0.18845474375
0 0.36185779375 0.2423097296875 0.36353134531250003 0.24908626875 0.3679868375 0.2563533375 0.3600104734375 0.2527864078125 0.338950209375 0.233949540625 0.3171510171875 0.2193033421875 0.3164120875 0.223494015625 0.3274529734375 0.23408274843750002 0.3256925375 0.23593281875 0.33775493125 0.2488621546875 0.357141646875 0.260922484375 0.372638025 0.2787782890625 0.386460853125 0.28985755625 0.405478103125 0.3040132203125 0.4227349171875 0.32001895468749997 0.4471422828125 0.3524089 0.448250675 0.34612289218750003 0.44805498125 0.3309650125 0.42892892343750005 0.293024859375 0.40202219375 0.26667565312499997 0.39191593125 0.26705412812499996 0.375963203125 0.25992026875 0.37224663750000003 0.2484625265625 0.36185779375 0.2423097296875
0 0.3338426734375 0.2222465328125 0.3341252515625 0.22877780625000002 0.33653773125 0.23136367343750003 0.3411669953125 0.22137752656249998 0.37372449531249996 0.240081184375 0.37622385937499997 0.23404044375000002 0.3710294375 0.23096404375000001 0.36787803124999996 0.23256885 0.3606405953125 0.224811246875 0.3398629078125 0.21250565156249998 0.3406018375 0.20831497968749998 0.329930415625 0.1956309109375 0.3462526078125 0.2006694359375 0.35357692812499997 0.199800428125 0.3407756078125 0.1910617625 0.32093254375 0.1897233796875 0.2982206515625 0.1965210703125 0.2793122109375 0.20614989375 0.24414653749999998 0.1697024875 0.24156028906250002 0.1843698375 0.2643809890625 0.2013566359375 0.293048153125 0.22585576875000002 0.308066259375 0.2220224203125 0.3022197953125 0.214510084375 0.30889207343749997 0.209205140625 0.3338426734375 0.2222465328125
0 0.45409633437499997 0.21536422968750002 0.4126278484375 0.18212643125 0.40836804843749996 0.1900172421875 0.45122750624999997 0.22350030625 0.45409633437499997 0.21536422968750002
0 0.2368222171875 0.17057149375 0.22047890625000002 0.27139287031250003 0.224651821875 0.2721286671875 0.24312503125 0.1673618859375 0.2368222171875 0.17057149375
0 0.1784704453125 0 0.2200428703125 0.0379839140625 0.2333874265625 0.027374026562499997 0.23114871875 0.0075349421875 0.22152046093750002 0 0.1784704453125 0
0 0.5248613 0.106855003125 0.5462910296875 0.123596534375 0.5487903937499999 0.11755579375 0.5277301296875 0.098718925 0.5248613 0.106855003125
1 0.21578468125 0.3224167234375 0.24358138125 0.1566399421875 0.209546025 0.1463176265625 0.172185490625 0.15485333125 0.1200675046875 0.141342559375 0.10020251875 0.10759307656249999 0.064124146875 0.09258955625000001 0.031980760937500005 0.274883759375 0.1474971546875 0.3924741125 0.1645801984375 0.4257330640625 0.1938994046875 0.45466813593750005 0.21578468125 0.3224167234375
1 0.2765741109375 0.2704815578125 0.24414653749999998 0.1697024875 0.226129678125 0.2637473265625 0.2174582296875 0.3291932625 0.2302814734375 0.370343025 0.244473765625 0.37932695625 0.25418864375 0.34863271875 0.27122784218749996 0.317069475 0.2765741109375 0.2704815578125
1 0.36992104375 0.2372500515625 0.3751373890625 0.2727375484375 0.40343508906250003 0.2993320171875 0.4214089078125 0.278735984375 0.42749410781249997 0.227957396875 0.3769408640625 0.1974386734375 0.36992104375 0.2372500515625
1 0.44540296562500004 0.24839906875 0.4315151734375 0.27835750937500003 0.4315370953125 0.31076860625 0.4471422828125 0.3524089 0.47878708281250004 0.392556446875 0.5146478375 0.35999098749999997 0.486980259375 0.3054213578125 0.44540296562500004 0.24839906875
1 0.2374230625 0 0.23951647031249998 0.041417634375 0.2553823125 0.057178103125000004 0.2716825828125 0.02980553125 0.2776208109375 0 0.2374230625 0
