0 0.6354970671875 0.767300853125 0.6439938781250001 0.7644123640625 0.644466278125 0.740625190625 0.6283324515625 0.73442094375 0.6281731921875 0.751386740625 0.6354970671875 0.767300853125
0 0.624893271875 0.7823458515625 0.591378428125 0.7701126406250001 0.5697888203125 0.761286471875 0.5467185125 0.7509740593750001 0.544845040625 0.7647920921875 0.5579378359375 0.7765067515624999 0.5807746328125 0.7851576390624999 0.614676871875 0.8091967984374999 0.6495185343750001 0.812771828125 0.653652871875 0.7969417125 0.624893271875 0.7823458515625
0 0.5911664203125 0.660010234375 0.5737057765625 0.6624641671875 0.562794215625 0.657220321875 0.5595196734375001 0.6610692109375 0.5656759874999999 0.66867570625 0.5761205234375 0.67059650625 0.5955288953125 0.6729518609375 0.6140032171875001 0.6686611234375001 0.6065997125 0.661229909375 0.5911664203125 0.660010234375
0 0.5170463703125 0.6212912234375 0.5081621640625 0.6123737671875 0.50169270625 0.6115886484375 0.5110439359375001 0.6238291515625 0.5196946296875 0.631085084375 0.529826025 0.639827259375 0.5419847734375 0.644895825 0.5383228359375 0.6369387671875 0.526710740625 0.6267103515625 0.5170463703125 0.6212912234375
0 0.38570413124999997 0.6278897796875 0.3464203640625 0.6198560203125 0.3542908921875 0.63061028125 0.386871690625 0.6361973984375 0.38570413124999997 0.6278897796875
0 0.3289382140625 0.7307508359375 0.35575546406249997 0.7134271859375 0.3523270390625 0.707131653125 0.30001935468749996 0.7331207765625 0.30446145625 0.737579503125 0.3289382140625 0.7307508359375
0 0.49099315312499997 0.7164472078124999 0.45295657812499995 0.70823816875 0.45513781406250003 0.71470898125 0.487952121875 0.721957621875 0.49099315312499997 0.7164472078124999
0 0.4118682171875 0.75975998125 0.3845096890625 0.7551332656249999 0.385210225 0.7601178359375 0.4113215640625 0.764919834375 0.4118682171875 0.75975998125
0 0.6302748 0.7663404546875 0.61141308125 0.7588252468750001 0.6102401453125 0.7776278484375 0.6346372734375 0.77928208125 0.6302748 0.7663404546875
0 0.609025215625 0.61514180625 0.5766779296875 0.6112162125 0.551033615625 0.6097372609375 0.5295978890625 0.6110555140625 0.531779125 0.6175263281250001 0.54199015 0.617785603125 0.5656071109374999 0.6229381640625 0.586029159375 0.6234567156249999 0.6009157984375 0.6298362421875 0.6228185468749999 0.6318410359375 0.609025215625 0.61514180625
0 0.3294267421875 0.6256330015625 0.3127462609375 0.6245886078125 0.310639278125 0.6367451156249999 0.32786641250000004 0.6326296578124999 0.3294267421875 0.6256330015625
0 0.635752084375 0.66052149375 0.6257745734375 0.6619237421874999 0.6267086203125001 0.6685698359375001 0.6381668328125001 0.66865383125 0.635752084375 0.66052149375
0 0.6715170406250001 0.7249630625 0.6655942375 0.719018090625 0.6782092578125 0.7816301453125 0.6772009578125 0.7563567296875 0.6715170406250001 0.7249630625
1 0.38825125625 0.7546074218750001 0.425741178125 0.767976315625 0.4573082984375 0.7754002359375 0.49058963125000005 0.785971925 0.519662371875 0.7937464078125 0.568297365625 0.8140206703124999 0.6043065890625 0.82590331875 0.6591775296875 0.8453011765625 0.6643309203125 0.800524034375 0.6715859187500001 0.7707006046875 0.6659816328125 0.7308240374999999 0.6508668578125001 0.695672765625 0.656248384375 0.6796673671875 0.649009515625 0.6281601359375 0.6320427750000001 0.49838601406249994 0.604063340625 0.480291825 0.5527747093750001 0.47733392343750003 0.5075681390625 0.46335519375 0.4468486484375 0.45663968906249996 0.3896372140625 0.447736815625 0.3271400109375 0.36502578125 0.27881278125 0.3650403640625 0.24521830625000002 0.36129005 0.20756912500000002 0.36488695781249997 0.15752230625000002 0.38886399374999997 0.2428875484375 0.7157350046875 0.24927737656249999 0.725003021875 0.2649441796875 0.727884221875 0.29082200625 0.7310246968749999 0.3159196703125 0.7376634984375 0.3583983484375 0.7503312656250001 0.38825125625 0.7546074218750001
0 0.8200282906249999 0.6142910640625 0.8237698578125 0.6137652203124999 0.8208880859375001 0.6023098375 0.8126247875000001 0.6068598515625 0.8133253234375 0.6118444203125 0.8200282906249999 0.6142910640625
1 1 0.644766209375 0.98597330625 0.6367162359375 0.9706196437499999 0.6270136609375 0.9678175 0.6070753765625 0.956518546875 0.590025584375 0.9443651750000001 0.5578467984375 0.93742869375 0.5537386328125 0.9210613546875001 0.5458728625 0.9078092984374999 0.551124 0.8985323218750001 0.5575108203125 0.8827858890625 0.5631125203125 0.8639984249999999 0.5742246328125 0.8299315515625001 0.5942614953125 0.8165202359375 0.61647843125 0.8238441125 0.6323925421875 0.8353765781250001 0.651103859375 0.862188453125 0.660890428125 0.8904810296875001 0.6721632390625001 0.924542528125 0.6792366000000001 0.9555629937499999 0.6918203734375 0.983155034375 0.6981086140625 0.9998355140624999 0.6991530078125 1 0.699129890625 1 0.644766209375
