1 0.35093118125 0.192212 0.341891940625 0.17982844375 0.332066115625 0.185532715625 0.330463440625 0.196974028125 0.3320956203125 0.21026705781250002 0.3358745328125 0.21654978281249998 0.3492072421875 0.21491273125000002 0.35337945 0.21215154374999998 0.35093118125 0.192212
1 0.3914733703125 0.1917318578125 0.3895691609375 0.1762233234375 0.38579024687499996 0.16994059687500002 0.3793205375 0.16623716718749998 0.3731228609375 0.1647492390625 0.3665318875 0.1723052265625 0.36668265624999996 0.18578015 0.3712776578125 0.19870939062499998 0.37856345625 0.2090593359375 0.385970515625 0.2081498640625 0.3910800765625 0.2007757703125 0.3914733703125 0.1917318578125
1 0.417021165625 0.15486139375000002 0.422674784375 0.1519183109375 0.42778434374999996 0.14454421875 0.42037728281250003 0.14545369218749998 0.41620507656249994 0.1482148796875 0.417021165625 0.15486139375000002
1 0.2337358515625 0.6338938890625 0.2150510578125 0.6654238703125 0.20969897187500003 0.6953168 0.21456600468749998 0.7104615437499999 0.235335278125 0.7326493625 0.2808657625 0.7360545468749999 0.323010625 0.724133090625 0.341243121875 0.6521783390625 0.349013971875 0.6174906109375 0.3446909984375 0.6067768765625 0.328395465625 0.6087777156249999 0.3133093140625 0.60838115625 0.26859491874999997 0.6116224890625 0.2337358515625 0.6338938890625
0 0.375502371875 0.4658104578125 0.367007190625 0.4578579109375 0.3726903140625 0.4796491703125 0.37916002187500003 0.4833526015625 0.375502371875 0.4658104578125
0 0.5498239546875 0.489384575 0.551184103125 0.5004621 0.5564444296875 0.50656293125 0.5646675796875 0.5122999734375 0.5585911625 0.4995526265625 0.555477571875 0.48644149375 0.5498239546875 0.489384575
0 0.569203575 0.475760528125 0.560315103125 0.47685189531249994 0.5661194890625 0.4873837359375 0.5705637234375 0.4868380515625 0.569203575 0.475760528125
0 0.5657261953125 0.49642765000000005 0.5734052859375 0.49773368125 0.570835753125 0.48905355781250004 0.5657261953125 0.49642765000000005
0 0.5210117999999999 0.49966898125 0.51239535625 0.5029758531249999 0.511730034375 0.5098042625 0.5051390625 0.5173602484375001 0.509855328125 0.5190300703124999 0.512818153125 0.51866628125 0.5194091249999999 0.5111102953125 0.5295069812500001 0.5076215281249999 0.527209478125 0.5011569078125 0.521555859375 0.504099990625 0.5210117999999999 0.49966898125
0 0.4950739609375 0.43538657187499996 0.500606315625 0.44370290625 0.513001671875 0.44667876093750003 0.51581373125 0.4328400484375 0.505171815625 0.43189780468750005 0.49601131406250004 0.43077366718750004 0.4950739609375 0.43538657187499996
0 0.4870605828125 0.49259313593750004 0.48612323125 0.49720604062499996 0.48276711250000004 0.50661374375 0.48978088125 0.5147481859374999 0.4957065296875 0.5140206078125 0.49407435 0.500727578125 0.4870605828125 0.49259313593750004
0 0.40939133281249995 0.533614403125 0.40331491562500005 0.520867059375 0.39052626562500004 0.5269351203125 0.381788559375 0.541501409375 0.394455946875 0.5466927671875 0.40939133281249995 0.533614403125
0 0.47753629062499997 0.5252472546875 0.4902331796875 0.5551729546875 0.49939368437500004 0.55629709375 0.5032938609375 0.5513204 0.49222915 0.534687728125 0.4806203796875 0.513624046875 0.473485346875 0.5167490265625 0.47753629062499997 0.5252472546875
0 0.43472935625 0.433800334375 0.4274435578125 0.4234503890625 0.42759432343750003 0.43692531093750003 0.42922650156250003 0.45021834062500005 0.442316684375 0.4711001265625 0.45310936718750006 0.4855172921875 0.4489076578125 0.4635441390625 0.43959638749999996 0.4489450796875 0.43472935625 0.433800334375
1 0.46383979062499997 0.5606625625 0.495523009375 0.586008128125 0.5047130171875 0.61186660625 0.510245371875 0.6201829421875 0.5150829015625 0.6105933453125 0.5166560734375001 0.574417690625 0.5038379203125001 0.555751409375 0.48696882343750003 0.528586896875 0.46849705156250004 0.5128637 0.451205159375 0.47000875937500003 0.4434670609375 0.41923404375000006 0.4250247921875 0.42824518749999996 0.408729259375 0.430246028125 0.376531484375 0.42520379375 0.35594247968750004 0.44122523906250005 0.333055975 0.45078206718749997 0.3313320359375 0.4734827984375 0.3407940734375 0.5015567843750001 0.3579352 0.5309368 0.376528234375 0.5354005796875 0.405248628125 0.561109934375 0.4254443375 0.5541324015625 0.4328514 0.5532229296875 0.46383979062499997 0.5606625625
1 0.464177328125 0.39195317812499997 0.444011121875 0.42366505312499997 0.445794065625 0.4504330046875 0.46009363125 0.46891739218749995 0.48204278437500003 0.46397347031249997 0.4961620796875 0.444248590625 0.490328190625 0.4089824078125 0.464177328125 0.39195317812499997
1 0.6521594078125 0.5757712203125 0.671539028125 0.5621471734375 0.6694840531249999 0.533163715625 0.6655248703125001 0.488671725 0.6553385046875 0.41795746562499997 0.64451631875 0.3788059578125 0.619453575 0.3706387453125 0.5744671515625 0.371664571875 0.54093873125 0.38027915624999997 0.53099164375 0.397242846875 0.5136374921875 0.415116009375 0.48688031406250004 0.454383871875 0.4854579078125 0.50403445 0.5108221859375 0.539151509375 0.5197401609375001 0.5627944828125 0.5363372281250001 0.5877434906250001 0.556834471875 0.607715803125 0.5874000671874999 0.5994650078125 0.615124103125 0.580318584375 0.6521594078125 0.5757712203125
1 0.584466746875 0.6245631390625 0.5990088375 0.6205286890624999 0.6100440453125 0.6124270187499999 0.6062651328124999 0.60614429375 0.5825625390625 0.60905460625 0.5735528015625 0.6214053921875 0.584466746875 0.6245631390625
0 0.216198184375 0.7237545734374999 0.21807288749999998 0.714528765625 0.2118752109375 0.7130408390625 0.206221590625 0.715983921875 0.20851909218750003 0.7224485421875 0.216198184375 0.7237545734374999
0 0.21202597656250002 0.7265157609374999 0.20879112187499999 0.724664046875 0.20933518125 0.72909505625 0.2140514484375 0.7307648765625 0.21202597656250002 0.7265157609374999
0 0.2515095484375 0.741907940625 0.25837255 0.736567459375 0.2447678109375 0.73598900625 0.2352140140625 0.74390878125 0.24141169375 0.745396709375 0.2515095484375 0.741907940625
1 0.5197664140625 0.6977256109375001 0.5391460359375 0.6841015640625 0.6647350328125 0.6169563390625 0.64707935 0.6078796546875 0.5659032140625 0.6448337015625001 0.543137971875 0.643131109375 0.518347259375 0.637179403125 0.509609553125 0.65174569375 0.51112046875 0.6762981406249999 0.5197664140625 0.6977256109375001
