0 0.594956171875 0.6053622187500001 0.5916081125 0.61668873125 0.59137929375 0.6308130328125 0.5953776953125 0.6148591 0.594956171875 0.6053622187500001
0 0.5596329046874999 0.6192731390625 0.5437115359375 0.6075978937500001 0.5527440828125 0.6183049781250001 0.5711343515625 0.6374054328125001 0.5596329046874999 0.6192731390625
0 0.5626196765625 0.6480058234375 0.5652210421875 0.6294961406249999 0.5634024859375 0.6174435093749999 0.5608011187499999 0.6359531921875 0.5606686515625 0.6618880875 0.5626196765625 0.6480058234375
0 0.5606686515625 0.6618880875 0.5689545078125 0.6654119984375 0.5557308546875 0.6470376640625 0.539484315625 0.63767613125 0.547119828125 0.6458274625 0.5606686515625 0.6618880875
0 0.5610540562499999 0.70913045625 0.5661243218750001 0.698045984375 0.5568629546875 0.7014632046875 0.5482519265625 0.700253003125 0.552117859375 0.710233965625 0.5610540562499999 0.70913045625
0 0.5329567796875 0.596648771875 0.5408211140625 0.5906758015625 0.5287656765625 0.5889815203125 0.5222983765625 0.597510240625 0.52746499375 0.5982363609375 0.5329567796875 0.596648771875
0 0.5156986109374999 0.6319738578125 0.5178423375000001 0.6417127796875 0.526778534375 0.6406092703125 0.5349680390625 0.6323225890625 0.5277540468749999 0.6336681390625001 0.5225874312500001 0.63294201875 0.522165909375 0.6234451359375 0.5156986109374999 0.6319738578125
1 0.5390025578125 0.57862316875 0.535136625 0.5686422062500001 0.533968409375 0.5519621531250001 0.5235388249999999 0.5386993203125 0.5077138078125001 0.5388346687500001 0.49910278124999996 0.53762446875 0.4883480265625 0.52667534375 0.4848072640625 0.5143806718749999 0.4850360828125 0.50025636875 0.48526490312500004 0.486132065625 0.47720786718749997 0.46848385156249994 0.46408056562500005 0.4619201109375 0.4438356234375 0.468512509375 0.440680265625 0.50346020625 0.45241053437499995 0.5074681984375 0.46488749374999994 0.5186593609375 0.47671411093750005 0.5344779453124999 0.4868185234375 0.5500544890625 0.49701928906250004 0.577441625 0.505076325 0.5950898390625 0.5390025578125 0.57862316875
1 0.5405681765625 0.5174985375000001 0.539074790625 0.50313219375 0.5101224703125 0.4967038 0.5063167734375 0.53627891875 0.5166500046875 0.537731159375 0.5269832359375 0.5391834 0.5322462031249999 0.5517201125 0.5354617953125 0.566328496875 0.5466741875000001 0.5490290140625 0.5420615625 0.5318648796875001 0.5405681765625 0.5174985375000001
1 0.5219612078125 0.7248710078125 0.5404839453125 0.7180365671875 0.5671961859375 0.7029154453124999 0.5703515421875001 0.6679677484375001 0.57178469375 0.6327780109375001 0.5755903921875001 0.5932028953125 0.5544060546875 0.5689909390625 0.50335411875 0.5948477984375 0.507737925 0.626136234375 0.5110498671875 0.6525552125 0.5102670578125 0.683117528125 0.50776204375 0.7134378031249999 0.5052570281250001 0.7437580796875001 0.5193598421875001 0.7433806890625 0.5219612078125 0.7248710078125
1 0.6839809781249999 0.7216878890625 0.6919416625 0.7275255109375001 0.7015282015625 0.721794578125 0.7082243203125 0.6991415546875 0.7093323015624999 0.6662655296875 0.6975056828125 0.65044694375 0.6809339703124999 0.643399121875 0.6896413484374999 0.656419915625 0.6963013515625 0.671512378125 0.697469565625 0.6881924328125 0.6948681984375 0.706702115625 0.6838846265625 0.7098772953125 0.670106984375 0.707940975 0.6839809781249999 0.7216878890625
1 0.730348053125 0.75415786875 0.7329494203125 0.735648184375 0.72736128125 0.72542518125 0.7185214359375001 0.7383392843750001 0.7137763421875001 0.7471100453124999 0.7028891203125001 0.7620958171875001 0.7053580187499999 0.769521028125 0.71569125 0.7709732703125 0.7294688921875 0.7729095906250001 0.730348053125 0.75415786875
