0 0.5463991453125 0.64918580625 0.5513459921874999 0.6520333046875 0.5580224421875 0.6550625937500001 0.5463991453125 0.64918580625
0 0.556776765625 0.6502765375 0.54466954375 0.6490040171875 0.5508620640624999 0.6566375734375 0.5560508734375 0.6571829390625 0.556776765625 0.6502765375
0 0.5578521875 0.68995818125 0.565012565625 0.688383203125 0.5734186171875 0.6915942796875 0.586771515625 0.6976528562500001 0.5922022890624999 0.6958960890625 0.582792525 0.6855968203125 0.569439628125 0.6795382437499999 0.5590620078125 0.6784475125 0.5578521875 0.68995818125
0 0.5638027453125 0.699893871875 0.5699952671874999 0.7075274281249999 0.5771556437500001 0.7059524500000001 0.5692335187500001 0.698137103125 0.5593398265625 0.6924421046875 0.54747456875 0.6888674499999999 0.5519374859374999 0.6963192171875 0.5638027453125 0.699893871875
0 0.4792224375 0.6560906421875 0.48171378750000005 0.6656627546875 0.487628490625 0.65930171875 0.49824807499999996 0.6580903171875 0.5120849 0.6595446265625 0.5207329171875 0.66045356875 0.522946446875 0.6560310890625 0.505892378125 0.6519110687499999 0.490083984375 0.65257710625 0.4792224375 0.6560906421875
0 0.5192811328125 0.6742663734375001 0.500255496875 0.6722666984375001 0.50101724375 0.6816570234375 0.5094232953125 0.6848681 0.52153051875 0.6861406203125 0.5192811328125 0.6742663734375001
0 0.45300056875 0.6393692203125 0.4584313421875 0.63761245 0.4512351109375 0.6228907031250001 0.440857490625 0.621799971875 0.44532040781250004 0.629251740625 0.4502672546875 0.6320992390625 0.45300056875 0.6393692203125
0 0.457436653125 0.7469034812500001 0.45840450937500005 0.7376949453125 0.4600982578125 0.7215800078125 0.4568451609375 0.7026175703125 0.46372771718749994 0.687047996875 0.46888067343750006 0.6712966359375 0.45947090937499996 0.66099736875 0.4496489265625 0.687895821875 0.44124287500000003 0.68468474375 0.44152069374999997 0.6986793375 0.44377007968750004 0.7105535859375001 0.444531828125 0.7199439109375 0.435641846875 0.7213371000000001 0.44135043906250004 0.7335749265625 0.44408375468749994 0.7408449046875 0.457436653125 0.7469034812500001
0 0.4625537515625 0.71485539375 0.4795719671875 0.7026786875 0.48444710156250004 0.672932734375 0.46964241875 0.6806869609375 0.4625537515625 0.71485539375
0 0.5144059953125 0.7040123265625 0.5062777625 0.7147958421875 0.4912311171875 0.724852203125 0.49839149374999997 0.7232772234375 0.513438140625 0.7132208624999999 0.5144059953125 0.7040123265625
0 0.5176590937500001 0.722974765625 0.5267910390625 0.719279440625 0.5260292921875 0.709889115625 0.519110878125 0.7091619609375 0.5176590937500001 0.722974765625
0 0.567817590625 0.7282466359375 0.5747360031250001 0.7289737890625 0.5737322921875 0.7218855984375 0.5650842765624999 0.7209766546874999 0.567817590625 0.7282466359375
0 0.4511634 0.5902972515625 0.44102774531250005 0.586904384375 0.453896715625 0.5975672296875 0.46676568593749995 0.608230075 0.483335825 0.6169543640625 0.4981763640625 0.6254968625 0.518447675 0.6322825953125 0.5124971171875 0.6223469046875 0.493955409375 0.6157429609375 0.47738526875 0.6070186734374999 0.4642743359375 0.5986579609375 0.4511634 0.5902972515625
1 0.8238166890624999 0.5386896359375 0.8250982203125 0.55977241875 0.8275895703125 0.5693445328125 0.8411844328125 0.5731009765625 0.8441238562500001 0.5617720937499999 0.849518775 0.5437185999999999 0.8487570281249999 0.5343282765625 0.8494829203125001 0.5274218734375 0.840350975 0.5311171984375 0.8312190312500001 0.5348125234375 0.8238166890624999 0.5386896359375
0 0.795766675 0.5892754671875 0.800955484375 0.5898208328125001 0.806628221875 0.5857619296875 0.8120589953125 0.5840051625 0.75152288125 0.5776425609375 0.769822625 0.5865486375 0.7802002453125 0.58763936875 0.795766675 0.5892754671875
1 0.8814850906249999 0.5889745734375 0.8824529468750001 0.5797660375 0.881933165625 0.5680735796875 0.869996196875 0.531905471875 0.8648432421875001 0.5476568312500001 0.8552273687499999 0.555956425 0.8508003046875 0.564801384375 0.8446436390625 0.5734645546875 0.8335759812499999 0.5955769515625 0.8328500906249999 0.602483353125 0.83015263125 0.6115101000000001 0.8259675328125 0.618052925 0.821782434375 0.62459575 0.819084975 0.6336224968749999 0.81811711875 0.642831034375 0.8151776953125 0.6541599140625001 0.8053198593750001 0.664761640625 0.78512025625 0.6905693625 0.8171851171875 0.6683362953125 0.82285785625 0.6642773937500001 0.829014521875 0.6556142234375 0.83195394375 0.6442853421875 0.838836503125 0.6287157703124999 0.8484523749999999 0.6204161765625 0.8560966796875 0.6142369296875 0.8634990218749999 0.6103598156250001 0.8748444984375 0.6022420125 0.8814850906249999 0.5889745734375
