0 0.103015075 0.51926298125 0.1092964828125 0.5142378562500001 0.0954773875 0.5041876046875 0.075376884375 0.48911222812500005 0.08165829218750001 0.5041876046875 0.09170854218749999 0.5142378562500001 0.103015075 0.51926298125
0 0.11306532656249998 0.48911222812500005 0.120603015625 0.47906197656250005 0.12437185937499999 0.4706867671875 0.128140703125 0.472361809375 0.14572864375 0.477386934375 0.146984925 0.46566164218750006 0.1344221109375 0.46398659999999997 0.123115578125 0.455611390625 0.1155778890625 0.46566164218750006 0.1105527640625 0.4757118921875 0.1005025125 0.4824120609375 0.0879396984375 0.48073701875 0.077889446875 0.4740368515625 0.08417085468749999 0.48911222812500005 0.09798995 0.48911222812500005 0.11306532656249998 0.48911222812500005
0 0.180904521875 0.522613065625 0.170854271875 0.5293132328125 0.177135678125 0.539363484375 0.19723618125 0.5544388609374999 0.2173366828125 0.5745393640625001 0.222361809375 0.5812395312499999 0.2324120609375 0.5845896140625 0.224874371875 0.5644891125 0.20226130625 0.5242881078125 0.1834170859375 0.4958123953125 0.1595477390625 0.469011725 0.1633165828125 0.4840871015625 0.174623115625 0.5075376890625 0.180904521875 0.522613065625
0 0.40954773906249997 0.589614740625 0.4082914578125 0.5812395312499999 0.40075376875 0.5812395312499999 0.3994974875 0.5829145734375001 0.40201005 0.5912897828125 0.40954773906249997 0.589614740625
0 0.10678392031249999 0.5125628140625 0.1005025125 0.5075376890625 0.09422110624999999 0.5025125625 0.0866834171875 0.49748743749999996 0.080402009375 0.494137353125 0.0640703515625 0.472361809375 0.05778894531249999 0.472361809375 0.0515075375 0.477386934375 0.0464824125 0.48576214375 0.0515075375 0.49916247968749994 0.05778894531249999 0.5125628140625 0.0653266328125 0.5242881078125 0.07412060312499999 0.5343383578124999 0.08919597968750001 0.556113903125 0.1143216078125 0.5376884421875 0.11306532656249998 0.5293132328125 0.10678392031249999 0.5125628140625
0 0.49748743749999996 0.5912897828125 0.5 0.5829145734375001 0.4899497484375 0.5795644890625 0.4886934671875 0.5829145734375001 0.49120602968749993 0.589614740625 0.49748743749999996 0.5912897828125
0 0.170854271875 0.5209380234375 0.174623115625 0.5125628140625 0.1683417078125 0.5092127296875 0.16080402031250002 0.5041876046875 0.15326633125 0.49748743749999996 0.1494974875 0.4907872703125 0.1432160796875 0.48576214375 0.1381909546875 0.49748743749999996 0.1494974875 0.510887771875 0.1620603015625 0.5175879390625 0.170854271875 0.5209380234375
0 0.2097989953125 0.561139028125 0.21608040156250002 0.5745393640625001 0.227386934375 0.589614740625 0.228643215625 0.5745393640625001 0.21984924687500002 0.5644891125 0.20854271406249997 0.5510887765625 0.201005025 0.5410385265625 0.1959799 0.5376884421875 0.1909547734375 0.5276381906250001 0.1846733671875 0.5259631484375 0.17839195937500002 0.5276381906250001 0.1909547734375 0.544388609375 0.20226130625 0.55276381875 0.2097989953125 0.561139028125
0 0.228643215625 0.5092127296875 0.2386934671875 0.5142378562500001 0.24371859218749997 0.522613065625 0.24874371874999998 0.5242881078125 0.24371859218749997 0.5125628140625 0.23366834218750002 0.5025125625 0.223618090625 0.49246231093750004 0.2110552765625 0.4907872703125 0.2110552765625 0.5025125625 0.21984924687500002 0.5092127296875 0.228643215625 0.5092127296875
0 0.37939698437499997 0.4623115578125 0.38944723593749997 0.4706867671875 0.40201005 0.477386934375 0.40577889375 0.46566164218750006 0.40201005 0.455611390625 0.3881909546875 0.45226130624999994 0.376884421875 0.44723618125 0.369346734375 0.4489112234375 0.37939698437499997 0.4623115578125
0 0.38944723593749997 0.5008375203125001 0.37939698437499997 0.5008375203125001 0.376884421875 0.5075376890625 0.37814070312500003 0.5142378562500001 0.3881909546875 0.51926298125 0.39698492500000004 0.5242881078125 0.3994974875 0.5343383578124999 0.4108040203125 0.539363484375 0.4108040203125 0.5025125625 0.4045226125 0.494137353125 0.39698492500000004 0.49246231093750004 0.38944723593749997 0.48743718593749996 0.3869346734375 0.494137353125 0.38944723593749997 0.5008375203125001
0 0.530150753125 0.5175879390625 0.5515075375 0.539363484375 0.55527638125 0.5343383578124999 0.5339195984375 0.5159128984375 0.530150753125 0.5175879390625
0 0.4120603015625 0.5242881078125 0.4120603015625 0.5343383578124999 0.41457286406250005 0.5460636515624999 0.420854271875 0.539363484375 0.42462311562500005 0.5259631484375 0.423366834375 0.5075376890625 0.423366834375 0.49748743749999996 0.423366834375 0.4907872703125 0.422110553125 0.4824120609375 0.4170854265625 0.48073701875 0.4120603015625 0.48576214375 0.4108040203125 0.49916247968749994 0.4120603015625 0.5125628140625 0.4120603015625 0.5242881078125
0 0.5427135671875 0.5343383578124999 0.548994975 0.539363484375 0.5414572859375 0.5142378562500001 0.54522613125 0.5209380234375 0.548994975 0.5276381906250001 0.55276381875 0.5326633171874999 0.55527638125 0.5360134000000001 0.5376884421875 0.5025125625 0.5288944718749999 0.510887771875 0.5314070359375 0.522613065625 0.5364321609375 0.5293132328125 0.5427135671875 0.5343383578124999
0 0.520100503125 0.5494137359375 0.525125628125 0.5510887765625 0.5326633171874999 0.5510887765625 0.525125628125 0.5360134000000001 0.5175879390625 0.5242881078125 0.5125628140625 0.5175879390625 0.50376884375 0.5142378562500001 0.50125628125 0.5259631484375 0.5075376890625 0.5360134000000001 0.5150753765625 0.5427135671875 0.520100503125 0.5494137359375
0 0.44597990000000004 0.589614740625 0.44597990000000004 0.5996649921875 0.45477386875 0.594639865625 0.46356783906250004 0.5929648234375 0.4685929640625 0.589614740625 0.47487437187500003 0.5845896140625 0.48115577812500004 0.577889446875 0.46984924687499996 0.5762144046875 0.46356783906250004 0.5762144046875 0.45728643281250003 0.5795644890625 0.45226130624999994 0.5845896140625 0.44597990000000004 0.589614740625
0 0.37814070312500003 0.603015075 0.374371859375 0.5912897828125 0.37060301562500003 0.5845896140625 0.3630653265625 0.5795644890625 0.3567839203125 0.5812395312499999 0.3680904515625 0.5929648234375 0.369346734375 0.5996649921875 0.37814070312500003 0.603015075
0 0.5100502515625001 0.443886096875 0.5025125625 0.44221105468750005 0.49371859218749997 0.44221105468750005 0.4886934671875 0.4405360140625 0.49246231093750004 0.45058626406249996 0.5025125625 0.45226130624999994 0.5138190953125 0.4539363484375 0.5100502515625001 0.443886096875
0 0.5653266328125001 0.477386934375 0.576633165625 0.48911222812500005 0.5829145734375001 0.49916247968749994 0.5891959796874999 0.5008375203125001 0.59798995 0.505862646875 0.6042713562500001 0.5125628140625 0.6105527640624999 0.5159128984375 0.6105527640624999 0.505862646875 0.6005025125000001 0.4958123953125 0.5929648234375 0.48911222812500005 0.579145728125 0.4824120609375 0.5653266328125001 0.4673366828125 0.5427135671875 0.4489112234375 0.5276381906250001 0.44723618125 0.5339195984375 0.455611390625 0.5464824125 0.4589614734375 0.55276381875 0.46566164218750006 0.5653266328125001 0.477386934375
0 0.603015075 0.477386934375 0.6092964828125 0.4840871015625 0.6180904515625001 0.4958123953125 0.624371859375 0.4958123953125 0.630653265625 0.494137353125 0.6130653265625 0.477386934375 0.5954773875 0.46398659999999997 0.5854271359375 0.455611390625 0.569095478125 0.44723618125 0.577889446875 0.46566164218750006 0.5866834171875001 0.4673366828125 0.5929648234375 0.4706867671875 0.603015075 0.477386934375
0 0.6344221109375 0.48576214375 0.6419597984375 0.49246231093750004 0.6407035171875 0.4840871015625 0.6369346734375 0.4757118921875 0.6281407031249999 0.4673366828125 0.6218592968750001 0.45728643281250003 0.6105527640624999 0.455611390625 0.6143216078125 0.4673366828125 0.623115578125 0.4740368515625 0.630653265625 0.477386934375 0.6344221109375 0.48576214375
0 0.629396984375 0.494137353125 0.619346734375 0.5008375203125001 0.6143216078125 0.5092127296875 0.6042713562500001 0.5142378562500001 0.59798995 0.5142378562500001 0.5854271359375 0.51926298125 0.570351759375 0.5209380234375 0.5628140703125 0.5259631484375 0.5540201 0.5326633171874999 0.5427135671875 0.5410385265625 0.5351758796875 0.5477386937500001 0.54522613125 0.5577889453125 0.5565326640625 0.5577889453125 0.5628140703125 0.5477386937500001 0.570351759375 0.5376884421875 0.579145728125 0.5360134000000001 0.5904522609375 0.530988275 0.59798995 0.5276381906250001 0.6180904515625001 0.5293132328125 0.626884421875 0.5242881078125 0.6369346734375 0.5142378562500001 0.64824120625 0.5092127296875 0.65577889375 0.505862646875 0.669597990625 0.49916247968749994 0.6783919593750001 0.4958123953125 0.679648240625 0.48743718593749996 0.6633165828124999 0.48073701875 0.65075376875 0.4840871015625 0.6381909546875 0.4907872703125 0.629396984375 0.494137353125
0 0.1118090453125 0.46063651562499996 0.126884421875 0.4623115578125 0.1419597984375 0.46063651562499996 0.16080402031250002 0.4589614734375 0.170854271875 0.455611390625 0.1683417078125 0.4539363484375 0.15326633125 0.4489112234375 0.1319095484375 0.45226130624999994 0.10804020156250001 0.4539363484375 0.1118090453125 0.46063651562499996
0 0.674623115625 0.5343383578124999 0.669597990625 0.5209380234375 0.6570351765625 0.5209380234375 0.6620603015625 0.5293132328125 0.670854271875 0.5410385265625 0.674623115625 0.5460636515624999 0.674623115625 0.5343383578124999
1 0.16582914531249998 0.5360134000000001 0.1821608046875 0.544388609375 0.19472361875 0.539363484375 0.18592964843749998 0.5075376890625 0.1633165828125 0.477386934375 0.14070351718750002 0.46063651562499996 0.1155778890625 0.46566164218750006 0.09924623125000001 0.48743718593749996 0.0866834171875 0.5092127296875 0.08165829218750001 0.5276381906250001 0.0929648234375 0.5477386937500001 0.11306532656249998 0.5360134000000001 0.128140703125 0.5293132328125 0.15075376875 0.5293132328125 0.16582914531249998 0.5360134000000001
0 0.673366834375 0.5159128984375 0.679648240625 0.5125628140625 0.674623115625 0.49916247968749994 0.673366834375 0.5159128984375
1 0.451005025 0.443886096875 0.44472361875 0.4321608046875 0.41457286406250005 0.4338358453125 0.41331658281249994 0.4371859296875 0.4120603015625 0.477386934375 0.429648240625 0.48576214375 0.44723618125 0.477386934375 0.451005025 0.443886096875
0 0.6871859296875 0.530988275 0.6871859296875 0.51926298125 0.6884422109375 0.510887771875 0.6834170859375 0.4907872703125 0.6821608046875001 0.5075376890625 0.679648240625 0.51926298125 0.680904521875 0.5293132328125 0.6871859296875 0.530988275
1 0.376884421875 0.5410385265625 0.40326633125000005 0.522613065625 0.40703517656250005 0.49246231093750004 0.40075376875 0.46063651562499996 0.3844221109375 0.44221105468750005 0.35301507499999996 0.4338358453125 0.3316582921875 0.4489112234375 0.3165829140625 0.48743718593749996 0.320351759375 0.5075376890625 0.34798995 0.539363484375 0.376884421875 0.5410385265625
0 0.65201005 0.594639865625 0.6620603015625 0.5996649921875 0.672110553125 0.594639865625 0.673366834375 0.5812395312499999 0.673366834375 0.5661641546875 0.6670854265624999 0.556113903125 0.6658291453125 0.5477386937500001 0.6545226125 0.539363484375 0.6582914578125 0.561139028125 0.6582914578125 0.5745393640625001 0.6570351765625 0.577889446875 0.65201005 0.594639865625
1 0.477386934375 0.5661641546875 0.4384422109375 0.5644891125 0.4384422109375 0.589614740625 0.45603014999999997 0.5879396984375 0.479899496875 0.5795644890625 0.477386934375 0.5661641546875
0 0.8530150750000001 0.561139028125 0.8605527640625 0.572864321875 0.8655778890624999 0.5879396984375 0.8655778890624999 0.5996649921875 0.8680904515625001 0.6130653265625 0.8718592968750001 0.6247906203125 0.874371859375 0.6080402015625 0.874371859375 0.594639865625 0.8693467343749999 0.5745393640625001 0.8655778890624999 0.5628140703125 0.8605527640625 0.5460636515624999 0.8555276375 0.530988275 0.84422110625 0.522613065625 0.8492462312500001 0.530988275 0.8379396984374999 0.5259631484375 0.8379396984374999 0.5376884421875 0.84673366875 0.5477386937500001 0.8530150750000001 0.561139028125
1 0.569095478125 0.5376884421875 0.5716080406249999 0.5092127296875 0.5653266328125001 0.48911222812500005 0.5577889453125 0.477386934375 0.5087939703125001 0.494137353125 0.5125628140625 0.5209380234375 0.5339195984375 0.5494137359375 0.5464824125 0.5510887765625 0.569095478125 0.5376884421875
1 0.530150753125 0.5025125625 0.5515075375 0.49246231093750004 0.5640703515625 0.469011725 0.5678391953124999 0.4455611390625 0.55276381875 0.443886096875 0.520100503125 0.443886096875 0.4886934671875 0.44221105468750005 0.47361809062500004 0.4455611390625 0.4623115578125 0.45226130624999994 0.4685929640625 0.4673366828125 0.49623115625 0.48576214375 0.530150753125 0.5025125625
1 0.8153266328125 0.5242881078125 0.8329145734375001 0.5326633171874999 0.8454773875000001 0.5326633171874999 0.8454773875000001 0.5125628140625 0.8366834171875001 0.49748743749999996 0.821608040625 0.494137353125 0.8002512562499999 0.494137353125 0.7927135671875 0.49916247968749994 0.7927135671875 0.5125628140625 0.8153266328125 0.5242881078125
1 0.776381909375 0.5159128984375 0.7851758796875 0.49916247968749994 0.772613065625 0.49748743749999996 0.7587939703125001 0.5041876046875 0.755025125 0.522613065625 0.7525125625 0.5259631484375 0.775125628125 0.522613065625 0.776381909375 0.5159128984375
