1 0.591946309375 0.44000000000000006 0.58657718125 0.4894117640625 0.581208053125 0.545882353125 0.5973154359375 0.5552941171875 0.605369128125 0.517647059375 0.6268456375 0.48470588281250004 0.6416107375 0.46823529375 0.6604026843749999 0.454117646875 0.6402684562500001 0.43058823593750006 0.6295302015625001 0.4 0.6134228187499999 0.3764705875 0.6040268453125 0.3388235296875 0.5906040265625 0.32 0.5906040265625 0.34823529375 0.5906040265625 0.3811764703125 0.591946309375 0.44000000000000006
0 0.7369127515625 0.4588235296875 0.7436241609375001 0.4588235296875 0.746308725 0.45176470625 0.7422818796875 0.44941176406250005 0.7342281875000001 0.44941176406250005 0.726174496875 0.45176470625 0.72080536875 0.4588235296875 0.7248322140625 0.46352941249999996 0.7302013421875 0.4611764703125 0.7369127515625 0.4588235296875
0 0.7959731546875 0.5364705875 0.808053690625 0.5364705875 0.818791946875 0.5270588234375 0.8241610734375 0.517647059375 0.8214765093749999 0.5129411765625 0.8228187921875 0.5035294125 0.8201342281249999 0.4964705875 0.8161073828125 0.5011764703125 0.8093959734375 0.5129411765625 0.8 0.522352940625 0.794630871875 0.5317647062499999 0.7959731546875 0.5364705875
0 0.7557046984375 0.505882353125 0.767785234375 0.5105882359375 0.7771812078125 0.505882353125 0.7838926171875 0.5011764703125 0.7838926171875 0.4894117640625 0.7812080531250001 0.48 0.77181208125 0.48470588281250004 0.7758389265625001 0.477647059375 0.7798657718750001 0.4611764703125 0.77181208125 0.45647058749999997 0.7624161078125 0.4611764703125 0.761073825 0.48 0.7583892624999999 0.4894117640625 0.753020134375 0.49176470625 0.7557046984375 0.505882353125
0 0.791946309375 0.477647059375 0.78657718125 0.48235294062499995 0.78657718125 0.4894117640625 0.794630871875 0.48470588281250004 0.79865771875 0.477647059375 0.8 0.46588235312500004 0.7959731546875 0.454117646875 0.791946309375 0.4470588234375 0.78657718125 0.437647059375 0.7825503359375 0.44000000000000006 0.7852349000000001 0.454117646875 0.7879194625 0.46588235312500004 0.791946309375 0.46823529375 0.791946309375 0.477647059375
0 0.7798657718750001 0.5529411765625001 0.7825503359375 0.5670588234375 0.78657718125 0.5670588234375 0.7892617453125 0.5811764703125 0.7959731546875 0.5952941171874999 0.8 0.5835294125 0.794630871875 0.574117646875 0.7906040265625001 0.5670588234375 0.8 0.5647058828125 0.7959731546875 0.5552941171875 0.791946309375 0.5529411765625001 0.7852349000000001 0.5552941171875 0.7838926171875 0.54823529375 0.7892617453125 0.5388235296875 0.7838926171875 0.5317647062499999 0.7758389265625001 0.5317647062499999 0.7798657718750001 0.5388235296875 0.7798657718750001 0.545882353125 0.7798657718750001 0.5529411765625001
0 0.793288590625 0.637647059375 0.793288590625 0.62823529375 0.7906040265625001 0.6211764703125 0.794630871875 0.6211764703125 0.79865771875 0.6164705875000001 0.794630871875 0.6094117640625 0.78657718125 0.61176470625 0.7838926171875 0.6211764703125 0.7892617453125 0.62823529375 0.793288590625 0.637647059375
0 0.833557046875 0.5835294125 0.82818791875 0.5811764703125 0.8214765093749999 0.5835294125 0.8268456375 0.5952941171874999 0.832214765625 0.5952941171874999 0.833557046875 0.5835294125
0 0.8107382546874999 0.4964705875 0.8120805375 0.4870588234375 0.8040268453125 0.49176470625 0.7973154359375 0.5011764703125 0.78657718125 0.5105882359375 0.7852349000000001 0.52 0.793288590625 0.5152941171875 0.80134228125 0.50823529375 0.805369128125 0.5011764703125 0.8107382546874999 0.4964705875
0 0.7503355703125 0.43294117656250003 0.754362415625 0.425882353125 0.754362415625 0.414117646875 0.7557046984375 0.402352940625 0.7583892624999999 0.39058823593750003 0.7637583890624999 0.3811764703125 0.767785234375 0.3811764703125 0.7744966437499999 0.3764705875 0.767785234375 0.37176470625 0.7557046984375 0.385882353125 0.751677853125 0.39058823593750003 0.7489932890625 0.3952941171875 0.746308725 0.39058823593750003 0.7422818796875 0.385882353125 0.7382550328125 0.39058823593750003 0.7449664421875 0.4 0.74765100625 0.4094117640625 0.7489932890625 0.4188235296875 0.7503355703125 0.43294117656250003
0 0.499328859375 0.5811764703125 0.5114093953125 0.5858823531249999 0.5181208046875 0.5858823531249999 0.5288590609375 0.5905882359375 0.5422818796875 0.5929411765625 0.5503355703125 0.5952941171874999 0.553020134375 0.5835294125 0.539597315625 0.5764705875 0.5302013421875 0.5694117640624999 0.5181208046875 0.574117646875 0.5033557046875 0.5694117640624999 0.49261745 0.5623529406250001 0.4805369125 0.5647058828125 0.47248322187499997 0.574117646875 0.4818791953125 0.5788235296875001 0.48859060468750004 0.5764705875 0.499328859375 0.5811764703125
0 0.5892617453125 0.5529411765625001 0.581208053125 0.5529411765625001 0.581208053125 0.5670588234375 0.5879194625 0.574117646875 0.594630871875 0.57176470625 0.594630871875 0.5623529406250001 0.5892617453125 0.5529411765625001
1 0.73288590625 0.5317647062499999 0.753020134375 0.5623529406250001 0.761073825 0.5505882359375 0.7744966437499999 0.534117646875 0.7879194625 0.5105882359375 0.8026845640625 0.49176470625 0.806711409375 0.47529411718750003 0.8 0.45647058749999997 0.7892617453125 0.43058823593750006 0.7825503359375 0.4070588234375 0.7892617453125 0.3952941171875 0.8026845640625 0.3835294125 0.7892617453125 0.3694117640625 0.7744966437499999 0.35529411718750004 0.7624161078125 0.35529411718750004 0.7382550328125 0.3788235296875 0.740939596875 0.41176470624999995 0.72080536875 0.4164705875 0.6979865765625 0.425882353125 0.6832214765625 0.4447058828125 0.6832214765625 0.4611764703125 0.6912751671875 0.477647059375 0.714093959375 0.5105882359375 0.73288590625 0.5317647062499999
1 0.7879194625 0.614117646875 0.7959731546875 0.64 0.80134228125 0.6705882359374999 0.8161073828125 0.66823529375 0.8389261749999999 0.665882353125 0.8416107374999999 0.6494117640625 0.8456375843749999 0.6329411765625 0.8550335578125001 0.61176470625 0.8563758390625 0.5858823531249999 0.8630872484375001 0.5599999999999999 0.8630872484375001 0.534117646875 0.848322146875 0.52 0.8456375843749999 0.5011764703125 0.8402684562499999 0.4870588234375 0.8214765093749999 0.4894117640625 0.808053690625 0.4870588234375 0.80134228125 0.49411764687500004 0.7812080531250001 0.5294117640625 0.767785234375 0.545882353125 0.7570469796875 0.5647058828125 0.7624161078125 0.5788235296875001 0.7771812078125 0.5976470593750001 0.7879194625 0.614117646875
0 0.8778523484375 0.5835294125 0.8791946312500001 0.574117646875 0.8765100671875 0.557647059375 0.8684563765625001 0.5599999999999999 0.8617449671875 0.57176470625 0.8644295296875001 0.5811764703125 0.8697986578125001 0.5835294125 0.8778523484375 0.5835294125
