0 0.7268170421875 0.879799665625 0.7268170421875 0.8614357265624999 0.728070175 0.8464106843750001 0.7192982453125001 0.8313856421875 0.7117794484375 0.80801335625 0.7117794484375 0.7746243734375 0.710526315625 0.7545909843749999 0.70802005 0.73956594375 0.6942355890624999 0.7245409015625001 0.6779448625 0.7295492484375 0.6666666671875 0.7345575953125 0.6591478703125 0.7495826375 0.6591478703125 0.7629382296875 0.6666666671875 0.779632721875 0.6691729328125 0.7946577625 0.6654135343750001 0.8096828046875 0.6604010031249999 0.834724540625 0.6616541359375 0.8614357265624999 0.6666666671875 0.8831385640624999 0.6791979953125 0.891485809375 0.6967418546874999 0.90984975 0.7042606515625 0.9248747906249999 0.7117794484375 0.9282136890625001 0.7192982453125001 0.9165275453125 0.7192982453125001 0.9081803 0.7268170421875 0.879799665625
0 0.3746867171875 0.51085141875 0.355889725 0.51252086875 0.43483709218750005 0.540901503125 0.4323308265625 0.5325542578125 0.413533834375 0.5258764609375 0.3746867171875 0.51085141875
0 0.3997493734375 0.357262103125 0.4047619046875 0.357262103125 0.4047619046875 0.3489148578125 0.40100250624999995 0.34557595937499996 0.395989975 0.34724540937500004 0.39097744375 0.34724540937500004 0.3872180453125 0.3489148578125 0.3796992484375 0.3539232046875 0.3859649125 0.357262103125 0.39097744375 0.357262103125 0.3997493734375 0.357262103125
0 0.5463659140625 0.3405676125 0.5388471171875 0.333889815625 0.5338345859375 0.333889815625 0.5288220546875 0.34557595937499996 0.5338345859375 0.34557595937499996 0.54010025 0.34724540937500004 0.5463659140625 0.34724540937500004 0.5463659140625 0.3405676125
0 0.42105263125 0.4407345578125 0.4223057640625 0.4290484140625 0.413533834375 0.42570951562500003 0.4047619046875 0.427378965625 0.393483709375 0.427378965625 0.393483709375 0.4340567609375 0.40100250624999995 0.4357262109375 0.41102756874999996 0.4357262109375 0.4160401 0.437395659375 0.42105263125 0.4407345578125
0 0.4661654140625 0.5191986640625 0.47243107812499996 0.515859765625 0.47243107812499996 0.51085141875 0.4586466171875 0.5091819703125 0.4536340859375 0.5025041734375 0.44486215468749996 0.500834725 0.44486215468749996 0.5075125203125 0.448621553125 0.51085141875 0.4536340859375 0.5141903171875 0.45989975000000005 0.517529215625 0.4661654140625 0.5191986640625
0 0.48120300781249997 0.500834725 0.48621553906250004 0.49248747968749995 0.482456140625 0.48247078437499996 0.47493734375 0.484140234375 0.46115288281250005 0.48914858125 0.46491228125 0.4974958265625 0.47243107812499996 0.5025041734375 0.48120300781249997 0.500834725
0 0.4172932328125 0.607679465625 0.4172932328125 0.6143572625 0.41228070156249996 0.6277128546874999 0.4072681703125 0.6327212015625 0.40100250624999995 0.6343906515625 0.3947368421875 0.6393989984374999 0.3947368421875 0.6644407343750001 0.398496240625 0.67111853125 0.41854636562499997 0.6777963265625 0.42481202968750004 0.6794657765625 0.428571428125 0.69282136875 0.4197994984375 0.699499165625 0.413533834375 0.7061769609375 0.40977443593749996 0.7178631046875 0.4072681703125 0.7295492484375 0.41102756874999996 0.73789649375 0.42606516250000004 0.7479131890625 0.4298245609375 0.7595993328125 0.43483709218750005 0.772954925 0.4473684203125 0.7762938234375001 0.4498746859375 0.7696160265625 0.4498746859375 0.7529215359375 0.4473684203125 0.7445742906249999 0.4473684203125 0.7295492484375 0.4473684203125 0.71619365625 0.45112782031250004 0.6911519203125 0.4536340859375 0.66944908125 0.4498746859375 0.6627712859375 0.4536340859375 0.654424040625 0.45488721875 0.642737896875 0.4536340859375 0.6343906515625 0.4498746859375 0.62604340625 0.44360902187500006 0.6176961609375 0.4398496234375 0.60267111875 0.43358395937500005 0.595993321875 0.4273182953125 0.590984975 0.41854636562499997 0.584307178125 0.41228070156249996 0.584307178125 0.41228070156249996 0.590984975 0.4160401 0.5993322203125 0.4172932328125 0.607679465625
0 0.4398496234375 0.5041736234374999 0.44360902187500006 0.5459098499999999 0.4498746859375 0.5542570953125 0.44611528749999996 0.5308848078125 0.4423558890625 0.49248747968749995 0.4398496234375 0.472454090625 0.43483709218750005 0.44407345625000005 0.4323308265625 0.472454090625 0.43609022499999994 0.48247078437499996 0.4398496234375 0.5041736234374999
0 0.48120300781249997 0.5442404 0.48621553906250004 0.540901503125 0.4899749375 0.5342237062499999 0.48120300781249997 0.5308848078125 0.4736842109375 0.5308848078125 0.46491228125 0.5308848078125 0.4636591484375 0.5325542578125 0.46240601562499994 0.5375626046875001 0.47243107812499996 0.540901503125 0.48120300781249997 0.5442404
0 0.46115288281250005 0.711185309375 0.46240601562499994 0.73956594375 0.46240601562499994 0.7595993328125 0.4636591484375 0.7746243734375 0.46491228125 0.78464106875 0.46240601562499994 0.789649415625 0.45989975000000005 0.7996661109375001 0.4586466171875 0.80801335625 0.4561403515625 0.8163606015625 0.45488721875 0.82971619375 0.46240601562499994 0.836393990625 0.467418546875 0.8330550921875 0.4736842109375 0.8196994984374999 0.4761904765625 0.80801335625 0.4761904765625 0.7929883140625 0.47493734375 0.7813021703125 0.47243107812499996 0.767946578125 0.47117794531249996 0.7595993328125 0.47117794531249996 0.7295492484375 0.4686716796875 0.7078464109375 0.46992481250000007 0.6894824703125 0.4686716796875 0.6677796328125 0.47493734375 0.6444073453125 0.4686716796875 0.62437395625 0.46240601562499994 0.6126878125 0.4561403515625 0.6043405671875 0.4561403515625 0.6126878125 0.4636591484375 0.6410684468750001 0.46115288281250005 0.711185309375
0 0.650375940625 0.7295492484375 0.6403508765625 0.72621035 0.6353383453125 0.7278798 0.6303258140625 0.7345575953125 0.6328320796875 0.7362270453125 0.6403508765625 0.73956594375 0.6478696734375 0.73956594375 0.650375940625 0.7295492484375
0 0.502506265625 0.6444073453125 0.49498746875000005 0.6444073453125 0.4887218046875 0.654424040625 0.49498746875000005 0.6577629375 0.5 0.6577629375 0.502506265625 0.6510851421875 0.502506265625 0.6444073453125
0 0.784461153125 0.55592654375 0.7932330828125 0.5609348921875 0.7982456140624999 0.5609348921875 0.7982456140624999 0.5542570953125 0.789473684375 0.5542570953125 0.784461153125 0.55592654375
1 0.7318295734375 0.8764607671875 0.745614034375 0.8397328875 0.7468671671875 0.8380634390624999 0.7568922312499999 0.8146911515624999 0.774436090625 0.779632721875 0.7982456140624999 0.73789649375 0.8082706765625 0.72621035 0.829573934375 0.7078464109375 0.8521303265625001 0.69282136875 0.8721804515624999 0.6844741234375 0.918546365625 0.6627712859375 0.9373433578125001 0.6460767953125 0.9461152875 0.6160267109374999 0.9561403515625001 0.5676126874999999 0.9674185468750001 0.51085141875 0.9674185468750001 0.48247078437499996 0.9736842109375001 0.40233722812500006 0.9862155390625 0.26043405625 0.9536340859375001 0.20868113593749998 0.9197994984375001 0.153589315625 0.895989975 0.14858096875 0.8796992484375 0.108514190625 0.8370927312499999 0.08013355625 0.7957393484375 0.0651085140625 0.7556390984375 0.0701168609375 0.710526315625 0.1118530890625 0.6942355890624999 0.18864774687500002 0.6666666671875 0.2186978296875 0.5902255640625 0.2721202 0.5814536343750001 0.290484140625 0.5488721796875 0.32053422343750004 0.497493734375 0.33055091875 0.4473684203125 0.34724540937500004 0.4172932328125 0.34557595937499996 0.3746867171875 0.3439065109375 0.3408521296875 0.3439065109375 0.3233082703125 0.3639399 0.29072681718750004 0.4173622703125 0.28195488750000003 0.45575960000000004 0.27443609062499996 0.527545909375 0.27819548906249997 0.5826377296875 0.29072681718750004 0.642737896875 0.309523809375 0.686143571875 0.3157894734375 0.7078464109375 0.3571428578125 0.766277128125 0.3947368421875 0.8230383968749999 0.44486215468749996 0.8781302171875 0.48370927343750003 0.914858096875 0.5526315796875 0.9398998328125 0.5977443609375 0.959933221875 0.6491228062500001 0.9866444078125 0.6766917296875 0.9916527546875 0.705513784375 0.9866444078125 0.71303258125 0.953255425 0.715538846875 0.9282136890625001 0.7192982453125001 0.9015025046874999 0.7318295734375 0.8764607671875
