0 0.1341503390625 0.351659215625 0.1560757734375 0.3617034984375 0.18653395625 0.369620328125 0.17274734375 0.34548277031249996 0.15163101406249999 0.338683625 0.12726234218750002 0.33441881093750003 0.1341503390625 0.351659215625
0 0.3481508015625 0.4258370375 0.34289162968750003 0.4047436515625 0.3266511578125 0.396728815625 0.308377309375 0.39094439375 0.3095803453125 0.40615535156250004 0.3290731578125 0.41163585156250004 0.3347475015625 0.4240085515625 0.337574053125 0.44053815468749996 0.33634446875 0.45118532968749997 0.350567490625 0.4459156984375 0.3481508015625 0.4258370375
0 0.538208378125 0.47668610781250004 0.5032895078124999 0.46126428124999996 0.46025305625 0.439249225 0.43466011250000003 0.44045996093750006 0.40014579375 0.42666070312500004 0.37537787968749997 0.4156016953125 0.3753619515625 0.4311165734375 0.38754097656250003 0.4384206078125 0.43017818593749996 0.45364147031249996 0.489465728125 0.47332810781249995 0.5930086859375 0.5147258828125 0.58896316875 0.49850019999999995 0.538208378125 0.47668610781250004
0 0.6376739625 0.5328879578125 0.657161465625 0.543540084375 0.66854200625 0.5372557296875 0.6555538796875 0.526706559375 0.6380997515625 0.5138240203125 0.6214441109375 0.5145298703125001 0.6376739625 0.5328879578125
0 0.68921661875 0.5786336921874999 0.700597159375 0.5723493359375 0.6815142078124999 0.5633197765625 0.667711665625 0.5546970984375 0.675004215625 0.573560071875 0.68921661875 0.5786336921874999
0 0.7822253046875 0.593359575 0.755024771875 0.577736784375 0.757446771875 0.5926438187499999 0.7680022828124999 0.5986292062499999 0.7822253046875 0.593359575
0 0.8130774203125 0.613242225 0.79683695 0.6052273890625 0.7980399859375 0.620438346875 0.807381840625 0.621556028125 0.8130774203125 0.613242225
0 0.9076671453125 0.6706597624999999 0.9202666515625 0.664071484375 0.8995601843750001 0.6537232796875 0.8687027593750001 0.6390122546875 0.8849326109375 0.65737034375 0.9076671453125 0.6706597624999999
0 0.7898958578124999 0.639703246875 0.7996528828125 0.6321002453125 0.786664753125 0.6215510765625 0.766357528125 0.6179970640625 0.7773122796874999 0.6307766453125 0.7898958578124999 0.639703246875
0 0.48157217656249995 0.6441927390625 0.5108113953125 0.652413490625 0.4746841796875 0.6269523343750001 0.4336757953125 0.6078784921875 0.443001721875 0.624511053125 0.48157217656249995 0.6441927390625
0 0.196152934375 0.49647961093750004 0.15758248125000002 0.47679792499999996 0.13849421875 0.47293999062500003 0.16447047812499999 0.4940383296875 0.2517570359375 0.542936146875 0.345149034375 0.5799711015625 0.351659028125 0.5697308078125001 0.2858827328125 0.5395979578125 0.24690772499999997 0.518293703125 0.196152934375 0.49647961093750004
0 0.3659723109375 0.476543528125 0.35054094375 0.4717738296875 0.35743425 0.483842609375 0.3696079671875 0.49631826874999996 0.3659723109375 0.476543528125
0 0.2908382328125 0.460807875 0.2827259609375 0.44904301875 0.26485666406249997 0.44488116250000004 0.2908382328125 0.460807875
0 0.3938704484375 0.6040156062500001 0.40645933593750005 0.6077705812499999 0.39225755156250003 0.5923537078125001 0.368298740625 0.5845398359375 0.3780345296875 0.5976233390625 0.3938704484375 0.6040156062500001
0 1 0.7941429796875 0.987554965625 0.8041271328124999 0.9639635421875001 0.8341372140625 0.9623081687499999 0.863848325 1 0.8808402781250001 1 0.7941429796875
1 0.09185396875 0.40012043750000004 0.115780921875 0.43896406718750003 0.15477185625 0.4447534421875 0.13817461874999998 0.388571403125 0.1179311078125 0.32295787656249997 0.0595004546875 0.2599717375 0.059420812499999996 0.33754613125 0.09185396875 0.40012043750000004
0 0.3307656984375 0.34572335625 0.3274974265625 0.36377256875 0.337222596875 0.387199325 0.3307656984375 0.34572335625
0 0.3655943078125 0.44906282812500004 0.36318823437500003 0.4186409140625 0.34899706875000003 0.3928807890625 0.3655943078125 0.44906282812500004
0 0.3496521984375 0.5461030890624999 0.339080759375 0.5556325796875 0.354102265625 0.5639513375 0.3496521984375 0.5461030890624999
1 0.5387350484375 0.3593612703125 0.5663242046875 0.3921215078125 0.5692091609375 0.35176322187500003 0.5574771625 0.304708746875 0.5428920640625 0.26698279999999996 0.5225476734375001 0.2996301734375 0.5387350484375 0.3593612703125
1 0.6413574046875 0.5061180609375 0.5934450953125 0.4853186921875 0.551217746875 0.466548771875 0.4789420765625 0.4363129625 0.4208681890625 0.42149402968749994 0.4427617640625 0.4625680703125 0.4995954484375 0.4983774328125 0.5499403765624999 0.5237405828125 0.632361696875 0.5635108343749999 0.6867839984375 0.574069909375 0.6847984078125 0.5297556859375 0.6413574046875 0.5061180609375
1 0.741238159375 0.5535992265624999 0.7282234812499999 0.5689081890625001 0.7464760921875 0.5953791171875 0.77285159375 0.6232716500000001 0.8093886703125 0.6451837484375 0.8386597468750001 0.6223747421875 0.7976726015625 0.58261439375 0.741238159375 0.5535992265624999
0 0.3889669203125 0.5157001515624999 0.416636840625 0.5862752671875 0.41056856562500005 0.5619367468750001 0.4016684296875 0.5262402484375001 0.384235540625 0.49267120468750003 0.3889669203125 0.5157001515624999
