0 0.4761904765625 0.6622073578125 0.4561403515625 0.6588628765625 0.43107769375 0.6705685625 0.4323308265625 0.6872909703125 0.45112782031250004 0.675585284375 0.4761904765625 0.6622073578125
0 0.5162907265625 0.59197324375 0.5137844609375 0.583612040625 0.5062656640625 0.5702341140625 0.502506265625 0.586956521875 0.5100250625 0.59197324375 0.5162907265625 0.59197324375
0 0.5313283203125 0.5802675578125001 0.5363408515625 0.5886287625 0.5563909781249999 0.5752508359374999 0.5814536343750001 0.565217390625 0.5776942359375 0.5501672234375 0.5639097750000001 0.5451505015625 0.5300751874999999 0.565217390625 0.5100250625 0.5752508359374999 0.5162907265625 0.5969899671875 0.5225563906249999 0.5886287625 0.5313283203125 0.5802675578125001
0 0.5939849625 0.531772575 0.5852130328125 0.5384615390625 0.58897243125 0.5501672234375 0.6002506265625 0.5451505015625 0.5939849625 0.531772575
0 0.482456140625 0.6939799328125 0.47243107812499996 0.7023411375 0.47117794531249996 0.7207357859375 0.47994987499999997 0.7274247484374999 0.5 0.678929765625 0.512531328125 0.653846153125 0.5162907265625 0.640468228125 0.4887218046875 0.6588628765625 0.48370927343750003 0.672240803125 0.4887218046875 0.6822742468749999 0.482456140625 0.6939799328125
0 0.4661654140625 0.7207357859375 0.47994987499999997 0.6822742468749999 0.47994987499999997 0.6705685625 0.4586466171875 0.7240802671875 0.45989975000000005 0.739130434375 0.4661654140625 0.7207357859375
0 0.4536340859375 0.732441471875 0.45238095312500004 0.7224080265625 0.4423558890625 0.7240802671875 0.42481202968750004 0.7257525078125 0.42606516250000004 0.73745819375 0.4373433578125 0.7341137125 0.4536340859375 0.732441471875
0 0.61904761875 0.5685618734375 0.62907268125 0.5802675578125001 0.6340852124999999 0.5668896328125 0.61904761875 0.5685618734375
0 0.6328320796875 0.58528428125 0.6378446109375 0.5969899671875 0.6428571421875 0.583612040625 0.6328320796875 0.58528428125
0 0.5313283203125 0.615384615625 0.5238095234375 0.6070234109375 0.5263157890625 0.6304347828125 0.5325814531249999 0.62374581875 0.5313283203125 0.615384615625
0 0.5877192984375 0.59197324375 0.5814536343750001 0.583612040625 0.56892230625 0.5886287625 0.5463659140625 0.6086956515625 0.5526315796875 0.61036789375 0.5639097750000001 0.6020066890625 0.5877192984375 0.59197324375
0 0.61904761875 0.5886287625 0.6253132828125 0.6020066890625 0.6203007515625 0.612040134375 0.62907268125 0.622073578125 0.6390977437500001 0.6086956515625 0.6340852124999999 0.595317725 0.6253132828125 0.58528428125 0.6177944859375 0.5685618734375 0.604010025 0.5752508359374999 0.591478696875 0.5886287625 0.601503759375 0.5886287625 0.611528821875 0.5802675578125001 0.61904761875 0.5886287625
1 0.9047619046875001 0.3913043484375 0.918546365625 0.37959866249999996 0.936090225 0.3712374578125 0.9373433578125001 0.359531771875 0.9385964906250001 0.3361204015625 0.9298245609375 0.31270902968750003 0.92105263125 0.3026755859375 0.9072681703125 0.3143812703125 0.8922305765624999 0.322742475 0.8822055140625 0.3327759203125 0.8771929828125 0.34949832812500004 0.8859649125000001 0.3745819390625 0.878446115625 0.40301003281250003 0.8847117796875 0.44314381249999996 0.8947368421874999 0.434782609375 0.898496240625 0.409698996875 0.9047619046875001 0.3913043484375
