0 0.40374949843749997 0.5645833625 0.42192000468749996 0.5715290937499999 0.43171564375000004 0.5742373 0.44649635625000006 0.5774694625000001 0.463944109375 0.57930329375 0.47034995312500005 0.5782979296875 0.46838093281250004 0.5730550437499999 0.46018057187499994 0.5671572171875 0.447717890625 0.5658473359375 0.432937178125 0.5626151765625 0.4204744984375 0.5613052953125 0.4058682921875 0.5564128312500001 0.3973189203125 0.5538356109375 0.3862770125 0.550996415625 0.3827127140625 0.5489431484375 0.3616759296875 0.5333029328125 0.36364494999999997 0.5385458203125 0.3677574984375 0.5473712921875 0.3711472921875 0.5510848625 0.3818401890625 0.5572446656250001 0.3891432921875 0.5596908968750001 0.3976926640625 0.5622681171874999 0.4003597046875 0.560869790625 0.40374949843749997 0.5645833625
0 0.52401505 0.535257659375 0.5190299781250001 0.53473370625 0.507813565625 0.5335548140624999 0.49908968906249995 0.5326378984375 0.48929405 0.5299296890625 0.4828882046875 0.530935053125 0.47541059687500004 0.530149125 0.466512215625 0.5308925125 0.463845175 0.5322908390625 0.461551878125 0.5421216734375001 0.47117301093749997 0.5464901859375 0.48577921875 0.5513826484375 0.49806739375 0.5543528328125 0.5080375375 0.5554007375000001 0.5183566921875 0.553128034375 0.52653231875 0.5472727468749999 0.5284766078125 0.540762521875 0.52401505 0.535257659375
0 0.5510825671874999 0.625392103125 0.55160608125 0.6204111921875 0.5467955140625 0.6182269359375 0.5427077 0.621154578125 0.5371991140625 0.6256115375 0.5421841859375001 0.6261354890625 0.5510825671874999 0.625392103125
0 0.4414631875 0.46950718281250003 0.45482312656249996 0.47426865781250005 0.4633724984375 0.47684587812499996 0.46728580781250006 0.4755785390625 0.46407051875 0.47020466406250006 0.44821804218750005 0.46518121093750003 0.44108944375 0.461074675 0.43306358749999996 0.45351654531249996 0.4245142171875 0.45093932499999995 0.427555 0.457973503125 0.4332628265625 0.46360935468750003 0.4414631875 0.46950718281250003
0 0.438621640625 0.47256581249999996 0.432913815625 0.46692996249999996 0.4291750125 0.4665369984375 0.42329268124999997 0.46256145000000004 0.429897765625 0.471648896875 0.43702636406249995 0.4757554328125 0.4420114359375 0.476279384375 0.438621640625 0.47256581249999996
0 0.41504148281250003 0.5170894953125 0.42573437968750005 0.5232492984375 0.43784805000000004 0.5278797875000001 0.429672421875 0.5337350734374999 0.42700538125 0.5351334 0.42595835156249995 0.545095221875 0.43911905156250003 0.5397638890625001 0.441960596875 0.5367052578125 0.447643690625 0.53058799375 0.449587978125 0.52407776875 0.4392440890625 0.5145973578125 0.4557945859375 0.5129795953125 0.44973775 0.51066435 0.43585429531250003 0.5108837859375 0.42927394531249996 0.513549453125 0.4180575328125 0.5123705609375 0.41377048125 0.5052053937500001 0.41020618124999997 0.5031521265625 0.4080873890625 0.5113226562500001 0.41504148281250003 0.5170894953125
0 0.413546509375 0.4833594703125 0.41835707656250004 0.48554372656250006 0.42406490156250004 0.49117957656250005 0.43012173750000005 0.493494821875 0.42137312656250003 0.480824790625 0.413172765625 0.4749269640625 0.3980183109375 0.463262296875 0.389468940625 0.46068507812500004 0.385904640625 0.45863180937500003 0.3843093625 0.46182142812500004 0.39216071406249997 0.47103986249999996 0.397868540625 0.4766757140625 0.413546509375 0.4833594703125
0 0.4862051703125 0.41545718281250005 0.4940317890625 0.41292250468749997 0.49846861249999996 0.4066742546875 0.507716003125 0.402610259375 0.5215994562499999 0.402390825 0.5212257124999999 0.39395831875 0.5103583109375001 0.38945881875 0.504301475 0.38714357499999996 0.49931640312500003 0.386619621875 0.49345880624999994 0.3943971890625 0.4863549421875 0.4020437671875 0.4862051703125 0.41545718281250005
0 0.7193040171875 0.631322375 0.7258843671874999 0.6286567078124999 0.7319164687499999 0.6192188390625 0.7391948390625 0.60991195625 0.74024186875 0.599950134375 0.7320415078125 0.5940523078125 0.7272309406249999 0.5918680515625 0.7183325593750001 0.5926114390625 0.7119514484375 0.6053699156250001 0.7119761812500001 0.6171230296875 0.7193040171875 0.631322375
0 0.6816411671875 0.6659726828125 0.6867760109375001 0.6530832171875 0.6872747921875 0.6363491921875 0.6810681859375001 0.6474473656249999 0.6816411671875 0.6659726828125
0 0.7506626984375 0.4768256875 0.755099525 0.4705774375 0.7518842343750001 0.4652035609375 0.7447556359374999 0.4610970265625 0.7381752859375 0.46376269218750005 0.738549028125 0.4721952 0.7506626984375 0.4768256875
0 0.662054003125 0.4087599671875 0.6527818765625 0.40107084843749996 0.6381756703125 0.396178384375 0.626062 0.391547896875 0.6189581343749999 0.399194475 0.630174546875 0.40037336718749994 0.65013956875 0.414222290625 0.664571271875 0.4207750578125 0.67882846875 0.428988128125 0.68772685 0.428244740625 0.6894966328125001 0.42339481875 0.677731971875 0.4154437234375 0.662054003125 0.4087599671875
0 0.6017783359375 0.778441190625 0.5891411515625 0.778791615625 0.603572853125 0.7853443828125 0.61087595625 0.7877906140625 0.6199488421875 0.7853869234374999 0.6295699781249999 0.7897554343750001 0.6279499671875 0.7811919406250001 0.6179798203125 0.7801440359375 0.6069379140625 0.777304840625 0.6017783359375 0.778441190625
1 0.3844563921875 0.6162722109375001 0.3914104859375 0.6220390484375 0.4033496515625 0.6283298421875 0.411699784375 0.62081425 0.4161366078125 0.6145660015625001 0.42037419375 0.598224940625 0.4221192421875 0.5816219046875 0.4181564671875 0.559383015625 0.4117258890625 0.548635265625 0.39051459843749997 0.5346553546874999 0.37144683437500003 0.524258028125 0.35345083437499997 0.5156519921875 0.34258343125 0.5111524921874999 0.3327877921875 0.508444284375 0.3330117640625 0.5302902078125 0.3362517859375 0.547417196875 0.3396663140625 0.56288388125 0.340064790625 0.5830695015625 0.348265153125 0.5889673296875 0.3580607921875 0.5916755375 0.3730407421875 0.6050005078125 0.3844563921875 0.6162722109375001
