1 0.4721254359375 0.34965035 0.5017421609375 0.3869463875 0.5209059234375 0.4265734265625 0.5487804875 0.45920745937499996 0.5905923343749999 0.47785547812500007 0.6289198609375 0.47086247031250006 0.74041811875 0.43123543125 0.8188153312500001 0.3986013984375 0.8606271781249999 0.384615384375 0.8763066203125 0.3706293703125 0.8780487812500001 0.3379953375 0.8623693375 0.3146853140625 0.831010453125 0.2867132859375 0.7979094078125 0.26340326406250003 0.7351916375 0.23076923124999998 0.6759581875 0.209790209375 0.6254355406250001 0.202797203125 0.6045296171875 0.2004662 0.4965156796875 0.2354312359375 0.28745644531250003 0.2703962703125 0.3275261328125 0.27738927812499997 0.390243903125 0.2890442890625 0.4372822296875 0.303030303125 0.4721254359375 0.34965035
1 0.6306620203125 0.80652680625 0.6358885015625 0.7995338000000001 0.6358885015625 0.790209790625 0.63240418125 0.7832167828125 0.6306620203125 0.771561771875 0.6236933796875 0.7762237765625 0.6184668984374999 0.778554778125 0.614982578125 0.7832167828125 0.6114982578125 0.778554778125 0.6045296171875 0.7762237765625 0.5993031359375001 0.7832167828125 0.6062717765625 0.790209790625 0.6045296171875 0.797202796875 0.60278745625 0.8111888109375001 0.6080139375 0.8205128203125 0.62195121875 0.8158508156250001 0.6254355406250001 0.8111888109375001 0.6306620203125 0.80652680625
1 0.7195121953125 0.6480186484375 0.7369337984375 0.64335664375 0.7491289203125 0.6363636359375 0.7630662015625 0.6293706296875 0.7735191640625 0.622377621875 0.782229965625 0.6130536125 0.78919860625 0.603729603125 0.7979094078125 0.596736596875 0.806620209375 0.5920745921874999 0.766550521875 0.59440559375 0.7369337984375 0.5990675984375 0.69163763125 0.596736596875 0.693379790625 0.6130536125 0.7055749125 0.63170163125 0.7142857140625 0.6456876453125 0.7195121953125 0.6480186484375
1 0.4216027875 0.6456876453125 0.4494773515625 0.6550116546875 0.477351915625 0.65034965 0.5174216031250001 0.65034965 0.5522648078125 0.659673659375 0.5714285718750001 0.6620046625 0.58362369375 0.659673659375 0.597560975 0.6573426578125 0.620209059375 0.6573426578125 0.6341463421875 0.6456876453125 0.6463414640625 0.63170163125 0.65156794375 0.615384615625 0.6445993031249999 0.6013986015625 0.6167247390624999 0.60606060625 0.58362369375 0.603729603125 0.5034843203125 0.5897435890625 0.4442508703125 0.56876456875 0.3937282234375 0.5571095578125 0.4006968640625 0.578088578125 0.40940766562500003 0.6107226109375 0.4198606265625 0.634032634375 0.4216027875 0.6456876453125
1 0.88675958125 0.5477855484374999 0.879790940625 0.5431235437499999 0.8588850171875 0.559440559375 0.836236934375 0.578088578125 0.8153310109374999 0.5874125875 0.806620209375 0.5990675984375 0.7996515671875 0.6083916078125 0.801393728125 0.622377621875 0.8083623687499999 0.63170163125 0.8275261328125 0.6386946390625 0.8379790937499999 0.624708625 0.8519163765625001 0.622377621875 0.8588850171875 0.622377621875 0.8675958187499999 0.6200466203125 0.874564459375 0.6177156171875 0.8815331015625001 0.6107226109375 0.885017421875 0.59440559375 0.885017421875 0.5734265734374999 0.88675958125 0.5571095578125 0.88675958125 0.5477855484374999
1 0.529616725 0.4615384609375 0.5348432062499999 0.46620046562499995 0.5383275265624999 0.47319347343749996 0.5505226484375 0.4871794875 0.560975609375 0.49650349687500006 0.5714285718750001 0.5034965031249999 0.5766550515625 0.50582750625 0.5818815328125 0.5128205125 0.5905923343749999 0.5174825171874999 0.595818815625 0.5198135203125 0.6062717765625 0.5244755249999999 0.6184668984374999 0.5221445218749999 0.6428571421875 0.5291375296874999 0.6463414640625 0.55011655 0.649825784375 0.5617715624999999 0.663763065625 0.5804195796875 0.6794425093750001 0.5897435890625 0.6898954703125 0.5897435890625 0.71080139375 0.5897435890625 0.728222996875 0.5897435890625 0.7508710796875 0.5897435890625 0.782229965625 0.5897435890625 0.8205574906249999 0.585081584375 0.831010453125 0.5664335671875 0.831010453125 0.540792540625 0.8188153312500001 0.5034965031249999 0.8118466906249999 0.46620046562499995 0.8031358890625 0.44055944062499997 0.7857142859375 0.43123543125 0.7560975609375 0.4382284375 0.7264808359375 0.44755244687499995 0.663763065625 0.47086247031250006 0.6114982578125 0.48484848437499994 0.5383275265624999 0.44755244687499995 0.529616725 0.4428904421875 0.5278745640625 0.45221445156250006 0.529616725 0.4615384609375
1 0.28919860625 0.291375290625 0.2804878046875 0.2703962703125 0.2735191640625 0.26340326406250003 0.25958188125000003 0.25641025625 0.2491289203125 0.247086246875 0.2386759578125 0.25174825156249997 0.2351916375 0.3240093234375 0.2317073171875 0.3799533796875 0.2369337984375 0.4265734265625 0.24564460000000002 0.47785547812500007 0.27003484375000003 0.5011655015625001 0.3240418125 0.3146853140625 0.2996515671875 0.2890442890625 0.28919860625 0.291375290625
1 0.37804878125 0.4988344984375 0.4006968640625 0.48951048906250005 0.3954703828125 0.45687645625 0.36759581875 0.414918415625 0.33972125468750003 0.396270396875 0.3101045296875 0.4102564109375 0.2979094078125 0.43356643281249996 0.301393728125 0.45221445156250006 0.3292682921875 0.4615384609375 0.3449477359375 0.46853146875 0.3536585359375 0.48951048906250005 0.37804878125 0.4988344984375
1 0.55923345 0.6853146859375 0.5714285718750001 0.715617715625 0.61324041875 0.6993007 0.6167247390624999 0.6620046625 0.585365853125 0.659673659375 0.55923345 0.6853146859375
1 0.62195121875 0.722610721875 0.6114982578125 0.7575757578125 0.6672473875 0.790209790625 0.668989546875 0.7435897437500001 0.6533101046875001 0.70629370625 0.62195121875 0.722610721875
1 0.522648084375 0.424242425 0.4198606265625 0.3426573421875 0.40243902499999995 0.384615384375 0.5087108015624999 0.45221445156250006 0.522648084375 0.424242425
0 0.283972125 0.377622378125 0.2752613234375 0.3869463875 0.2752613234375 0.40093240156250004 0.28745644531250003 0.40559440625 0.3031358890625 0.40559440625 0.306620209375 0.39393939375000003 0.29442508749999996 0.3822843828125 0.283972125 0.377622378125
0 0.43031358906249995 0.64335664375 0.4181184671875 0.6107226109375 0.40940766562500003 0.5897435890625 0.39721254375 0.585081584375 0.3954703828125 0.596736596875 0.40418118437499995 0.6130536125 0.41114982656250004 0.6293706296875 0.4216027875 0.652680653125 0.43379790937499996 0.6853146859375 0.4442508703125 0.6853146859375 0.43902439062500004 0.659673659375 0.43031358906249995 0.64335664375
0 0.49303135937500003 0.689976690625 0.49477351875000003 0.7016317015625 0.5034843203125 0.7109557109375 0.5139372828125001 0.708624709375 0.50522648125 0.6876456875 0.4982578390625 0.6829836828125 0.49303135937500003 0.689976690625
0 0.65156794375 0.45687645625 0.6655052265625 0.44755244687499995 0.6672473875 0.40559440625 0.656794425 0.396270396875 0.65156794375 0.41724941718749997 0.65156794375 0.45687645625
0 0.6898954703125 0.3799533796875 0.688153309375 0.396270396875 0.6968641109375 0.40792540781250003 0.7003484328125 0.3892773890625 0.6951219515625 0.375291375 0.6898954703125 0.3799533796875
0 0.7508710796875 0.4102564109375 0.747386759375 0.41958042031250004 0.7613240421875 0.414918415625 0.771777003125 0.40792540781250003 0.7787456453125 0.3986013984375 0.7787456453125 0.3869463875 0.771777003125 0.384615384375 0.766550521875 0.3916083921875 0.7508710796875 0.4102564109375
