0 0.70727848125 0.6778242671875 0.7563291140625 0.656903765625 0.7832278484375 0.648535565625 0.818037975 0.6338912140625 0.8512658234374999 0.6171548109375 0.873417721875 0.5857740578125 0.8971518984375001 0.5543933046875 0.8860759500000001 0.529288703125 0.8655063296875 0.5188284515625 0.8417721515625001 0.5167364015625 0.806962025 0.5502092046875 0.765822784375 0.5732217578125 0.694620253125 0.600418409375 0.655063290625 0.6129707109375 0.6344936703124999 0.6317991625 0.609177215625 0.6317991625 0.5933544296875 0.6297071125 0.6186708859375 0.661087865625 0.6329113921875 0.69037656875 0.6629746828124999 0.69246861875 0.70727848125 0.6778242671875
0 0.833860759375 0.48744769843749997 0.822784809375 0.4769874484375 0.8164556968750001 0.468619246875 0.80379746875 0.4832635984375 0.79272151875 0.4811715484375 0.7784810125 0.46025104531250005 0.7689873421875 0.45606694531249997 0.7689873421875 0.47489539687500004 0.7689873421875 0.49163179843749993 0.7563291140625 0.49163179843749993 0.748417721875 0.47907949843750003 0.7373417718749999 0.5 0.7183544296875 0.5041841 0.705696203125 0.5146443515625 0.697784809375 0.531380753125 0.7183544296875 0.529288703125 0.7389240499999999 0.5230125515624999 0.7689873421875 0.5125523015625 0.806962025 0.49790795 0.833860759375 0.48744769843749997
0 0.63924050625 0.48744769843749997 0.6566455703125 0.4811715484375 0.66772151875 0.47489539687500004 0.6629746828124999 0.468619246875 0.6534810125 0.472803346875 0.6455696203125 0.4769874484375 0.6376582281250001 0.4769874484375 0.6313291140625 0.4769874484375 0.62816455625 0.4811715484375 0.63924050625 0.48744769843749997
0 0.6471518984375 0.49372385 0.655063290625 0.49372385 0.6534810125 0.4895397484375 0.6487341765625 0.48744769843749997 0.6471518984375 0.49372385
0 0.7009493671875 0.464435146875 0.693037975 0.45815899531250004 0.6882911390625 0.45397489531249996 0.680379746875 0.4518828453125 0.6882911390625 0.464435146875 0.697784809375 0.472803346875 0.705696203125 0.472803346875 0.7009493671875 0.464435146875
0 0.609177215625 0.4288702921875 0.62183544375 0.43514644375 0.6329113921875 0.44351464375000005 0.6455696203125 0.44351464375000005 0.65031645625 0.43305439375 0.6424050640625001 0.4225941421875 0.6313291140625 0.41004184062500004 0.6155063296875001 0.41004184062500004 0.6155063296875001 0.4184100421875 0.6044303796875 0.4225941421875 0.609177215625 0.4288702921875
0 0.7689873421875 0.41004184062500004 0.77531645625 0.40794979062500003 0.7705696203125 0.399581590625 0.7579113921875 0.40376569062499995 0.751582278125 0.412133890625 0.7594936703124999 0.4142259421875 0.7689873421875 0.41004184062500004
0 0.77531645625 0.40794979062500003 0.7721518984375 0.4142259421875 0.780063290625 0.4225941421875 0.7879746828124999 0.42468619218750003 0.7863924046874999 0.4184100421875 0.77531645625 0.40794979062500003
0 0.7705696203125 0.4288702921875 0.7547468359375 0.43305439375 0.7373417718749999 0.43933054374999997 0.7325949359374999 0.43514644375 0.7278481015625 0.44142259375000004 0.7373417718749999 0.4497907953125 0.7547468359375 0.44142259375000004 0.77531645625 0.43514644375 0.79272151875 0.4288702921875 0.79272151875 0.42468619218750003 0.7848101265625 0.42677824218750005 0.7705696203125 0.4288702921875
0 0.7990506328125 0.405857740625 0.79272151875 0.40794979062500003 0.802215190625 0.4163179921875 0.806962025 0.4225941421875 0.8101265828124999 0.4163179921875 0.7990506328125 0.405857740625
0 0.8560126578125 0.4497907953125 0.8575949359375 0.464435146875 0.8639240499999999 0.462343096875 0.8623417718749999 0.45397489531249996 0.8560126578125 0.4497907953125
0 0.82120253125 0.43933054374999997 0.806962025 0.4456066953125 0.819620253125 0.45397489531249996 0.8275316453125001 0.4518828453125 0.8259493671874999 0.4456066953125 0.82120253125 0.43933054374999997
0 0.583860759375 0.742677825 0.6044303796875 0.744769875 0.609177215625 0.7384937234375 0.594936709375 0.7322175734374999 0.572784809375 0.7322175734374999 0.5458860765625 0.725941421875 0.5490506328125 0.7322175734374999 0.5601265828125 0.7343096234375001 0.583860759375 0.742677825
