1 0.578900559375 0.6571750656249999 0.5369915625 0.6627151578125 0.5133970578125 0.6779730640625 0.491144253125 0.69299439375 0.49850591875 0.758281684375 0.5319056953125 0.7986322296874999 0.5693967890625 0.7994199109375 0.6206874015625 0.760782503125 0.6353593125 0.7341507390625 0.6187690390625 0.6871370375 0.6065304484375 0.67264869375 0.578900559375 0.6571750656249999
1 0.7437766453125 0.6428997062499999 0.7079435484375 0.64366926875 0.6804769515625 0.644813184375 0.6548316453125 0.6641318890625 0.6403995296875 0.6999693359375 0.6510771921875 0.7683711140625 0.7000109890624999 0.7634419515624999 0.7496538875 0.75468856875 0.7777427968749999 0.7256910265625 0.7931238109375001 0.6952350421875 0.789797528125 0.6606792875 0.7638256390625 0.6467629015624999 0.7437766453125 0.6428997062499999
1 0.7630811703125 0.7837640609375 0.7779266578125 0.8051911109375001 0.796317653125 0.807497059375 0.8319874578125 0.790109953125 0.8310282765625001 0.7532872203125 0.7651216875 0.7482619921875 0.7630811703125 0.7837640609375
0 0.8770639609374999 0.5750073234374999 0.8551274546875 0.591822471875 0.8189883437500001 0.6222394828125 0.7800025421875 0.6365121031250001 0.74409294375 0.644693528125 0.71725894375 0.6494250859374999 0.72539593125 0.6720350265625 0.75357163125 0.667066890625 0.782849234375 0.6526564921875 0.7943787234374999 0.6709690562499999 0.8223146265624999 0.6567952390625 0.8614534359375 0.62769889375 0.8832266499999999 0.5942661984375001 0.8770639609374999 0.5750073234374999
0 0.6246154296875 0.7046020921875 0.6565764328125 0.689718540625 0.6781201343750001 0.67852143125 0.66217274375 0.6665366421875001 0.6420472453125 0.6700853109375 0.6235797453124999 0.675191221875 0.6148204421875 0.680434909375 0.6246154296875 0.7046020921875
0 0.340873859375 0.7194911187499999 0.3548469546875 0.7281248421875001 0.37308494375 0.7452545171875 0.413652240625 0.7399510015625 0.47221773125000005 0.742571478125 0.4724472421875 0.720335890625 0.44245025312499997 0.7071292375 0.39927040156250004 0.7157734984374999 0.340873859375 0.7194911187499999
0 0.5440163625000001 0.663326090625 0.5295739609375001 0.66772226875 0.514356240625 0.7147957968750001 0.5224167234375 0.7448175984375001 0.527717303125 0.78272441875 0.5403384140624999 0.7601534515624999 0.537568225 0.7365972000000001 0.5388996406250001 0.7049193546875 0.5414962531249999 0.680416790625 0.5440163625000001 0.663326090625
1 0.44308285156249994 0.7107168796875001 0.41372874375 0.7325391406249999 0.4112189203125 0.781071109375 0.43782340781249995 0.7985751390625 0.4649737046875 0.7956374 0.4850124171875 0.7680593250000001 0.48224222812499995 0.744503075 0.474421540625 0.72368695625 0.4584741484375 0.711702165625 0.44308285156249994 0.7107168796875001
0 0.306851771875 0.7069942 0.28648647656250004 0.701337184375 0.24197058437500002 0.699938571875 0.21852908593749998 0.700372753125 0.2020358859375 0.7088297296875 0.216881371875 0.7302567796874999 0.2512962640625 0.7371356578125 0.2797117578125 0.7413732046875 0.31278495 0.7484886609375 0.3315687484375 0.7451765703125 0.331798259375 0.722940984375 0.31719256875 0.710719615625 0.306851771875 0.7069942
1 0.48847565312499996 0.4974080703125 0.5823946484375 0.4808476171875 0.6438730500000001 0.46075935156250003 0.7219211578125 0.424802246875 0.75940196875 0.394148659375 0.7410771921875 0.3529895765625 0.688097728125 0.2957459328125 0.5762570421875 0.29697053281249997 0.45392255312499996 0.3092934390625 0.35021885468749997 0.333127978125 0.27895575156249997 0.36049033124999996 0.2357153375 0.397708271875 0.2319403171875 0.439064959375 0.2537341 0.46851480156249997 0.2816037828125 0.49319411406249997 0.3098662703125 0.5122553859375001 0.35272416406249996 0.51209675625 0.4150749578125 0.5048018140625 0.48847565312499996 0.4974080703125
