1 0.2062635609375 0.526760803125 0.21184163437499998 0.5331045125 0.21911729218749998 0.5399030875 0.2308795703125 0.5503283859375 0.235851509375 0.558934215625 0.24252103281249998 0.5679949109375 0.24870524062500002 0.5720764984375 0.2554955796875 0.573895965625 0.265195771875 0.5716460546875 0.2725922453125 0.5712034 0.277685 0.572568 0.2879913234375 0.5680559671875 0.2932048953125 0.5621793359375 0.2939318453125 0.552675984375 0.292355075 0.5449798875 0.28156343281249996 0.544512809375 0.2645875828125 0.53996414375 0.2567057921875 0.535427690625 0.251733853125 0.526821859375 0.2427606109375 0.51956841875 0.233666553125 0.5195562078125 0.21608456875 0.5172696625000001 0.2062635609375 0.526760803125
1 0.4183388078125 0.5569163171875 0.4058495796875 0.5559943734374999 0.3825687078125 0.5546053515625 0.365592859375 0.5500566859375 0.3486170109375 0.5455080203125 0.33103502812499996 0.5432214765625 0.31915193125 0.5400374109375 0.311513828125 0.554962528125 0.313090596875 0.562658625 0.3283688609375 0.5667524234375 0.349952146875 0.567686578125 0.375415921875 0.5745095765625 0.414460375 0.5849715062499999 0.4456230375 0.59089698125 0.464296471875 0.5959005140625 0.48296990624999997 0.6009040453125001 0.496550584375 0.6045429765625 0.519225321875 0.6081941203125 0.51667791875 0.5905398046875 0.5038241875 0.577397521875 0.485877703125 0.5628906375 0.473388475 0.56196869375 0.4535027734375 0.5614894046875001 0.4376183765625 0.559657728125 0.4183388078125 0.5569163171875
1 0.2280946421875 0.61504459375 0.21839445156249998 0.6172945046875 0.2052990890625 0.61863468125 0.19280986093750002 0.6177127375 0.18310966875 0.619962646875 0.1732886609375 0.6294537874999999 0.185657075 0.6376169625 0.20032920468749998 0.6439728828125 0.2076048625 0.6507714578125 0.2179111875 0.6462594265625 0.22870283125 0.6467265046875 0.2417981921875 0.6453863265625001 0.257682590625 0.6472180046875 0.2758707078125 0.6472424265625001 0.295150275 0.6499838375 0.30375901562499996 0.6450169390625 0.30848726875 0.6341611984375 0.28653948125 0.6210067031250001 0.27877850625 0.60922901875 0.2698052625 0.6019755765625 0.26180265468749997 0.604680353125 0.2542853671875 0.6123642390625 0.2451913078125 0.612352028125 0.2360972484375 0.6123398171875001 0.2280946421875 0.61504459375
0 0.467083453125 0.5651283375 0.46138456406249995 0.5660258578125 0.46393197031250005 0.5836801734375 0.4684185921875 0.5873068953125 0.47690651562499997 0.5895812265625 0.4860005734375 0.5895934390625001 0.496186084375 0.5923226374999999 0.5046740078124999 0.5945969703125 0.5125558 0.5991334234375 0.5193461390625 0.600952890625 0.5137680671875 0.59460918125 0.5064924078125 0.5878106062499999 0.4963068984375 0.5850814078125001 0.4884251078125 0.580544953125 0.47872491562499997 0.5827948640625 0.47023699218750004 0.58052053125 0.4663565046875 0.5746316890625 0.467083453125 0.5651283375
0 0.415680859375 0.716223390625 0.4207736140625 0.7175879890625 0.4281700875 0.7171453343749999 0.43217139062500004 0.7157929453125 0.43229220625 0.708551715625 0.4208944296875 0.7103467593749999 0.415680859375 0.716223390625
0 0.2393654421875 0.5186586859375 0.22917993124999997 0.5159294859375 0.21947973906249998 0.518179396875 0.207961146875 0.5272156703124999 0.2187527890625 0.5276827484375 0.22505781093750002 0.5245231046875001 0.2324542859375 0.52408045 0.243731246875 0.5295266359374999 0.247611734375 0.535415478125 0.25149222187500003 0.5413043203125001 0.2588886953125 0.540861665625 0.2650729 0.544943253125 0.27356082656249997 0.5472175859374999 0.28204875 0.5494919171875 0.2894452234375 0.5490492625 0.29465879375 0.54317263125 0.2878684546875 0.541353165625 0.27707681093750003 0.5408860875 0.270286471875 0.539066621875 0.26240467968750003 0.53453016875 0.25391675625 0.5322558359375 0.2477325484375 0.5281742484375 0.24385206250000002 0.52228540625 0.2393654421875 0.5186586859375
0 0.2782911328125 0.570305878125 0.2862937390625 0.5676011015625 0.291992628125 0.5667035796875 0.292719578125 0.5572002265625 0.285323103125 0.5576428812499999 0.276229046875 0.5576306703125 0.26713498750000003 0.557618459375 0.256949478125 0.554889259375 0.26022383125 0.5630402250000001 0.2664080390625 0.5671218125 0.270409340625 0.5657694234374999 0.2782911328125 0.570305878125
0 0.1820182171875 0.617245659375 0.18492806875 0.6131762828125 0.185534203125 0.6109141609375001 0.179835315625 0.611811684375 0.17462174531250002 0.6176883140625 0.171105759375 0.6240198125 0.16758977343749998 0.6303513093750001 0.17098494375 0.6312610421875 0.1778960984375 0.6258392781250001 0.1820182171875 0.617245659375
0 0.1261187296875 0.5949938343750001 0.1249064625 0.5995180765625 0.1287869515625 0.60540691875 0.1388516453125 0.6153773484375 0.14285294843750002 0.614024959375 0.1355772921875 0.607226384375 0.1306053515625 0.5986205546875001 0.1261187296875 0.5949938343750001
0 0.2647125078125 0.6006109765625001 0.25719521875 0.6082948625 0.2599842546875 0.6114667171875 0.2639855578125 0.610114328125 0.27029057968750003 0.6069546859375 0.2748980171875 0.6033401765625 0.2744126984375 0.5983610671874999 0.2647125078125 0.6006109765625001
0 0.2109979765625 0.6177371593750001 0.202510053125 0.6154628265625 0.19620503125 0.6186224703125001 0.19159759375000002 0.6222369796875 0.1966903484375 0.6236015796875 0.201783103125 0.624966178125 0.20978570937500002 0.6222614015625 0.21487846562500001 0.6236260015624999 0.2216688046875 0.6254454671875 0.2284591453125 0.6272649343750001 0.23585561875 0.626822278125 0.23864465468749999 0.6299941328124999 0.24604112812499998 0.629551478125 0.2511338828125 0.6309160765625 0.2545290515625 0.631825809375 0.257924221875 0.63273554375 0.26810973125 0.6354647421874999 0.27271716874999996 0.6318502328125 0.265926828125 0.6300307671875001 0.25804503749999996 0.6254943125 0.25234615 0.626391834375 0.24616194375 0.6223102468749999 0.24046305625 0.6232077687500001 0.23537029999999998 0.6218431703125 0.225790925 0.6168518484375001 0.2109979765625 0.6177371593750001
0 0.29272368593750003 0.6250882890625 0.28763093125 0.623723690625 0.2808405921875 0.621904225 0.27514170312499997 0.622801746875 0.2711404 0.6241541359375 0.2762331546875 0.6255187359375001 0.28302349375 0.6273382015625 0.2938151375 0.6278052796875 0.29272368593750003 0.6250882890625
