0 0.334332621875 0.2949443359375 0.33120753281250004 0.3002904421875 0.34776810468749997 0.3119513640625 0.3489738390625 0.30417568125 0.334332621875 0.2949443359375
0 0.3578569921875 0.30611830156250003 0.3549103078125 0.3140157234375 0.3720060953125 0.3333305890625 0.375131184375 0.3279844828125 0.3578569921875 0.30611830156250003
0 0.36798898125 0.3259201234375 0.3488385359375 0.327259253125 0.34937375312499996 0.334913196875 0.370265146875 0.33345232812500003 0.36798898125 0.3259201234375
0 0.258801278125 0.315608740625 0.2600070109375 0.30783305781250003 0.2596502 0.302730428125 0.25250799687500003 0.30066607031250003 0.24032135000000002 0.30151824375 0.23143819843750002 0.2995756234375 0.2244744 0.3000625796875 0.21402870312500002 0.30079301406250003 0.20880585468750001 0.30115823124999996 0.207421715625 0.3063826 0.21282296875 0.3085686984375 0.2232686671875 0.30783826406250003 0.23215181875000002 0.30978088125 0.23947242812499997 0.31439655625 0.2499181234375 0.313666121875 0.258801278125 0.315608740625
0 0.26924098281250003 0.4148665375 0.26419653906249996 0.41778306875000004 0.2664727046875 0.4253152734375 0.27325809687499997 0.4222770015625 0.26924098281250003 0.4148665375
0 0.302183721875 0.43563706562500004 0.29347897343749996 0.4362457609375 0.2940141890625 0.44389970468750006 0.3009779875 0.4434127484375 0.302183721875 0.43563706562500004
0 0.3275843421875 0.423605721875 0.33646749531250003 0.42554834062499997 0.33173675937499997 0.40793261562499994 0.32477296093749997 0.408419571875 0.3241024421875 0.4238492 0.3275843421875 0.423605721875
1 0.14670400156250002 0.438817896875 0.1533540921875 0.45886319843749995 0.166432765625 0.47076759843750005 0.18143079374999999 0.485101575 0.1910275671875 0.4972494515625 0.20062434062499998 0.5093973296875001 0.2054903796875 0.503929484375 0.20509046406250003 0.47319196874999997 0.206966715625 0.4499866578125 0.203084903125 0.4194926203125 0.2009440390625 0.38887684375 0.19706222499999998 0.35838280624999996 0.197197528125 0.335299234375 0.2025556765625 0.3118504453125 0.206351284375 0.2910747109375 0.21501292656249998 0.26483113125 0.22420978749999998 0.24624149218750002 0.2134072796875 0.2418692984375 0.19947968437500002 0.2428432109375 0.183632734375 0.24138754687500003 0.1660448328125 0.2400536234375 0.14359089687499998 0.24418754374999999 0.13073373125 0.2604693453125 0.129214290625 0.288777284375 0.12907898906249998 0.31186085625 0.1265322203125 0.35049579531249997 0.1292083 0.388765515625 0.13813455624999998 0.41634302187500005 0.14670400156250002 0.438817896875
0 0.205896284375 0.43467876875 0.2068314140625 0.4730702296875 0.2060255953125 0.511583428125 0.2152655578125 0.5186286765625 0.2250407375 0.5333278703125 0.2342807 0.54037311875 0.2473593734375 0.55227751875 0.257134553125 0.5669767125 0.2667313265625 0.579124590625 0.2798099984375 0.591028990625 0.27838275625 0.5706184734375 0.27798284375 0.53988095625 0.2819568546875 0.5216565375 0.2963765625 0.5027016828125 0.29669026875000004 0.4821694265625 0.3003074703125 0.45884237656250004 0.304103075 0.4380666421875 0.30651454375 0.422515275 0.3120510984375 0.4016178015625 0.316025109375 0.38339338125 0.33008800781250003 0.3593358984375 0.334597234375 0.348765421875 0.33839284062499997 0.3279896875 0.32477895156250003 0.30843134375000003 0.30821838125 0.29677042187499997 0.28366668125 0.295923453125 0.2566604140625 0.284992965625 0.238537296875 0.27600509687499997 0.21380719374999999 0.2726068140625 0.20894115625 0.278074659375 0.206351284375 0.2910747109375 0.20152834999999997 0.32217744375 0.1994736921875 0.3428314390625 0.2014361515625 0.3708959015625 0.20339860937499998 0.3989603625 0.205896284375 0.43467876875
0 0.338694565625 0.5074338890625001 0.3439174140625 0.507068671875 0.34547995781249996 0.50439561875 0.3418196546875 0.5020877828125 0.3379809453125 0.4972286296875 0.332579690625 0.495042534375 0.32891938593750003 0.49273469687500004 0.32351813281249997 0.4905486 0.3181168796875 0.48836250156250005 0.314456575 0.48605466406250003 0.31325084062499997 0.4938303484375 0.3184736890625 0.49346513124999997 0.32039304375 0.49589470625 0.3257942984375 0.49808080312499997 0.33119555156249997 0.5002669015625 0.3365968046875 0.502453 0.338694565625 0.5074338890625001
1 0.0806892140625 0.3203721796875 0.086447278125 0.32766090625 0.09533043125 0.3296035265625 0.0984555203125 0.32425741874999997 0.1054193171875 0.3237704625 0.10765237968750001 0.30566778125 0.1097070359375 0.28501378593750004 0.11385945312500001 0.26934067968750003 0.117476653125 0.2460136296875 0.12006652656250001 0.233013578125 0.12265639843750001 0.22001352812500002 0.121764371875 0.2072569546875 0.12279169999999999 0.19692995625 0.105917421875 0.20580129062500002 0.0961853453125 0.216736984375 0.0873452953125 0.24042924999999998 0.0847554234375 0.253429303125 0.0819871453125 0.2638780390625 0.076628996875 0.287326828125 0.0796187828125 0.30506429218750003 0.0806892140625 0.3203721796875
1 0.38962511875 0.560275859375 0.4068131046875 0.5308722671874999 0.4222170375 0.4759555296875 0.4151670328125 0.4251727140625 0.397536028125 0.398203903125 0.33133684375 0.3771951 0.31352144375 0.44766320625 0.31325084062499997 0.4938303484375 0.38962511875 0.560275859375
1 0.4064311625 0.20017006249999997 0.429598721875 0.2062414 0.42411126093749996 0.1527855296875 0.3954562421875 0.0932583234375 0.376797909375 0.07661651093750001 0.3682715671875 0.0797765203125 0.368136265625 0.1028600921875 0.37255329531250003 0.141008075 0.3858534765625 0.18109867500000001 0.4064311625 0.20017006249999997
1 0.294394965625 0.049049415624999995 0.30573268750000004 0.0610755546875 0.3341230953125 0.066781675 0.3682715671875 0.0797765203125 0.41219521875 0.1074705609375 0.425187684375 0.0681051875 0.41871599843749996 0.050611203125000004 0.3967541734375 0.036764182812500004 0.373229803125 0.025590217187499997 0.34849969999999997 0.022191934375 0.3136807109375 0.0246267140625 0.294394965625 0.049049415624999995
