0 0.5419568359375 0.65017793125 0.5229010921875 0.6400668453125 0.50580350625 0.6282007140625 0.4922641546875 0.6063478609375 0.45027829218750004 0.5811012421874999 0.4490782359375 0.587274996875 0.4762827515625 0.605377065625 0.4859896640625 0.613670921875 0.4960546578125 0.6284414046875 0.5092359281250001 0.64381763125 0.52441729375 0.6489042640625 0.537598565625 0.6642804890625 0.5632868796875 0.673545140625 0.5803005906250001 0.7024803640624999 0.5817748546875 0.719852328125 0.5723002125 0.7436387375 0.563267528125 0.7568326812499999 0.5710582203125 0.7583470390625 0.5781327468749999 0.7469081421875 0.589965565625 0.7193087671875 0.5884913015625 0.701936803125 0.57766820625 0.6827476124999999 0.55749628125 0.661741190625 0.5419568359375 0.65017793125
0 0.4255190609375 0.70015765 0.42404479687499996 0.6827856875 0.4174122234375 0.6836321203125 0.41671864531249997 0.7454318609375 0.4323000296875 0.748460575 0.441648859375 0.750277803125 0.46038845625 0.7453777140625 0.46937920625 0.7407183140625 0.477211834375 0.7336981265625 0.4811700859375 0.7216534859375 0.47965388437499995 0.71281606875 0.47853770156250003 0.7019207328125 0.45289132499999996 0.6841215359375 0.46803075312500003 0.6977427140625 0.47422136875 0.7074887453125001 0.4694630796875 0.7236492234375 0.4585141734375 0.73006366875 0.44053267656250006 0.7393824671875 0.43078382812499993 0.7396231578125 0.42379317343749995 0.7339929640625 0.4255190609375 0.70015765
0 0.4190090640625 0.5173599109375 0.42515774375 0.5356404875 0.4274739828125 0.5403620671875 0.4283159578125 0.527711684375 0.421767259375 0.511489025 0.40182760625 0.5225628703125 0.4037438265625 0.52934236875 0.4190090640625 0.5173599109375
0 0.6210605765625 0.5011072109375 0.612553721875 0.4866395984375 0.59493030625 0.502435025 0.6105536265625 0.49692919375000005 0.5854976015625 0.5176868875 0.6140279859375 0.5040115625 0.6022790421875001 0.5145418453125 0.6030371437500001 0.518960553125 0.6210605765625 0.5011072109375
0 0.590655909375 0.4994684921875 0.6000466765625 0.492751175 0.5930979609375 0.4785864328125 0.5771165578125 0.4776156375 0.5774746390625001 0.4840922640625 0.5817490359375 0.487058796875 0.5684000171875 0.50582075625 0.584065275 0.4917803796875 0.5726744140625 0.5087872890625 0.590655909375 0.4994684921875
1 0.5521444062499999 0.481304240625 0.4879026515625 0.4624098859375 0.49436747499999995 0.49570163593750005 0.56911618125 0.5187740109375001 0.5521444062499999 0.481304240625
0 0.7244654781250001 0.48490062187499994 0.7295399109375 0.4837513171875 0.7190329609375 0.47957330000000004 0.7112003328125 0.4865934890625 0.713116553125 0.4933729875 0.7197910624999999 0.4839920078125 0.7244654781250001 0.48490062187499994
0 0.8159149828125001 0.6799375828125 0.8139987625 0.673158084375 0.7969431140625 0.65275740625 0.7902686046875 0.662138384375 0.799259353125 0.6574789859375 0.8027337125 0.6645613546875 0.808524309375 0.67636530625 0.8088823906249999 0.6828419328125 0.8159149828125001 0.6799375828125
0 0.5516443953125 0.741759328125 0.556760765625 0.732075478125 0.5579608234375 0.7259017203125 0.5537283640624999 0.7144006421875 0.5389889546875 0.69872154375 0.5385469984375 0.709314009375 0.5385050625 0.7178485546875 0.53806310625 0.7284410203125 0.5325047796875 0.748717334375 0.5285465281249999 0.760761975 0.5386953953125 0.7584633671875001 0.5472861250000001 0.7558618859374999 0.54848618125 0.7496881296875 0.5516443953125 0.741759328125
0 0.4128829703125 0.573832328125 0.41404109062499994 0.5761931171875 0.39774354375 0.5602111484375001 0.398101625 0.5666877765625 0.40896665624999995 0.577342421875 0.41559922812499994 0.5764959890625 0.4128829703125 0.573832328125
0 0.6147860859375001 0.508430271875 0.6390001359374999 0.500322959375 0.6421164125 0.500928703125 0.6491490046874999 0.49802435 0.6515071796874999 0.49421138437499995 0.646432746875 0.4953606890625 0.6292512875 0.5005636499999999 0.6195024375 0.500804340625 0.6147860859375001 0.508430271875
