1 0.7290836656249999 0.4155069578125 0.7118193890625 0.451292246875 0.6945551125 0.4950298203125 0.6839309421875 0.54671968125 0.6932270921875 0.5765407546875 0.7065073046875 0.592445328125 0.7290836656249999 0.5844930421875 0.7596281546875 0.548707753125 0.7928286859375 0.5228628234375 0.8326693234375 0.48906560624999995 0.8539176625 0.4373757453125 0.8539176625 0.40556660000000005 0.8393094296875001 0.36580516875 0.8114209828125001 0.3598409546875 0.802124834375 0.36381709687499997 0.7875166 0.367793240625 0.7290836656249999 0.4155069578125
1 0.669322709375 0.6023856859375 0.6839309421875 0.566600396875 0.6918990703125 0.5367793234375 0.689243028125 0.5029821078125 0.6653386453125 0.512922465625 0.6440903046875001 0.5387673953125 0.636122178125 0.5705765406250001 0.6533864546875 0.6003976140625 0.669322709375 0.6023856859375
0 0.73439575 0.5208747515625001 0.73439575 0.5149105375 0.72775564375 0.5149105375 0.715803453125 0.5188866796875 0.70119521875 0.5228628234375 0.6998671984375 0.5288270374999999 0.707835325 0.5288270374999999 0.73439575 0.5208747515625001
0 0.7503320046875 0.51093439375 0.7397078359375 0.512922465625 0.7397078359375 0.5188866796875 0.7503320046875 0.5188866796875 0.7503320046875 0.51093439375
0 0.775564409375 0.50695825 0.768924303125 0.50695825 0.762284196875 0.50695825 0.75431606875 0.508946321875 0.7569721109375 0.5149105375 0.768924303125 0.5149105375 0.775564409375 0.50695825
0 0.8260292171874999 0.4990059640625 0.8313413015625001 0.4950298203125 0.8273572375 0.49304175 0.8180610890625 0.49304175 0.8034528546875 0.4950298203125 0.7928286859375 0.5009940359375 0.7848605578125001 0.5009940359375 0.7782204515625 0.5049701796875 0.78087649375 0.51093439375 0.7875166 0.508946321875 0.8260292171874999 0.4990059640625
0 0.609561753125 0.588469184375 0.6188579015625 0.5844930421875 0.6175298812500001 0.5785288265624999 0.5936254984375 0.5864811140625 0.5763612218749999 0.592445328125 0.556440903125 0.5984095421875 0.5537848609375 0.6043737578124999 0.5644090312500001 0.6023856859375 0.609561753125 0.588469184375
1 0.5378486062500001 0.69184890625 0.5405046484375 0.675944334375 0.536520584375 0.658051690625 0.5444887125 0.6282306156249999 0.5644090312500001 0.5805168984375 0.5657370515625 0.552683896875 0.5590969453125 0.53280318125 0.548472775 0.53280318125 0.5405046484375 0.54671968125 0.5325365203125 0.566600396875 0.52855245625 0.5725646125 0.5152722437499999 0.574552684375 0.5006640109375 0.5805168984375 0.4860557765625 0.5984095421875 0.4807436921875 0.6163021875 0.48207171249999997 0.63419483125 0.48871181874999997 0.64811133125 0.4926958828125 0.6640159046874999 0.5006640109375 0.6858846921875 0.5059760953125 0.7017892640625 0.5152722437499999 0.7077534796875 0.5272244359375 0.7037773359374999 0.5378486062500001 0.69184890625
1 0.041168659375 0.41351888593749997 0.0358565734375 0.4433399609375 0.0371845953125 0.4990059640625 0.0491367859375 0.526838965625 0.05976095625 0.5347912531250001 0.0424966796875 0.5586481109375 0.0438247015625 0.596421471875 0.05976095625 0.6381709734375 0.078353253125 0.69184890625 0.091633465625 0.6998011921875 0.100929615625 0.6640159046874999 0.09960159375 0.632206759375 0.08632138125 0.6023856859375 0.1035856578125 0.574552684375 0.1035856578125 0.53280318125 0.1035856578125 0.48508946249999996 0.1035856578125 0.41153081562500005 0.100929615625 0.36381709687499997 0.08233731718750001 0.33001988125000004 0.06905710468750001 0.324055665625 0.0491367859375 0.3001988078125 0.041168659375 0.33200795156249996 0.034528553125 0.3817097421875 0.041168659375 0.41351888593749997
1 0.59495351875 0.451292246875 0.59495351875 0.433399603125 0.5909694562500001 0.4214711734375 0.57768924375 0.41351888593749997 0.563081009375 0.40556660000000005 0.5418326687499999 0.39761431406250003 0.5258964140625 0.4015904578125 0.5166002656249999 0.4174950296875 0.5179282875 0.4433399609375 0.5272244359375 0.4592445328125 0.5431606906249999 0.4572564609375 0.5657370515625 0.45526838906249995 0.5790172640625 0.45328031874999997 0.59495351875 0.451292246875
0 0.48871181874999997 0.63419483125 0.509960159375 0.6998011921875 0.5139442234375 0.6878727640625 0.4940239046875 0.6202783296875001 0.48871181874999997 0.63419483125
0 0.8127490046875 0.574552684375 0.7729083671875 0.5944334 0.7782204515625 0.6023856859375 0.8167330671874999 0.5844930421875 0.8127490046875 0.574552684375
