0 0.5517241375 0.5344352609375 0.5454545453125 0.5371900828125 0.5376175546875 0.5371900828125 0.539184953125 0.539944903125 0.5438871468750001 0.5426997250000001 0.5517241375 0.5426997250000001 0.5611285265625 0.5426997250000001 0.5611285265625 0.548209365625 0.5564263328125 0.5509641875 0.554858934375 0.5509641875 0.5501567390625001 0.5509641875 0.5407523515625 0.5509641875 0.53605015625 0.5509641875 0.5407523515625 0.5564738296875 0.5501567390625001 0.5564738296875 0.5517241375 0.5619834703125 0.5454545453125 0.5619834703125 0.53605015625 0.5619834703125 0.5313479625 0.5647382921874999 0.539184953125 0.5674931125 0.5485893421875 0.570247934375 0.5658307203125 0.570247934375 0.5830721 0.570247934375 0.5877742953125 0.5674931125 0.5909090906250001 0.55922865 0.5940438875 0.5564738296875 0.5877742953125 0.5426997250000001 0.5830721 0.5344352609375 0.5783699062500001 0.5289256203125 0.56739811875 0.5289256203125 0.5564263328125 0.5261707984374999 0.5485893421875 0.5261707984374999 0.539184953125 0.5289256203125 0.5423197484375 0.531680440625 0.5501567390625001 0.5344352609375 0.5517241375 0.5344352609375
0 0.554858934375 0.5950413218749999 0.5642633234375001 0.5950413218749999 0.5768025078125001 0.5950413218749999 0.5799373046875 0.5895316796875 0.5783699062500001 0.586776859375 0.5705329156250001 0.586776859375 0.56739811875 0.5840220390625 0.5532915359375 0.586776859375 0.534482759375 0.586776859375 0.534482759375 0.5922865015625 0.5454545453125 0.5950413218749999 0.554858934375 0.5950413218749999
0 0.5705329156250001 0.6170798890625 0.5736677109375 0.61432506875 0.5783699062500001 0.6088154265625 0.5815047015625 0.603305784375 0.586206896875 0.603305784375 0.5877742953125 0.6005509640625 0.586206896875 0.59779614375 0.5799373046875 0.5950413218749999 0.5768025078125001 0.6005509640625 0.5736677109375 0.60606060625 0.5642633234375001 0.6088154265625 0.5564263328125 0.6088154265625 0.54702194375 0.6088154265625 0.5407523515625 0.6115702484375001 0.534482759375 0.61432506875 0.5438871468750001 0.6170798890625 0.559561128125 0.6170798890625 0.5705329156250001 0.6170798890625
0 0.5721003140625001 0.51239669375 0.56739811875 0.5068870515625 0.5658307203125 0.5096418734375 0.5705329156250001 0.5179063359375 0.575235109375 0.523415978125 0.5815047015625 0.5289256203125 0.5815047015625 0.5261707984374999 0.5783699062500001 0.52066115625 0.5721003140625001 0.51239669375
0 0.54702194375 0.46280991718750003 0.5438871468750001 0.460055096875 0.5423197484375 0.46280991718750003 0.5485893421875 0.4738292015625 0.5564263328125 0.48760330625000003 0.5658307203125 0.5013774109375 0.5689655171875 0.5013774109375 0.562695925 0.48760330625000003 0.5579937296875 0.47933884375 0.5517241375 0.4710743796875 0.54702194375 0.46280991718750003
0 0.554858934375 0.48760330625000003 0.5532915359375 0.48484848437499994 0.5517241375 0.4820936640625 0.5485893421875 0.4820936640625 0.5501567390625001 0.48760330625000003 0.554858934375 0.4931129484375 0.5564263328125 0.49586776875 0.5611285265625 0.5013774109375 0.559561128125 0.49862258906249995 0.5579937296875 0.4931129484375 0.5564263328125 0.4903581265625 0.554858934375 0.48760330625000003
0 0.5642633234375001 0.5179063359375 0.56739811875 0.523415978125 0.5705329156250001 0.523415978125 0.56739811875 0.5151515156250001 0.5642633234375001 0.51239669375 0.562695925 0.5151515156250001 0.5642633234375001 0.5179063359375
0 0.471786834375 0.154269971875 0.47021943593750004 0.15702479375 0.47021943593750004 0.15977961406250002 0.47021943593750004 0.16528925625 0.47335423125 0.16528925625 0.47648902812499994 0.1680440765625 0.4780564265625 0.1707988984375 0.479623825 0.1707988984375 0.479623825 0.14876033125000002 0.47648902812499994 0.14876033125000002 0.47335423125 0.1515151515625 0.471786834375 0.154269971875
0 0.46238244531249995 0.1707988984375 0.45611285312499994 0.1707988984375 0.44984326093749993 0.1873278234375 0.45454545468749996 0.19008264531250002 0.45768025156250003 0.18181818125 0.46238244531249995 0.1707988984375
0 0.2460815046875 0.5922865015625 0.2429467078125 0.5812672171875 0.228840125 0.5674931125 0.21943573593750001 0.578512396875 0.22413793124999998 0.603305784375 0.2398119125 0.6088154265625 0.2460815046875 0.5922865015625
