1 0.435852371875 0.7169811328125 0.4411247796875 0.7405660375 0.4481546578125 0.761792453125 0.456942003125 0.77358490625 0.46748681875000003 0.7830188671875 0.4833040421875 0.7948113203125 0.4938488578125 0.8066037734375 0.502636203125 0.8160377359375 0.50966608125 0.8231132078125001 0.5184534265625 0.8278301890625 0.5289982421875 0.8231132078125001 0.546572934375 0.8231132078125001 0.567662565625 0.8301886796875 0.5852372578125 0.8278301890625 0.5940246046875 0.8136792453125 0.60105448125 0.8018867921874999 0.6115992968749999 0.7995283015625 0.6168717046875 0.7900943390624999 0.6080843578125 0.75471698125 0.6063268890625 0.7287735843750001 0.590509665625 0.7099056609375001 0.5729349734375 0.6933962265625 0.5518453421875 0.6886792453125 0.5289982421875 0.6839622640624999 0.5061511421875 0.6674528296875 0.48154657343749996 0.6603773578125 0.46045694218750005 0.6603773578125 0.44288225 0.6721698109375 0.4253075578125 0.6721698109375 0.4288224953125 0.7004716984375 0.435852371875 0.7169811328125
0 0.35325131875000004 0.617924528125 0.36028119531249997 0.622641509375 0.365553603125 0.627358490625 0.37609841875 0.62971698125 0.3725834796875 0.622641509375 0.3637961328125 0.6155660375 0.3585237265625 0.606132075 0.34973637968750004 0.60141509375 0.344463971875 0.606132075 0.34973637968750004 0.613207546875 0.35325131875000004 0.617924528125
0 0.43233743437500005 0.6627358484375 0.42355008749999995 0.6533018875 0.413005271875 0.64858490625 0.4059753953125 0.641509434375 0.3971880484375 0.63915094375 0.390158171875 0.636792453125 0.37961335625000003 0.6344339625 0.42003515 0.6603773578125 0.434094903125 0.6698113203125 0.43233743437500005 0.6627358484375
0 0.4288224953125 0.6886792453125 0.42003515 0.6768867921874999 0.4042179265625 0.6627358484375 0.390158171875 0.64858490625 0.37961335625000003 0.643867925 0.38312829531250003 0.650943396875 0.3954305796875 0.6603773578125 0.4288224953125 0.6886792453125
0 0.38840070312499997 0.6674528296875 0.38488576406249997 0.6603773578125 0.37961335625000003 0.655660378125 0.369068540625 0.6533018875 0.3743409484375 0.6580188671875 0.37961335625000003 0.6627358484375 0.38840070312499997 0.6674528296875
0 0.38664323437500003 0.6816037734375 0.39191564218749997 0.6863207546875 0.40246045625000004 0.6910377359375001 0.4077328640625 0.6957547171875 0.413005271875 0.6933962265625 0.4059753953125 0.6863207546875 0.3954305796875 0.6816037734375 0.38488576406249997 0.6721698109375 0.37609841875 0.6674528296875 0.37609841875 0.6745283015625 0.3813708265625 0.6768867921874999 0.38664323437500003 0.6816037734375
0 0.39191564218749997 0.73584905625 0.3778558875 0.7287735843750001 0.38312829531250003 0.738207546875 0.4007029875 0.74528301875 0.39191564218749997 0.73584905625
0 0.434094903125 0.7169811328125 0.434094903125 0.7099056609375001 0.4270650265625 0.7004716984375 0.42003515 0.7051886796875 0.4270650265625 0.7146226421875 0.434094903125 0.7169811328125
0 0.434094903125 0.7216981125 0.42179261874999996 0.7099056609375001 0.41652021093749997 0.7146226421875 0.43233743437500005 0.72641509375 0.434094903125 0.7216981125
0 0.43057996562499995 0.7405660375 0.435852371875 0.742924528125 0.435852371875 0.73584905625 0.43057996562499995 0.731132075 0.4253075578125 0.72641509375 0.42003515 0.72641509375 0.42355008749999995 0.733490565625 0.43057996562499995 0.7405660375
0 0.4376098421875 0.7594339625 0.4411247796875 0.768867925 0.4499121265625 0.7830188671875 0.46572935 0.8018867921874999 0.46045694218750005 0.7924528296875 0.455184534375 0.780660378125 0.4481546578125 0.768867925 0.44288225 0.752358490625 0.43936731093750003 0.7405660375 0.43233743437500005 0.742924528125 0.434094903125 0.75 0.4376098421875 0.7594339625
0 0.564147628125 0.9033018875 0.5536028125 0.893867925 0.5413005265625 0.8915094343750001 0.5272407734375 0.8915094343750001 0.520210896875 0.8915094343750001 0.5079086109375 0.893867925 0.520210896875 0.9056603781250001 0.5448154656249999 0.9056603781250001 0.564147628125 0.9033018875
1 0.38664323437500003 0.60141509375 0.4059753953125 0.613207546875 0.41124780312500003 0.62028301875 0.4253075578125 0.622641509375 0.434094903125 0.6155660375 0.43057996562499995 0.60141509375 0.4288224953125 0.5872641515625 0.42179261874999996 0.5754716984375 0.4147627421875 0.5613207546875 0.3954305796875 0.5542452828125 0.3778558875 0.5660377359375001 0.3813708265625 0.5825471703125 0.38664323437500003 0.60141509375
0 0.6133567656250001 0.8042452828125001 0.6133567656250001 0.7948113203125 0.6080843578125 0.7995283015625 0.6080843578125 0.8042452828125001 0.6133567656250001 0.8042452828125001
0 0.4850615109375 0.6957547171875 0.4850615109375 0.6886792453125 0.479789103125 0.6886792453125 0.478031634375 0.6957547171875 0.4850615109375 0.6957547171875
