0 0.5523305140625 0.6468853453125 0.5326158750000001 0.63812815 0.5147322 0.6274835921874999 0.49970145 0.606628428125 0.45605674843750005 0.58437209375 0.455290275 0.5906145234375 0.483691259375 0.606774803125 0.493953075 0.6143713375 0.5050238874999999 0.628403740625 0.519245640625 0.6428230328125 0.5347448515625 0.6468382765625 0.5489666046874999 0.6612575671875 0.5752386125 0.6687077234375 0.5942292984375 0.696385646875 0.596911778125 0.713612453125 0.5891194718749999 0.7380018374999999 0.581029153125 0.7517937296875 0.588906503125 0.752760946875 0.5951658609375 0.7408564203125 0.6050446203125001 0.7124988609375 0.602362140625 0.695272053125 0.5902268390625001 0.6768845875 0.56863871875 0.657336459375 0.5523305140625 0.6468853453125
0 0.439662784375 0.704865603125 0.4369803046875 0.6876387984375001 0.43042293281250005 0.688945834375 0.4340419765625 0.7506434140625 0.4497966765625 0.7525778484375001 0.45924949687499994 0.7537385078125001 0.4776016328125 0.7475431484375 0.4862454578125 0.7422679359375 0.49356930312499997 0.7347184718750001 0.4966777203125 0.7224270578125 0.4945487453125 0.7137169328125 0.49267526093749997 0.7029259984375 0.46584974843750004 0.6869591609375 0.4819024625 0.699491084375 0.488757846875 0.7087815390625 0.485138446875 0.7252345734375 0.47466366249999997 0.7323971499999999 0.45737601406249995 0.742947575 0.4476677015625 0.7438677234375 0.44030133437499996 0.7387388875 0.439662784375 0.704865603125
0 0.4204173203125 0.522967265625 0.42782621093750006 0.5407744015625 0.43046616875000004 0.54532290625 0.4304236453125 0.53264460625 0.4227592640625 0.516918278125 0.4036406546875 0.5293560687500001 0.40602512187500006 0.535985384375 0.4204173203125 0.522967265625
0 0.6208429140625 0.49265975468749995 0.611347571875 0.47882079375000003 0.5948689203125 0.4958070890625 0.610070115625 0.4892248421875 0.5865231093750001 0.5116797921875 0.6140300515625 0.4960476 0.6030442828125 0.507371796875 0.6041087703125 0.5117268593750001 0.6208429140625 0.49265975468749995
0 0.590398 0.49314595 0.599297315625 0.4857899296875 0.59137744375 0.4721444109375 0.5753672515625 0.47229078593749996 0.5761762484374999 0.4787266578125 0.5806471671875 0.481387796875 0.5686394328125 0.5010352328125001 0.5832871234375 0.4859363046875 0.5731103531249999 0.503696371875 0.590398 0.49314595
1 0.5507132343750001 0.47771237187500004 0.48530996562500006 0.463345321875 0.49408135625 0.4961050109375 0.5702574265625 0.513906978125 0.5507132343750001 0.47771237187500004
0 0.7228654109375 0.4692794828125 0.7278473125 0.467779003125 0.7170745140625 0.46434409062500004 0.70975066875 0.47189355624999996 0.712135134375 0.478522871875 0.7181390015625 0.46869915312500005 0.7228654109375 0.4692794828125
0 0.8276972406249999 0.6574621484375001 0.8253127750000001 0.6508328328124999 0.8068755937500001 0.6316715921875 0.800871728125 0.641495309375 0.8095155515625001 0.636220096875 0.8134754875000001 0.64304285625 0.82007538125 0.654414121875 0.8208843781249999 0.6608499937500001 0.8276972406249999 0.6574621484375001
0 0.5683828703125 0.7375678828125001 0.5728112671875001 0.7275507234374999 0.573577740625 0.7213082921875 0.5685533171875 0.710130471875 0.55275609375 0.6955177359375 0.5530541078125 0.706115228125 0.5536076125 0.714631909375 0.5539056265625 0.7252294015625 0.54977524375 0.745844053125 0.546666825 0.7581354671875 0.556630628125 0.755134509375 0.5650189609375 0.75194010625 0.5657854359375001 0.7456976765625 0.5683828703125 0.7375678828125001
0 0.418245465625 0.579729453125 0.4195654453125 0.58200370625 0.4021927515625 0.5671975265625 0.4030017484375 0.5736334000000001 0.41458354374999995 0.583504184375 0.421140915625 0.5821971484375 0.418245465625 0.579729453125
0 0.6150945390625 0.5004026625 0.6386840671875 0.4906260140625 0.6418350078125 0.49101290000000003 0.6486478703125 0.4876250546875 0.6507343234375 0.48365687812499997 0.6457524218749999 0.48515735781249997 0.62897575625 0.4915461625 0.61926744375 0.49246631250000006 0.6150945390625 0.5004026625
