1 0.37972656875 0.5661664656250001 0.390114525 0.5372992 0.4108761125 0.5197069125 0.432445365625 0.4975341234375 0.4385028609375 0.463180365625 0.4335738125 0.4410581265625 0.4158481328125 0.421402409375 0.386133490625 0.399632715625 0.3770544109375 0.43109223124999996 0.37411587812499997 0.4778032328125 0.367153340625 0.50727449375 0.36019080312499996 0.5367457531250001 0.3508052671875 0.57995851875 0.3720537421875 0.609681228125 0.37972656875 0.5661664656250001
0 0.290694340625 0.4701781359375 0.290095753125 0.4535423890625 0.2890933328125 0.43919689218749997 0.28334229375 0.46179740156250004 0.28705984375 0.4907903921875 0.290694340625 0.4701781359375
0 0.2993552640625 0.48115112031249996 0.30087321875 0.46252711875 0.296041546875 0.44986787812499995 0.2945235921875 0.46849187968750006 0.2904852625 0.4913943859375 0.2993552640625 0.48115112031249996
0 0.32714811875 0.5238350656249999 0.3363102515625 0.5419807984375 0.3391370828125 0.5259490437500001 0.320102528125 0.5037010796875 0.3219126140625 0.5134660765625 0.32714811875 0.5238350656249999
0 0.3267442859375 0.5261253171875 0.33097737031249996 0.522148809375 0.3249342 0.5163603203125 0.3167744859375 0.5125600859375 0.31898840625 0.52003483125 0.3267442859375 0.5261253171875
0 0.3172212921875 0.38984309375000004 0.31096904375 0.4052708546875 0.30521800312499997 0.4278713640625 0.31660838125 0.41334959375 0.3172212921875 0.38984309375000004
0 0.33774515312500003 0.47375154999999997 0.3437883234375 0.47954003749999996 0.357587375 0.49141901250000003 0.3582976640625 0.4773755125 0.349636740625 0.46640252968749996 0.334626190625 0.46139430781249996 0.33774515312500003 0.47375154999999997
0 0.3215374296875 0.4354718328125 0.310049675 0.44053060312500003 0.3187105984375 0.45150358593749995 0.330198353125 0.44644481562499994 0.3215374296875 0.4354718328125
0 0.31269607499999996 0.365430603125 0.288815525 0.370665646875 0.29657140625 0.37675613281250003 0.3038260734375 0.37567386875 0.31269607499999996 0.365430603125
0 0.32609129375 0.3795998265625 0.312793453125 0.3748936015625 0.3197416671875 0.3855645890625 0.3330395078125 0.3902708140625 0.32609129375 0.3795998265625
0 0.36617956875 0.41264450156250004 0.3671819890625 0.42698999843749996 0.3669729109375 0.44820624843749995 0.370704784375 0.43705699062500003 0.37262657187500003 0.41614274062499995 0.374241903125 0.40698173750000005 0.37283564999999996 0.39492649062499996 0.36617956875 0.41264450156250004
1 0.269279759375 0.34124493437500003 0.267664428125 0.35040593750000004 0.2673579734375 0.3621591875 0.2678591828125 0.369331934375 0.2679565609375 0.378794934375 0.2693628140625 0.39085018125 0.26874990312499997 0.41435668124999997 0.2671345703125 0.423517684375 0.26642428125 0.4375611828125 0.26571399375000004 0.451604684375 0.263694828125 0.46305593749999996 0.30014860625 0.516712865625 0.34909255781250004 0.5796565218749999 0.35030405625 0.5727857703125 0.352323221875 0.5613345171875 0.352629678125 0.5495812671875 0.35384117656249997 0.542710515625 0.35757305 0.531561259375 0.3609010921875 0.5227022546875 0.36422913281249997 0.5138432484375001 0.36544063125 0.506972496875 0.37088521406249997 0.4961252375 0.372500546875 0.48696423437499997 0.3737120453125 0.4800934828125 0.37361466875 0.470630484375 0.374422334375 0.466049984375 0.3739211234375 0.45887723437499994 0.37341991406249997 0.4517044859375 0.3746314125 0.44483373437499996 0.3758429125 0.43796298125 0.37665057812499997 0.43338248124999995 0.3786697421875 0.42193122812499995 0.3794774078125 0.417350728125 0.38068890781250003 0.410479975 0.3836131140625 0.4039112203125 0.38694115625 0.395052215625 0.39319340625 0.3796244546875 0.3926921953125 0.37245170625 0.3891694 0.36238471250000004 0.3861478140625 0.35949046875 0.38050847656250003 0.3514117296875 0.3697310125 0.342427 0.3610700890625 0.331454015625 0.292576046875 0.279231896875 0.2858225875 0.2874869078125 0.2828983796875 0.29405566250000004 0.280879215625 0.305506915625 0.27583846562500003 0.314063925 0.27291425625 0.3206326796875 0.27170275781250003 0.32750343125 0.269279759375 0.34124493437500003
0 0.402160784375 0.37884418750000004 0.405990034375 0.37715793125 0.40720153437500006 0.37028717968749997 0.40800919999999996 0.365706678125 0.4071041578125 0.36082417968749997 0.4074106125 0.34907093125 0.4056005265625 0.339305934375 0.4046954828125 0.3344234359375 0.40419427187499996 0.32725068749999997 0.401270065625 0.3338194421875 0.4013674421875 0.3432824421875 0.4022724859375 0.348164940625 0.4010609859375 0.35503569218750003 0.4028710734375 0.3648006875 0.4033722828125 0.3719734375 0.402160784375 0.37884418750000004
0 0.4088999203125 0.4107314234375 0.399932540625 0.4115116890625 0.3944879578125 0.42235895 0.4068807546875 0.42218267656249997 0.4154443 0.42369266093749997 0.42914597343749994 0.4261086359375 0.42995363906249995 0.4215281328125 0.42904859531249995 0.41664563593750004 0.4243143015625 0.4134493953125 0.4191761734375 0.4125434046875 0.4088999203125 0.4107314234375
