0 0.8816901406250001 0.5090180359375001 0.8901408453125 0.5030060125 0.8521126765625 0.4949899796875 0.7239436625 0.5130260515625 0.7253521125 0.521042084375 0.843661971875 0.515030059375 0.8816901406250001 0.5090180359375001
0 0.8816901406250001 0.53907815625 0.850704225 0.5531062125 0.8535211265625 0.5591182359375 0.8845070421875001 0.5490981968749999 0.8816901406250001 0.53907815625
0 0.592957746875 0.543086171875 0.5971830984375 0.5370741484375 0.5704225359375 0.535070140625 0.53802816875 0.543086171875 0.53802816875 0.5551102203125 0.567605634375 0.5450901796875 0.592957746875 0.543086171875
0 0.6704225359375 0.5731462921875 0.5971830984375 0.5751503 0.592957746875 0.5911823640625 0.6704225359375 0.5871743484375 0.6704225359375 0.5731462921875
0 0.632394365625 0.607214428125 0.58732394375 0.6092184375 0.58732394375 0.61723446875 0.630985915625 0.613226453125 0.632394365625 0.607214428125
0 0.3169014078125 0.8176352703124999 0.194366196875 0.805611221875 0.1901408453125 0.8156312625 0.2098591546875 0.8176352703124999 0.305633803125 0.825651303125 0.38732394375 0.8296593187499999 0.4239436625 0.8296593187499999 0.4774647890625 0.8396793593749999 0.5154929578125 0.8537074140625001 0.5140845078125 0.8416833671875 0.47464788750000003 0.8296593187499999 0.42253521093749996 0.8196392781249999 0.3704225359375 0.8196392781249999 0.3169014078125 0.8176352703124999
0 0.4338028171875 0.6713426859375 0.2788732390625 0.6613226453125 0.32083165625 0.6753697875 0.43661971875 0.6773547093750001 0.4338028171875 0.6713426859375
0 0.41267605625000003 0.7014028062500001 0.418309859375 0.691382765625 0.36338028125 0.6833667328125 0.32205734375 0.6757801328124999 0.39859155 0.7014028062500001 0.41267605625000003 0.7014028062500001
0 0.44929577500000006 0.543086171875 0.39295774687499996 0.53907815625 0.39014084531250004 0.5450901796875 0.44929577500000006 0.5531062125 0.44929577500000006 0.543086171875
0 0.48873239375 0.6833667328125 0.45070422499999996 0.67334669375 0.45070422499999996 0.6793587171875 0.48732394375 0.6893787578125 0.48873239375 0.6833667328125
0 0.5704225359375 0.6793587171875 0.545070421875 0.6713426859375 0.5408450703125001 0.6793587171875 0.567605634375 0.6893787578125 0.5704225359375 0.6793587171875
0 0.5971830984375 0.6432865734375001 0.5732394359375 0.635270540625 0.5957746484374999 0.631262525 0.5971830984375 0.6252505015625001 0.5478873234375 0.6252505015625001 0.542253521875 0.6372745484375 0.5901408453125 0.6513026046875 0.5971830984375 0.6432865734375001
0 0.6239436625 0.4468937875 0.46901408437500003 0.47294589218749994 0.4718309859375 0.4809619234375 0.6267605640625 0.456913828125 0.6239436625 0.4468937875
0 0.045070421875 0.422845690625 0.0154929578125 0.436873746875 0.11549295781249999 0.4468937875 0.1225352109375 0.4128256515625 0.08732394375 0.4128256515625 0.0774647890625 0.41883767499999996 0.06338028125 0.42484970000000005 0.045070421875 0.422845690625
1 0.46901408437500003 0.7895791578125 0.519718309375 0.7995991984375 0.530985915625 0.7595190374999999 0.5507042249999999 0.719438878125 0.56338028125 0.69539078125 0.5788732390625 0.663326653125 0.59859155 0.641282565625 0.5704225359375 0.5931863734375 0.530985915625 0.6513026046875 0.5028169015625 0.7114228453125 0.46901408437500003 0.7895791578125
1 0.656338028125 0.5370741484375 0.6211267609375 0.5410821640625 0.6197183093749999 0.5611222437500001 0.6591549296875 0.557114228125 0.656338028125 0.5370741484375
1 0.6873239437499999 0.43887775625 0.66338028125 0.51703406875 0.6971830984375 0.5591182359375 0.7169014078125 0.5851703406250001 0.7859154921875 0.6032064125 0.81126760625 0.6092184375 0.850704225 0.5831663328125 0.907042253125 0.5090180359375001 0.8845070421875001 0.4589178359375 0.819718309375 0.4268537078125 0.7464788734375001 0.42484970000000005 0.6873239437499999 0.43887775625
1 0.81267605625 0.024048096875 0.7971830984375 0.0020040078125 0.7042253515625 0 0.7042253515625 0.0781563125 0.7169014078125 0.156312625 0.7478873234375001 0.17034068125 0.7788732390625001 0.160320640625 0.818309859375 0.09819639218750001 0.81267605625 0.024048096875
1 0.41690140781249996 0.8557114234375 0.42676056406249996 0.8356713421874999 0.419718309375 0.8156312625 0.36197183125 0.8116232468750001 0.3154929578125 0.8076152296875 0.307042253125 0.8156312625 0.3169014078125 0.8517034062500001 0.3478873234375 0.8557114234375 0.4 0.8637274546875 0.41690140781249996 0.8557114234375
1 0.219718309375 0.4989979953125 0.22676056406249998 0.5551102203125 0.169014084375 0.631262525 0.1408450703125 0.6893787578125 0.1464788734375 0.7254509015624999 0.156338028125 0.77354709375 0.243661971875 0.7775551109375 0.2746478875 0.797595190625 0.3971830984375 0.7995991984375 0.45492957812499996 0.7955911828125 0.4732394359375 0.7635270546874999 0.5619718312499999 0.5911823640625 0.6436619718750001 0.4529058109375 0.63661971875 0.41482965937499994 0.46197183124999996 0.3807615234375 0.1661971828125 0.33066132187499997 0.14507042187500002 0.35871743437500003 0.1478873234375 0.41883767499999996 0.219718309375 0.4989979953125
