0 0.6799303734375 0.5904679500000001 0.6837113968749999 0.5770869046875 0.67168863125 0.578563115625 0.66901354375 0.5678200375 0.664343065625 0.58500080625 0.66724135625 0.5975617328125 0.6770388046875 0.6000492703125 0.6799303734375 0.5904679500000001
0 0.6730412968749999 0.6337547109375 0.6665818265625 0.6253215546875001 0.6619079859375 0.6314311984375001 0.660575484375 0.6426663453125 0.666588546875 0.647463803125 0.67259825 0.6411901359375001 0.6730412968749999 0.6337547109375
0 0.6964676265625 0.7914156 0.7033667859375 0.7813422109375 0.7151663484374999 0.7780481484374999 0.7140469671874999 0.7578877765625001 0.7024706093749999 0.7629996859375 0.6922301140625 0.767947571875 0.68332548125 0.7727314359374999 0.6871165875 0.7925637625 0.6964676265625 0.7914156
0 0.64677716875 0.6628131265625 0.6340814296875 0.6477646625 0.6158223953124999 0.6426255656250001 0.610705509375 0.6561706328125 0.6180577953124999 0.671875190625 0.6298640796874999 0.6907233781250001 0.63810918125 0.7136993375 0.6572543093750001 0.7039675859375001 0.6478965484375 0.6829735015625 0.64677716875 0.6628131265625
1 0.4603654796875 0.491949715625 0.46280055937500003 0.445519321875 0.4643529046875 0.42503090156249995 0.44875887499999995 0.397421509375 0.43407782656249994 0.4435102625 0.42095248124999995 0.4801817171875 0.418287478125 0.5026520109375 0.418297559375 0.5358653828125 0.4272089125 0.5532237671875 0.44212324843750006 0.5421662375 0.4430059828125 0.516224265625 0.45079795625 0.5134222765625001 0.4603654796875 0.491949715625
1 0.39515492343749997 0.579302575 0.38958826874999997 0.57814081875 0.384248178125 0.5898680359374999 0.3858106046875 0.6025929859375 0.39115405625 0.60193689375 0.3927097625 0.5925195953125 0.39515492343749997 0.579302575
1 0.4023108921875 0.681758275 0.401414715625 0.66341575 0.40118815156250004 0.6505267765625 0.4018510421875 0.6338380781249999 0.405185659375 0.616821334375 0.40874347968749997 0.6016224390625 0.41341395781249995 0.5844416734375 0.41563591562499996 0.5694068031249999 0.41496294218749996 0.552882128125 0.4067245609375 0.55204841875 0.4045026046875 0.5670832875 0.39916251406250003 0.5788105046875 0.39783001093750003 0.590045653125 0.3909342125 0.6111901671875 0.384927871875 0.628534959375 0.3804805953125 0.647533575 0.37692277500000004 0.6627324703124999 0.3740345671875 0.683384915625 0.3773759046875 0.6885104171875 0.39073789531249997 0.6979413078125 0.40209440937499996 0.7020826734375001 0.4023108921875 0.681758275
1 0.50065785 0.46670461718749995 0.5171346125 0.4683720359375 0.5327219203125 0.4738391796875 0.55075775 0.4771604265625 0.5560911203125001 0.4432909609375 0.5707755296875 0.4082733328125 0.5536291546875 0.40115236249999997 0.5237937640625 0.4011251765625 0.5053148859375 0.405239353125 0.47815458125 0.41595524375000004 0.4741537125 0.4385895625 0.48418108593750003 0.465037196875 0.50065785 0.46670461718749995
1 0.476855684375 0.5379016296875 0.4770721671875 0.51757723125 0.4581468828125 0.518055709375 0.44902240625 0.5320928453125 0.44635404218749997 0.5434920171875001 0.43633675 0.5502577546875 0.4265426625 0.5588413421875 0.42654602343750003 0.5699124656250001 0.43656331406250004 0.563146728125 0.4588265765625 0.55672263125 0.4757463859375 0.5509546265624999 0.476855684375 0.5379016296875
1 0.5841744875 0.5394865875 0.5939652140625 0.5198318765625001 0.5826053375 0.5046193875 0.565462325 0.5085695421875001 0.5525534640624999 0.5249166 0.543652190625 0.5407715859375 0.5211623640624999 0.534306709375 0.50290333125 0.5291676140625 0.481306321875 0.5299741375 0.47975397500000005 0.5504625562500001 0.49155689843749995 0.5582396203125 0.5122644546874999 0.561232821875 0.5378757750000001 0.582076475 0.5637102984375 0.60473798125 0.572391728125 0.5981362671875 0.5772854109375001 0.58277335 0.5826221406250001 0.559975009375 0.5841744875 0.5394865875
0 0.3927265671875 0.6478752171875 0.3864869375 0.6301887859375 0.386493659375 0.6523310328124999 0.38360545 0.672983478125 0.39117422031250004 0.6683636359375 0.3927265671875 0.6478752171875
0 0.39292624531250003 0.5721952 0.3851376328125 0.5860683125 0.386033809375 0.6044108359375 0.3918203078125 0.5963193203125 0.39426546875 0.5831023 0.39292624531250003 0.5721952
0 0.6472403796874999 0.7218044453125 0.6586002546875 0.7370169343749999 0.6565880578125001 0.709585159375 0.6521340625 0.7064415296875 0.6432294296875 0.7112253921875 0.6472403796874999 0.7218044453125
