0 0.3844901625 0.75083048125 0.3931466625 0.7357093203125 0.3678209875 0.7435050140625 0.346823565625 0.743740128125 0.316345053125 0.738110234375 0.29104504531250003 0.7318445 0.254821196875 0.722233953125 0.26113336875000004 0.7308311 0.2726240390625 0.73879240625 0.291302796875 0.748214175 0.3111408859375 0.7528075015625 0.33242172812500004 0.754880634375 0.3588810703125 0.756317928125 0.3844901625 0.75083048125
0 0.4460653484375 0.7385839062499999 0.436017425 0.72810240625 0.42764434375000004 0.7455318140625 0.4077805875 0.754999915625 0.421589925 0.7533043421875 0.43223034374999997 0.754340909375 0.4270261796875 0.769038175 0.41952901093749995 0.7793308984375 0.431328765625 0.7755390234374999 0.4382590984375 0.760629809375 0.4460653484375 0.7385839062499999
0 0.30887355 0.7343415265625 0.3085388046875 0.7601561343750001 0.313691640625 0.7735817234375 0.3134338890625 0.7572120484375 0.314052053125 0.7337056859375 0.30861579843750003 0.7179718515625 0.30887355 0.7343415265625
0 0.28813387968750004 0.750946315625 0.2881595453125 0.7368848859375 0.2830067078125 0.7234593 0.281821709375 0.74234916875 0.28782479843750003 0.7626994953125 0.28813387968750004 0.750946315625
0 0.32175564375 0.767905496875 0.3301030625 0.7645375171875 0.33816706406249997 0.7588612875 0.3264186390625 0.73453030625 0.31866371875 0.728453353125 0.31977172343750004 0.7517477671874999 0.32175564375 0.767905496875
0 0.23209760625000003 0.7226810125 0.236683609375 0.73149010625 0.2378686078125 0.7126002375 0.23209760625000003 0.7226810125
0 0.1579237453125 0.7036718640624999 0.1519206578125 0.6833215359375 0.1453250703125 0.672416140625 0.1475924078125 0.6908821171875 0.155888496875 0.7156369921875 0.1579237453125 0.7036718640624999
0 0.21774710000000003 0.7056986640625 0.2205812703125 0.7287811328125 0.22802710781250002 0.7466112671875 0.2263522703125 0.7187003578125 0.21774710000000003 0.7056986640625
0 0.12087531250000001 0.6730751484375 0.119174809375 0.659225665625 0.1131460578125 0.652936765625 0.114254059375 0.67623118125 0.1179641484375 0.6921769640625001 0.12087531250000001 0.6730751484375
0 0.2431229984375 0.5127961609375 0.23565149531250001 0.5090274546875 0.21264448749999998 0.5071662671875 0.2238517421875 0.512819328125 0.2344921625 0.51385589375 0.2431229984375 0.5127961609375
1 0.1947903171875 0.5187306671874999 0.22526882812500001 0.5243605625 0.253737753125 0.52789415625 0.28336601250000004 0.526599309375 0.26468725625 0.5171775421875 0.250311084375 0.5142566203125 0.2344921625 0.51385589375 0.21321132187499997 0.5117827609375001 0.200561315625 0.50864989375 0.19538281562499998 0.509285734375 0.1835830625 0.5130776078125 0.1947903171875 0.5187306671874999
