0 0.13641488125 0.8042168671875001 0.1262683203125 0.8253012046875 0.1319052984375 0.8569277109375 0.1352874859375 0.8418674703125 0.14317925625 0.8253012046875 0.1544532125 0.8207831328124999 0.1499436296875 0.8117469875 0.17812852343750002 0.8012048187499999 0.184892896875 0.777108434375 0.19729425 0.7635542171874999 0.1961668546875 0.7515060234375001 0.18940247968749999 0.7439759031250001 0.17925591875 0.745481928125 0.1657271703125 0.7891566265625001 0.152198421875 0.7996987953125 0.13641488125 0.8042168671875001
0 0.124013528125 0.7665662656250001 0.1420518609375 0.7680722890625 0.1499436296875 0.78012048125 0.16121758749999998 0.8012048187499999 0.1657271703125 0.7861445781249999 0.16121758749999998 0.7680722890625 0.170236753125 0.7484939765624999 0.1544532125 0.7409638546874999 0.1386696734375 0.73945783125 0.11048477968749999 0.7409638546874999 0.11273957187500001 0.745481928125 0.1138669671875 0.7560240968749999 0.124013528125 0.7665662656250001
0 0.11273957187500001 0.7048192765625 0.12175873749999999 0.7108433734374999 0.14317925625 0.7108433734374999 0.15670800468749999 0.7033132531249999 0.18714768906249998 0.707831325 0.20293122812500003 0.7138554218750001 0.2119503953125 0.7048192765625 0.2108229984375 0.6987951812500001 0.18263810625000002 0.6987951812500001 0.1510710265625 0.6957831328124999 0.1319052984375 0.7018072296875 0.11273957187500001 0.7048192765625
0 0.2570462234375 0.722891565625 0.2446448703125 0.7138554218750001 0.2322435171875 0.71987951875 0.245772265625 0.7274096390625 0.2570462234375 0.722891565625
0 0.2142051859375 0.66566265 0.164599775 0.662650603125 0.164599775 0.6701807234375 0.209695603125 0.6746987953125 0.2142051859375 0.66566265
0 0.519729425 0.7831325296875 0.4937993234375 0.7695783125 0.4701240140625 0.765060240625 0.4396843296875 0.76054216875 0.42164599843749995 0.754518071875 0.395715896875 0.7469879515625 0.35625704687500004 0.7364457828125001 0.30439684375 0.7334337343749999 0.2750845546875 0.7274096390625 0.25366403593750003 0.7183734937499999 0.20293122812500003 0.734939759375 0.18602029375 0.7319277109375 0.1623449828125 0.7424698796875 0.1589627953125 0.7575301203125 0.148816234375 0.7891566265625001 0.1319052984375 0.7951807234375 0.12514092500000001 0.8237951812500001 0.1386696734375 0.8463855421875 0.1589627953125 0.8147590359375 0.177001128125 0.8027108437500001 0.19391206249999998 0.78012048125 0.20744081250000002 0.765060240625 0.22998872656249997 0.765060240625 0.2660653890625 0.7665662656250001 0.3269447578125 0.777108434375 0.4520856828125 0.7951807234375 0.5073280718750001 0.8072289156249999 0.5704622328125 0.8147590359375 0.58399098125 0.8222891562499999 0.5952649375 0.8057228921874999 0.5851183765625 0.8057228921874999 0.568207440625 0.7966867468750001 0.5434047343749999 0.792168675 0.519729425 0.7831325296875
0 0.550169109375 0.858433734375 0.5670800453125 0.8614457828125 0.5885005640625 0.8388554218750001 0.54114994375 0.8237951812500001 0.5073280718750001 0.8237951812500001 0.519729425 0.8524096390624999 0.550169109375 0.858433734375
0 0.553551296875 0.8117469875 0.5434047343749999 0.8207831328124999 0.556933484375 0.8207831328124999 0.596392334375 0.8207831328124999 0.604284103125 0.8162650609375 0.57722660625 0.8087349390625 0.553551296875 0.8117469875
0 0.11837655 0.7515060234375001 0.12739571562500002 0.7710843374999999 0.134160090625 0.7530120484375 0.1262683203125 0.7379518078125 0.11837655 0.7515060234375001
0 0.18602029375 0.599397590625 0.1837655015625 0.5963855421875001 0.152198421875 0.6069277109375 0.1533258171875 0.620481928125 0.17587373125 0.61445783125 0.18602029375 0.599397590625
0 0.7102593015625 0.6430722890625 0.717023675 0.625 0.7034949265625 0.63554216875 0.69898534375 0.6490963859375001 0.7102593015625 0.6430722890625
0 0.5817361890625 0.6219879515625 0.6403607671875 0.629518071875 0.675310034375 0.6415662656250001 0.6899661781249999 0.6460843374999999 0.6877113859375 0.6340361453125001 0.6843292 0.6280120484375 0.62006764375 0.620481928125 0.5625704625 0.6159638546874999 0.5332581734375 0.6159638546874999 0.5817361890625 0.6219879515625
1 0.1116121765625 0.828313253125 0.109357384375 0.792168675 0.09357384375 0.7439759031250001 0.0777903046875 0.7304216875 0.046223225 0.7484939765624999 0.0383314546875 0.79066265 0.07891770000000001 0.8222891562499999 0.1116121765625 0.828313253125
1 0.528748590625 0.9352409640625 0.5704622328125 0.9382530125 0.574971815625 0.8930722890625 0.5310033828125 0.8885542171875 0.4768883875 0.8930722890625 0.48703494999999997 0.9111445781249999 0.528748590625 0.9352409640625
1 0.10146561406250001 0.6641566265625001 0.11499436249999999 0.692771084375 0.10710259375 0.7274096390625 0.1172491546875 0.7560240968749999 0.1262683203125 0.7951807234375 0.13303269375 0.8388554218750001 0.1386696734375 0.8719879515625 0.14768883906250002 0.8975903609375001 0.17925591875 0.90512048125 0.24126268281250002 0.90512048125 0.2841037203125 0.8990963859375001 0.3303269453125 0.8975903609375001 0.37767756406249997 0.900602409375 0.42164599843749995 0.8960843374999999 0.45772266093749997 0.890060240625 0.4757609921875 0.8840361453125001 0.5028184890625 0.8840361453125001 0.5310033828125 0.891566265625 0.5558060874999999 0.8840361453125001 0.586245771875 0.86445783125 0.593010146875 0.8132530125 0.582863584375 0.775602409375 0.6324689968749999 0.7304216875 0.6617812859375001 0.6807228921874999 0.696730553125 0.63554216875 0.7226606531249999 0.6024096390625 0.7215332578125 0.5692771078125001 0.693348365625 0.5286144578124999 0.668545659375 0.5 0.6313416015625 0.4924698796875 0.5659526500000001 0.5030120484375 0.528748590625 0.5060240968749999 0.4791431796875 0.51054216875 0.4475760984375 0.5135542171874999 0.4182638109375 0.5346385546875 0.3878241265625 0.5391566265625001 0.3359639234375 0.525602409375 0.3021420515625 0.5240963859375001 0.2897406984375 0.5481927703125 0.2784667421875 0.5632530124999999 0.22547914375000003 0.5692771078125001 0.13979706875 0.5903614453125 0.10146561406250001 0.6325301203125 0.10146561406250001 0.6641566265625001
