0 0.4459346578125 0.6696437328125 0.43350801875 0.6673179453125 0.41758969218750003 0.65978555625 0.42154513437499996 0.68008728125 0.43155645781249996 0.680611953125 0.45416945468750003 0.6801225125 0.4459346578125 0.6696437328125
0 0.41812384375 0.5777613015624999 0.40828755625 0.57389673125 0.4006915453125 0.5751731765625 0.3990025390625 0.5834573390625 0.40455946875000004 0.5971448515625 0.4121816390625 0.619313275 0.417300978125 0.641350534375 0.42364557343750003 0.6400085046874999 0.44349318593750003 0.6443977453125 0.44660864531250005 0.63283926875 0.44096419375 0.6208217046875 0.43371825625 0.6154183546875001 0.4318280546875 0.6035975437500001 0.4301128875 0.588436834375 0.4281351671875 0.5782859734375 0.41812384375 0.5777613015624999
0 0.49803035468749995 0.6573031312500001 0.484264784375 0.6565817078125 0.4889203734375 0.6635238390625 0.502598425 0.6659152109375001 0.5077791234375 0.6628376484375 0.49803035468749995 0.6573031312500001
0 0.5487871203125 0.6465668953125 0.5444816046875001 0.6329449671875 0.5345577984375 0.630750346875 0.5350215484375 0.645845471875 0.5459342171875 0.653115521875 0.5487871203125 0.6465668953125
0 0.5561205765625 0.6503002953125 0.5591746765625001 0.6638566406249999 0.5652567171875 0.6675244578124999 0.5681096203125 0.6609758296875 0.56872225 0.6492861859375 0.5670070828125 0.6341254765625 0.558247175 0.6336663890625001 0.5561205765625 0.6503002953125
0 0.5669105234375 0.7077999875 0.574506534375 0.7065235421875 0.5809386484375 0.7035115640625 0.573955265625 0.6930983656249999 0.5656329484375 0.6842895312499999 0.5626050078125 0.694178059375 0.5669105234375 0.7077999875
0 0.5438337765625 0.6931943 0.55134226875 0.693587803125 0.54418385 0.6865145046875 0.5368503921875 0.6827811015624999 0.537664215625 0.6911964312500001 0.5438337765625 0.6931943
0 0.49195735625000003 0.581630753125 0.5057229249999999 0.582352175 0.5250454265625 0.596761109375 0.53255391875 0.5971546125 0.5329039921875001 0.5904748171875001 0.5147453890625 0.5778014140625001 0.499903440625 0.573674509375 0.48989211718750003 0.5731498390625 0.49195735625000003 0.581630753125
0 0.4432487125 0.5053984703125 0.4283454046875 0.5263863843750001 0.435766378125 0.5284498359375001 0.44799181875 0.510670653125 0.4432487125 0.5053984703125
0 0.46851341875 0.4782554296875 0.4564630140625 0.49269471718749996 0.45870329062500004 0.49783573125 0.47316900625 0.4851975609375 0.46851341875 0.4782554296875
1 0.40573240781250003 0.5268758234375001 0.4118406078125 0.5539885109375 0.4066860671875 0.5805109453124999 0.4102914359375 0.607492465625 0.41747601406249996 0.6380106359375 0.4259120078125 0.668594390625 0.4319326890625 0.697377028125 0.44232024687499993 0.7146667734375 0.459402471875 0.7239346921875 0.47532079843749997 0.7314670796875 0.497496203125 0.7393273859375 0.54210956875 0.7500381515625001 0.5577391828125 0.739135515625 0.56245613125 0.720962828125 0.568949603125 0.6928360296875 0.5668582062499999 0.6609102453125 0.5609250421875001 0.630457659375 0.5455318250000001 0.612905578125 0.5356955375 0.6090410078125 0.5340417296875 0.5687654796875 0.53567841875 0.5135915765625 0.529220146875 0.493158684375 0.5075698515625 0.4752786828125 0.490312590625 0.4693506625 0.47869977812500003 0.4754402015625 0.469764834375 0.4783210140625 0.4535839515625 0.47579847500000005 0.43990589843750005 0.4734071015625 0.419533178125 0.47903755625000005 0.40963553125 0.5002878046875 0.40573240781250003 0.5268758234375001
