1 0.6229820265625 0.8584621 0.6112406515625 0.8605324203125001 0.5930468546875 0.8603387124999999 0.577193334375 0.8648349984375001 0.573662921875 0.870560153125 0.5710051140625 0.8812340875 0.6710976625 0.865285953125 0.6763999453125 0.8524448437500001 0.69725155 0.8419646140625 0.6737688015625001 0.8461052562500001 0.6608506249999999 0.8500839609374999 0.644706234375 0.852930653125 0.6229820265625 0.8584621
0 0.30560983125 0.7664466375 0.3153151296875 0.7528291578124999 0.31208891875 0.75169714375 0.3088760390625 0.7420583671875 0.30390461874999997 0.7310287875 0.3059273640625 0.751082709375 0.3053322953125 0.75629028125 0.30560983125 0.7664466375
0 0.3282999671875 0.7063166453124999 0.3250737546875 0.7051846312500001 0.329436775 0.7299285453125 0.3300185109375 0.733227734375 0.33354892187499996 0.7275025796875 0.33209458281250004 0.719254609375 0.3282999671875 0.7063166453124999
0 0.278914203125 0.7609485046875 0.27657392812500003 0.7562585125 0.2730568484375 0.7534769031249999 0.2718933765625 0.7468785265625 0.26719949375 0.7460053015625 0.2645550171875 0.7481724765625 0.26395995 0.7533800515625 0.268653834375 0.7542532734375 0.2742203203125 0.76007528125 0.278914203125 0.7609485046875
0 0.25015583750000003 0.7609167343750001 0.254267984375 0.75849076875 0.24811976093750002 0.7493695734375 0.2472471578125 0.7444207921875 0.24373007656249998 0.7416391828125 0.243425878125 0.7484963515625 0.245766153125 0.75318634375 0.25015583750000003 0.7609167343750001
0 0.22757235625 0.7529926359375 0.23578331874999997 0.75664746875 0.23813692656250002 0.7528307 0.226408884375 0.7463942593749999 0.21673024999999999 0.7429982171875 0.21056869531250003 0.7423837843750001 0.2058748109375 0.741510559375 0.1976638484375 0.737855728125 0.18827608125 0.7361092796875 0.2096827578125 0.7459417625 0.22757235625 0.7529926359375
0 0.289756309375 0.7709429234375 0.2909331125 0.7690345390625 0.2880111015625 0.7610453578125 0.285379959375 0.7547057703125 0.2839122875 0.7549645609375 0.28389895468750004 0.763471321875 0.28712516718750003 0.7646033375 0.289756309375 0.7709429234375
0 0.19955570625000002 0.6541789203125 0.1969245640625 0.6478393328125 0.1945842890625 0.6431493406250001 0.1945976203125 0.6346425796874999 0.18991706875 0.62526259375 0.1884627296875 0.617014621875 0.188145196875 0.63237855 0.192812415625 0.650265296875 0.19689790000000001 0.6648528546875 0.1965937 0.6717100234375 0.197466303125 0.6766588046875001 0.195112696875 0.680475575 0.199793246875 0.6898555578125001 0.2059281390625 0.7074835140625 0.20796421562499998 0.7190306750000001 0.2105953578125 0.7253702609375 0.21380823750000003 0.7350090375 0.2176161859375 0.7394402390625 0.2187929890625 0.7375318546875 0.2135307015625 0.72485268125 0.21236722968750002 0.7182543046875 0.2062323390625 0.7006263484375 0.20185598749999997 0.6843891953125001 0.1998199109375 0.6728420359375 0.20041497968750002 0.6676344640625 0.1989606390625 0.6593864921875 0.19955570625000002 0.6541789203125
0 0.1913047484375 0.676044371875 0.188951140625 0.679861140625 0.19216402187499998 0.689499915625 0.19566776875 0.700788284375 0.20267526406249997 0.7233650234375 0.2076466828125 0.7343946031249999 0.2061923421875 0.72614663125 0.204447134375 0.716249065625 0.20123425625000002 0.706610290625 0.19831224375 0.698621109375 0.19861644375 0.69176394375 0.194226759375 0.6840335515625 0.1936450234375 0.6807343640625 0.1913047484375 0.676044371875
0 0.1803959828125 0.708583759375 0.17687890312500001 0.7058021515624999 0.17833324374999998 0.7140501218749999 0.1809510546875 0.7288964703125 0.1853540703125 0.7281200984375 0.1803959828125 0.708583759375
0 0.264210821875 0.780549928125 0.2565815953125 0.7801942859375 0.2633248875 0.78410790625 0.2709541140625 0.78446355 0.26890470624999996 0.7814231515625 0.264210821875 0.780549928125
0 0.1895862046875 0.6491332828124999 0.17609962343750002 0.641306040625 0.1752136875 0.6448640171875 0.18547405781249998 0.6515592484375 0.1895862046875 0.6491332828124999
0 0.1790749625 0.6152681765625 0.179352496875 0.6254245296875001 0.18843606562499998 0.6340281453125 0.18698172500000002 0.6257801734374999 0.18875359687499998 0.6186642171875001 0.1843639140625 0.6109338265625001 0.1790749625 0.6152681765625
0 0.1775806265625 0.6325404890625 0.18930866875000002 0.6389769281250001 0.1887269328125 0.6356777390625 0.1802251015625 0.6303733140625 0.1775806265625 0.6325404890625
0 0.18605579375 0.6548584375 0.174036884375 0.6467724015625 0.173150946875 0.65033038125 0.18341131718749998 0.6570256125 0.18605579375 0.6548584375
0 0.172091696875 0.7644762546874999 0.1811885953125 0.764573109375 0.16686940625 0.7262767984375 0.1586584421875 0.7226219656249999 0.172091696875 0.7644762546874999
0 0.2544788609375 0.81118093125 0.260640415625 0.811795365625 0.2554047921875 0.78210266875 0.253646253125 0.7807118656250001 0.250129171875 0.77793025625 0.2492432375 0.7814882359374999 0.2533420515625 0.7875690328125 0.2559598625 0.8024153796875 0.2544788609375 0.81118093125
0 0.24774890156249998 0.7987605484375 0.2506842453125 0.79824296875 0.2486348359375 0.79520256875 0.24776223281249998 0.7902537875 0.24453602187499998 0.7891217734375 0.24425848593750002 0.7789654171875 0.2413231421875 0.779482996875 0.24306835000000002 0.7893805640625 0.2454086265625 0.7940705546875 0.24774890156249998 0.7987605484375
0 0.22985930468750002 0.791709675 0.23249044687499998 0.7980492609375001 0.238070265625 0.79536450625 0.236020859375 0.7923241078125 0.2328079796875 0.7826853328125 0.23075857187499998 0.779644934375 0.228418296875 0.7749549421874999 0.225192084375 0.773822928125 0.2260646875 0.7787717093750001 0.2295817671875 0.78155331875 0.22985930468750002 0.791709675
0 0.23395811875 0.7977904703124999 0.22868249999999998 0.793618059375 0.22603802499999998 0.7957852328125 0.22661976093749997 0.7990844218750001 0.22397528437499997 0.801251596875 0.226315559375 0.8059415874999999 0.23395811875 0.7977904703124999
0 0.21868633437499999 0.8055859453125 0.21428331875 0.8063623156249999 0.212220578125 0.8118286781249999 0.218382134375 0.8124431124999999 0.22308935000000002 0.8048095749999999 0.21868633437499999 0.8055859453125
0 0.26319156875 0.86917551875 0.26056042343749997 0.8628359328125 0.2582334796875 0.8496391796875 0.24178489062500003 0.8593430375000001 0.275501346875 0.8789111484375001 0.2714025296875 0.8728303531250001 0.26319156875 0.86917551875
1 0.1693163359375 0.6629127 0.16783533281250002 0.6716782515624999 0.174274425 0.6824490421875 0.18748346875 0.6801199312499999 0.185156525 0.6669231765625 0.1693163359375 0.6629127
0 0.1581566984375 0.6682822109375001 0.1493773328125 0.652821428125 0.1481871953125 0.663236575 0.1560939578125 0.6737485734375 0.1581566984375 0.6682822109375001
