1 0.45762940937499996 0.781711765625 0.47302544687500003 0.7940490484375 0.4831522875 0.8062023265624999 0.4916050390625 0.8159372171875001 0.49838370468750004 0.8232537171875001 0.5070010765624999 0.8282744984375 0.5177040890625 0.8239284 0.5352680750000001 0.8245417484375 0.556097928125 0.8323489265624999 0.573744225 0.8306052218750001 0.5830200796875 0.816769571875 0.590457225 0.8052296421875 0.6010779265624999 0.803240596875 0.6066763625 0.793996384375 0.599129021875 0.7583339046875001 0.598278034375 0.7323449765625 0.5831289281250001 0.712936534375 0.5661411125 0.695823809375 0.5452289484375 0.6903736828125 0.5225603875 0.6848622234375 0.500303375 0.66756549375 0.47596072500000003 0.6596356453125 0.4548839421875 0.658899628125 0.4369084046875 0.6700715484375 0.41934441875 0.6694582015625 0.42186949374999994 0.6978655171875 0.4283189171875 0.714610234375 0.43276501093749997 0.738364775 0.43904981562499995 0.7598236 0.44742025781250006 0.77191554375 0.45762940937499996 0.781711765625
0 0.368380971875 0.6181200265625 0.3598459078125 0.610742190625 0.3549059546875 0.6011299718750001 0.34628858125 0.5961091890625 0.34085476406250004 0.60063929375 0.3458770296875 0.607894459375 0.3492252078125 0.6127312359375 0.35608618124999997 0.6176906828125001 0.36119075624999997 0.6225887953125 0.37164683906249996 0.6253138578125 0.368380971875 0.6181200265625
0 0.39239438125000003 0.635478090625 0.385451096875 0.6328756984374999 0.37499501562500004 0.6301506359375 0.41448677343749996 0.6574889265625 0.42820872187500003 0.667407821875 0.42669925312499996 0.660275325 0.41824649999999997 0.6505404359375 0.407872728125 0.6454583203125 0.4010940640625 0.63814181875 0.39239438125000003 0.635478090625
0 0.374665775 0.6395788515625 0.37793164218749997 0.6467726828125 0.38989719218749996 0.656630240625 0.42228104375 0.6860802484375 0.413910603125 0.6739883046874999 0.398596875 0.65929396875 0.38503954687499997 0.6446609671875 0.374665775 0.6395788515625
0 0.3689027171875 0.65353716875 0.37400729374999997 0.65843528125 0.3826246671875 0.6634560625 0.3793588 0.65626223125 0.37425422343750003 0.6513641203125 0.3637981421875 0.6486390578125001 0.3689027171875 0.65353716875
0 0.40630883593749995 0.6902423421874999 0.399530171875 0.6829258421875 0.38915639999999996 0.677843725 0.3789472484375 0.6680475015625 0.3703298765625 0.6630267187500001 0.370082946875 0.67009788125 0.37526983281250004 0.6726389390625 0.3803744078125 0.6775370515625 0.385478984375 0.6824351640625 0.395852753125 0.6875172796875 0.4009573296875 0.6924153921875 0.40630883593749995 0.6902423421874999
0 0.3837504703125 0.7319332937499999 0.3699462109375 0.7243714531250001 0.3748861671875 0.7339836734375 0.392203221875 0.7416681828125 0.3837504703125 0.7319332937499999
0 0.419619234375 0.71194650625 0.42656251875000006 0.7145488984374999 0.4268094484375 0.7074777375 0.4201130953125 0.6978041828125 0.41292288125 0.7022729515624999 0.419619234375 0.71194650625
0 0.4263978984375 0.7192630046875 0.414514659375 0.70704839375 0.40908084218749996 0.711578496875 0.42447687968750003 0.7239157781250001 0.4263978984375 0.7192630046875
0 0.41745128593749997 0.7236704390625001 0.4121820890625 0.723486434375 0.41544795625 0.730680265625 0.42222662031249997 0.7379967671875 0.4274135046875 0.740537825 0.42766043593749997 0.7334666640624999 0.42255586093749997 0.7285685515625 0.41745128593749997 0.7236704390625001
0 0.4502745734375 0.7908946421875 0.44541692812499994 0.7789253703125001 0.4388028859375 0.7668947609375001 0.4341098609375 0.7502113796875001 0.4310086125 0.738303440625 0.42390070937499996 0.74041515625 0.4254101765625 0.7475476515625 0.428593734375 0.7570985375 0.4317772890625 0.766649421875 0.4400654234375 0.78109841875 0.4552145296875 0.8005068625 0.4502745734375 0.7908946421875
0 0.5065351031249999 0.8919762875 0.4941580015625 0.8939039984375 0.5060412421875 0.9061186109375001 0.530630821875 0.9069772984375 0.5500335187500001 0.9052949265624999 0.5398243671875 0.8954987031250001 0.5276118859375 0.8927123046875 0.5135606968750001 0.8922216265625 0.5065351031249999 0.8919762875
1 0.43010185468750006 0.6131955828125 0.42708291875000004 0.598930590625 0.4258203796875 0.5847269328125 0.4192063359375 0.572696325 0.412674603125 0.5583086625 0.393601146875 0.5505628171875 0.3756256109375 0.5617347390625 0.3785622375 0.5783567859375001 0.383172953125 0.5973972203125 0.4020817859375 0.609857171875 0.40710405156249996 0.6171123390625 0.42107293125 0.6199600703125 0.43010185468750006 0.6131955828125
0 0.6026697046875 0.8080160390625 0.6029989453125 0.7985878234375 0.5975651281250001 0.8031179265624999 0.5974005078125 0.8078320343750001 0.6026697046875 0.8080160390625
0 0.4782388703125 0.6951141234375 0.47848579999999996 0.6880429609375 0.47321660468750004 0.68785895625 0.4712132765625 0.694868784375 0.4782388703125 0.6951141234375
