0 0.7258693609375 0.48553018437500006 0.8417821421875 0.4610844375 0.8784016328125 0.449197515625 0.8858078078125 0.4419375296875 0.8469938453125 0.439969103125 0.7232242671875 0.47783317187499996 0.7258693609375 0.48553018437500006
0 0.883104071875 0.47888754687499996 0.854694115625 0.49759015937499995 0.8584168249999999 0.5030875046875 0.887453771875 0.4883435625 0.883104071875 0.47888754687499996
0 0.5461811171875001 0.54848280625 0.5738269546875 0.53395919375 0.5985534453125 0.5280139140625 0.6017862875 0.52141491875 0.575041696875 0.5236218578125 0.544300140625 0.5366067937500001 0.5461811171875001 0.54848280625
0 0.679766953125 0.54558578125 0.6077427109375 0.5590222890625001 0.606077346875 0.5755179625 0.681961425 0.5594411296875 0.679766953125 0.54558578125
0 0.6475364031249999 0.5851833984375 0.60333436875 0.594213303125 0.604588353125 0.60213064375 0.64708578125 0.5913417359375 0.6475364031249999 0.5851833984375
0 0.3589698609375 0.8520475671875 0.44028125156250003 0.843227084375 0.476450121875 0.8374984984375 0.5308797937499999 0.8390226265624999 0.57063424375 0.8469290562499999 0.567362159375 0.8352733750000001 0.52653009375 0.829566609375 0.47349153125 0.8278221515625 0.42202044843750003 0.83597436875 0.368844759375 0.8423675828125001 0.245937184375 0.8496603015625 0.24333133281250002 0.86021796875 0.2631203734375 0.8591126812500001 0.3589698609375 0.8520475671875
0 0.46142171562499995 0.67958869375 0.30683209843750003 0.6939283421875 0.3504713953125 0.7012387984374999 0.465144425 0.6850860390625 0.46142171562499995 0.67958869375
0 0.431346396875 0.7147869796874999 0.44525749843750007 0.712583678125 0.4492544609375 0.7018056796875001 0.3937471734375 0.7024812171875 0.351746184375 0.7014523515625 0.431346396875 0.7147869796874999
0 0.45666019062499996 0.5504875984375001 0.40038878437500003 0.5553421375 0.3985470515625 0.561720803125 0.4582276703125 0.560384275 0.45666019062499996 0.5504875984375001
0 0.51755599375 0.6828718265625 0.478428534375 0.6789240671875 0.4793690234375 0.684862071875 0.5171053718749999 0.6890301625 0.51755599375 0.6828718265625
0 0.597613403125 0.6661340015625 0.57131943125 0.66218260625 0.568400084375 0.6707609375 0.5963986609374999 0.6764713390625 0.597613403125 0.6661340015625
0 0.566891246875 0.6162172328125 0.56320778125 0.6289745640625 0.6127000046875 0.635338684375 0.618401571875 0.6263196921875 0.5934987109375001 0.6221479640625 0.6151294859374999 0.614664009375 0.6155801078125 0.6085056734375 0.566891246875 0.6162172328125
0 0.61411006875 0.428158553125 0.465163378125 0.47812623906249996 0.46919958125 0.48560291875 0.61845976875 0.43761456875000004 0.61411006875 0.428158553125
0 0.0787675984375 0.4784556703125 0.06997031406250001 0.4859359875 0.056999696875000005 0.494077296875 0.038601767187500004 0.49496225312500003 0.011582921875 0.5134445359375001 0.1119192359375 0.5076977671875 0.11354535624999999 0.4729474140625 0.0787675984375 0.4784556703125
1 0.5931658171875 0.6830703359375 0.603452096875 0.6489773375000001 0.6194791875 0.6241200265625 0.584133078125 0.5810225828125 0.5542733703125 0.6445925531250001 0.5358560406249999 0.70837921875 0.5146957328124999 0.7908612234375 0.566343184375 0.7928260125000001 0.57120215 0.7514766625 0.5844077750000001 0.7088053328125 0.5931658171875 0.6830703359375
1 0.660212921875 0.5121610484375 0.62606215625 0.521627975 0.627806003125 0.5416416578125001 0.6661301015625 0.531513740625 0.660212921875 0.5121610484375
1 0.7985404375 0.5572087328124999 0.8245209140625 0.5591807953125 0.8593965546875 0.5272801890625 0.90344161875 0.44523157187500007 0.87334645625 0.399273471875 0.8043394453125 0.377739296875 0.7316882125 0.387217134375 0.67545605 0.41032635156249997 0.6640335140625 0.49126604374999994 0.7040035765625 0.527544159375 0.72755456875 0.550190896875 0.7985404375 0.5572087328124999
1 0.627578825 0 0.63572010625 0.051402025 0.660466440625 0.12661313125 0.693265340625 0.1356212140625 0.7223022875 0.120877271875 0.7515350046875 0.053348628125 0.7388796765625 0 0.627578825 0
1 0.3658861703125 0.8326912359374999 0.358793490625 0.8419305593749999 0.3741741890625 0.8760162843750001 0.405405609375 0.8751276906250001 0.45813067500000004 0.8748928125000001 0.473570015625 0.8643315093749999 0.48017282968749997 0.8429958421875 0.47008231718750004 0.824304140625 0.412419803125 0.8293790109374999 0.3658861703125 0.8326912359374999
1 0.186099596875 0.7779781156250001 0.2033612703125 0.8239398515625 0.290237103125 0.8142380499999999 0.323976490625 0.8291841375000001 0.4453165859375 0.8119947421875 0.50172511875 0.7990025328125 0.5147936171875 0.7644688734375 0.57547291875 0.580365228125 0.6345261 0.431011934375 0.6216141265624999 0.394506215625 0.4437870140625 0.3881784625 0.14381644375 0.38496442656249996 0.12733873125 0.41598007656249997 0.1395258296875 0.4749194765625 0.22301229375 0.5428560484375 0.2387457328125 0.5971757875 0.193623053125 0.6814240703125 0.174892228125 0.7432314 0.186099596875 0.7779781156250001
