0 0.7668414953125 0.673307096875 0.7711794281250001 0.6623406968750001 0.7572569203125 0.664633984375 0.74906576875 0.6726863546875 0.7487749390625 0.6810146109375 0.7668414953125 0.673307096875
0 0.7464120859375 0.6920499828125 0.754409353125 0.6895497828125 0.7528220453125 0.67837646875 0.7407776734375 0.6835148125 0.7362458546874999 0.7000333828125 0.727957759375 0.710861840625 0.7358580828125 0.7111377265625001 0.731617090625 0.7193280390625 0.743467575 0.7197418671875 0.7496836453125 0.7116205250000001 0.75214344375 0.69780906875 0.7462182 0.6976021546875 0.7464120859375 0.6920499828125
0 0.7625035609374999 0.684273496875 0.760043765625 0.698084953125 0.7700161125 0.695653725 0.7687196328125 0.6761521546875 0.7625035609374999 0.684273496875
0 0.7539246375 0.703430209375 0.7536338078125 0.7117584671875 0.7616310734375 0.7092582671875001 0.7716034203125 0.7068270375 0.7876948953125 0.6990505515625001 0.7820604828125 0.69051538125 0.7679440890625 0.6983608390625 0.7539246375 0.703430209375
0 0.7753596953125 0.7125171531250001 0.7690466812500001 0.72341458125 0.7747780375 0.7291736656250001 0.780994109375 0.7210523234374999 0.7753596953125 0.7125171531250001
0 0.7226503953125001 0.7495890968750001 0.7325257984375 0.749933953125 0.7485203296875 0.7449335515625 0.7542516859374999 0.7506926375 0.7647087484374999 0.73438098125 0.7573900828125 0.71744858125 0.7470299640625 0.730984153125 0.7467391343750001 0.7393124109375 0.7388388124999999 0.739036525 0.7391296421875 0.7307082671875 0.72747304375 0.72474226875 0.7193788343749999 0.7300185531250001 0.726988328125 0.738622696875 0.7226503953125001 0.7495890968750001
0 0.7248076453125 0.574557759375 0.7324171390624999 0.5831619015625 0.7466304765625 0.5725403578125 0.74504316875 0.56136704375 0.7372397875 0.5583150734375 0.7271704999999999 0.5635223890625001 0.7248076453125 0.574557759375
1 0.2652317234375 0.5974216078125 0.28478864531250003 0.6036634921874999 0.2775669234375 0.5839550078125 0.2567135234375 0.558211553125 0.257913059375 0.5804892078125 0.2652317234375 0.5974216078125
1 0.7611346421875 0.5535905578125 0.76832014375 0.5177083578125 0.7694834609375001 0.48439533125 0.755367065625 0.4922407875 0.7213059796875 0.504948703125 0.6991923203125 0.5152943609375 0.6909042249999999 0.52612281875 0.7017852796875 0.554297503125 0.723511165625 0.5550561875 0.7452370546875 0.555814871875 0.7611346421875 0.5535905578125
0 0.23079458125 0.790782003125 0.24303283750000002 0.7800914890625 0.22415451874999998 0.7544170046875001 0.2176476171875 0.7708666046875 0.22318508750000002 0.7821778609375001 0.23079458125 0.790782003125
