1 0.6336260984375001 0.5358931546875 0.627352571875 0.527545909375 0.6185696359375 0.5242070109375 0.613550815625 0.5442404 0.62358845625 0.55592654375 0.6336260984375001 0.5459098499999999 0.6336260984375001 0.5358931546875
0 0.7578419078125 0.654424040625 0.7503136765625 0.6494156921875 0.7390213296875 0.642737896875 0.727728984375 0.642737896875 0.7164366375 0.6494156921875 0.7327478046875 0.6510851421875 0.7503136765625 0.654424040625 0.7540777921874999 0.666110184375 0.761606021875 0.6627712859375 0.7578419078125 0.654424040625
0 0.358845671875 0.6560934890625 0.35508155625 0.6527545906250001 0.35131744062500003 0.64774624375 0.35257214531250003 0.654424040625 0.357590965625 0.6594323875 0.36260978593750004 0.6627712859375 0.358845671875 0.6560934890625
0 0.7151819328125 0.6043405671875 0.7252195734375 0.6160267109374999 0.740276034375 0.6227045078125 0.749058971875 0.62604340625 0.7716436640625 0.6460767953125 0.78795483125 0.6527545906250001 0.7992471765625 0.63772955 0.8055207031249999 0.6327212015625 0.790464240625 0.619365609375 0.770388959375 0.6043405671875 0.741530740625 0.590984975 0.727728984375 0.590984975 0.7176913421875 0.595993321875 0.7151819328125 0.6043405671875
0 0.83688833125 0.62604340625 0.8331242156249999 0.6227045078125 0.8306148062500001 0.6227045078125 0.8205771640625 0.6126878125 0.81555834375 0.6060100171875 0.8130489328125 0.6126878125 0.81555834375 0.619365609375 0.8193224593749999 0.6277128546874999 0.8268506906249999 0.6327212015625 0.8343789203125 0.6343906515625 0.83688833125 0.6310517531250001 0.83688833125 0.62604340625
0 0.6047678796875 0.5375626046875001 0.59598494375 0.5358931546875 0.5972396484375 0.5475792984375001 0.6047678796875 0.5475792984375001 0.6047678796875 0.5375626046875001
0 0.79422835625 0.6494156921875 0.7992471765625 0.6410684468750001 0.7917189453125 0.642737896875 0.78795483125 0.6460767953125 0.782936009375 0.64774624375 0.784190715625 0.6510851421875 0.790464240625 0.6494156921875 0.79422835625 0.6494156921875
1 0.27603513125 0.29883138593749997 0.3111668765625 0.323873121875 0.2358845671875 0.198664440625 0.21079046406250002 0.19198664375000002 0.1894604765625 0.18196995 0.1292346296875 0.2120200328125 0.1706399 0.257095159375 0.21706399062499998 0.2754590984375 0.27603513125 0.29883138593749997
1 0.585947303125 0.470784640625 0.584692596875 0.4407345578125 0.6173149312499999 0.4574290484375 0.6185696359375 0.4407345578125 0.6072772890625 0.42070116874999997 0.599749059375 0.39899833125 0.570890840625 0.37228714531249996 0.5370138015625 0.358931553125 0.500627353125 0.3539232046875 0.4767879546875 0.3889816359375 0.464240903125 0.41235392343750005 0.4592220828125 0.4457429046875 0.5834378921875001 0.5308848078125 0.592220828125 0.5075125203125 0.585947303125 0.470784640625
1 0.34002509375 0.41402337187500005 0.38268506874999997 0.449081803125 0.393977415625 0.472454090625 0.40401505625 0.4774624375 0.40401505625 0.48914858125 0.4102885828125 0.484140234375 0.44165621093749996 0.4674457421875 0.4592220828125 0.4457429046875 0.4654956078125 0.4173622703125 0.481806775 0.3839732890625 0.49686323750000005 0.3555926546875 0.5056461734375 0.3405676125 0.49686323750000005 0.313856428125 0.48682559531249997 0.302170284375 0.4654956078125 0.28380634374999997 0.42534504375 0.2654424046875 0.37139272343749996 0.2587646078125 0.34002509375 0.2804674453125 0.3249686328125 0.31719532500000003 0.3350062734375 0.358931553125 0.34755332499999997 0.390651084375 0.34002509375 0.41402337187500005
