1 0.3422292 0.396396396875 0.3751962328125 0.403153153125 0.3657770796875 0.3761261265625 0.3532182109375 0.34909909843750003 0.3751962328125 0.35585585625 0.3751962328125 0.346846846875 0.340659340625 0.340090090625 0.3296703296875 0.328828828125 0.32025117812500004 0.322072071875 0.30612244843749997 0.3130630625 0.30298273125 0.31531531562500004 0.288854003125 0.33108108125 0.304552590625 0.3626126125 0.3218210359375 0.396396396875 0.3422292 0.396396396875
0 0.44740973281249996 0.58108108125 0.4411302984375 0.5765765765624999 0.4348508640625 0.5675675671875 0.4332810046875 0.5585585578125001 0.43014128749999997 0.5450450453125 0.423861853125 0.5675675671875 0.43171114531250004 0.574324325 0.44270015625000003 0.5833333328125 0.44740973281249996 0.58108108125
0 0.5447409734375 0.6306306312500001 0.54160125625 0.6238738734375 0.5259026687499999 0.6238738734375 0.511773940625 0.6261261265625 0.519623234375 0.6306306312500001 0.5290423859375 0.6306306312500001 0.5447409734375 0.6306306312500001
0 0.503924646875 0.671171171875 0.5086342234375001 0.6734234234375001 0.51020408125 0.66891891875 0.5086342234375001 0.6644144140625 0.503924646875 0.6644144140625 0.4976452125 0.6509009015625 0.496075353125 0.6554054046875 0.5007849296875 0.6644144140625 0.503924646875 0.671171171875
0 0.5133437984375 0.5945945953125 0.518053375 0.5878378375 0.50549450625 0.5900900906250001 0.4976452125 0.5878378375 0.48979591874999995 0.5923423421875 0.496075353125 0.5945945953125 0.503924646875 0.5945945953125 0.5133437984375 0.5945945953125
0 0.5384615390625 0.6959459453125 0.54631083125 0.71846846875 0.54945055 0.7139639640625 0.54945055 0.7072072078125 0.5510204078125 0.6981981984375001 0.547880690625 0.6869369375 0.54631083125 0.677927928125 0.5431711140625 0.675675675 0.5384615390625 0.671171171875 0.5353218203125001 0.6644144140625 0.532182103125 0.6554054046875 0.5337519625 0.653153153125 0.5353218203125001 0.646396396875 0.5353218203125001 0.6396396390625 0.5290423859375 0.6373873875 0.519623234375 0.6418918921875 0.5211930921875 0.6509009015625 0.527472528125 0.671171171875 0.5384615390625 0.6959459453125
0 0.5604395609374999 0.6599099093749999 0.5604395609374999 0.6554054046875 0.5525902671875 0.6554054046875 0.5431711140625 0.6621621625 0.54631083125 0.6666666671875 0.5510204078125 0.6644144140625 0.5604395609374999 0.6599099093749999
0 0.5588697015624999 0.727477478125 0.5525902671875 0.7229729734375 0.5525902671875 0.7364864859375 0.55729984375 0.7409909906250001 0.5588697015624999 0.727477478125
0 0.436420721875 0.7297297296874999 0.4332810046875 0.734234234375 0.436420721875 0.7364864859375 0.43956043906250003 0.7364864859375 0.436420721875 0.7297297296874999
0 0.445839875 0.702702703125 0.445839875 0.727477478125 0.45054945 0.727477478125 0.45054945 0.7139639640625 0.44897959218750005 0.6981981984375001 0.445839875 0.702702703125
0 0.48979591874999995 0.5878378375 0.48194662499999996 0.5765765765624999 0.4709576140625 0.565315315625 0.46624803750000005 0.5608108109375001 0.4615384609375 0.5608108109375001 0.4709576140625 0.5698198203125 0.47723704843750003 0.58108108125 0.4866562015625 0.5923423421875 0.48979591874999995 0.5878378375
0 0.68131868125 0.734234234375 0.6703296703125 0.727477478125 0.659340659375 0.7297297296874999 0.6656200937500001 0.7409909906250001 0.68131868125 0.734234234375
1 0.185243328125 0.48873873906250004 0.216640503125 0.48873873906250004 0.2480376765625 0.490990990625 0.2778649921875 0.5090090093749999 0.33281004687500004 0.5495495499999999 0.3516483515625 0.5360360359375 0.3532182109375 0.5045045046875 0.38147566718750003 0.4729729734375 0.368916796875 0.44819819843750003 0.356357928125 0.4729729734375 0.33908948125 0.45045045000000006 0.3014128734375 0.4549549546875 0.281004709375 0.4459459453125 0.229199371875 0.4234234234375 0.1726844578125 0.42567567500000003 0.1428571421875 0.41216216250000004 0.1240188390625 0.43693693749999996 0.1365777078125 0.466216215625 0.185243328125 0.48873873906250004
0 0.783359496875 0.6396396390625 0.791208790625 0.6261261265625 0.76923076875 0.6238738734375 0.747252746875 0.6509009015625 0.7660910515625 0.6554054046875 0.783359496875 0.6396396390625
0 0.532182103125 0.3626126125 0.518053375 0.3513513515625 0.5007849296875 0.353603603125 0.5086342234375001 0.3761261265625 0.5259026687499999 0.38063063124999996 0.532182103125 0.3626126125
