1 0.22125435468750002 0.585081584375 0.2247386765625 0.559440559375 0.2386759578125 0.559440559375 0.2613240421875 0.5617715624999999 0.2787456453125 0.5664335671875 0.2979094078125 0.578088578125 0.306620209375 0.6107226109375 0.3048780484375 0.6363636359375 0.32229965156249996 0.6550116546875 0.3449477359375 0.66899766875 0.3466898953125 0.634032634375 0.350174215625 0.578088578125 0.3693379796875 0.5384615390625 0.4006968640625 0.5128205125 0.4547038328125 0.5268065265625 0.4912891984375 0.5664335671875 0.5452961671875001 0.5268065265625 0.5104529609374999 0.49650349687500006 0.5087108015624999 0.46853146875 0.5278745640625 0.4452214453125 0.470383275 0.424242425 0.390243903125 0.41724941718749997 0.3954703828125 0.4638694640625 0.3954703828125 0.48951048906250005 0.3693379796875 0.49650349687500006 0.3536585359375 0.4638694640625 0.3536585359375 0.43356643281249996 0.3536585359375 0.414918415625 0.34843205625 0.396270396875 0.331010453125 0.40093240156250004 0.29616724687499996 0.396270396875 0.28222996562499997 0.403263403125 0.2787456453125 0.41258741250000003 0.24041811875 0.41258741250000003 0.2369337984375 0.40093240156250004 0.22822299687499997 0.3986013984375 0.1951219515625 0.40792540781250003 0.174216028125 0.41258741250000003 0.1655052265625 0.43123543125 0.163763065625 0.4825174828125 0.1655052265625 0.56876456875 0.1724738671875 0.59440559375 0.179442509375 0.6107226109375 0.2073170734375 0.624708625 0.22125435468750002 0.585081584375
0 0.41289198593750004 0.4871794875 0.40940766562500003 0.49417249375 0.41114982656250004 0.49650349687500006 0.414634146875 0.49184149218749995 0.4250871078125 0.4801864796875 0.43205574843749994 0.475524475 0.43902439062500004 0.47319347343749996 0.43902439062500004 0.46620046562499995 0.43205574843749994 0.46620046562499995 0.4233449484375 0.46853146875 0.41637630625 0.475524475 0.41289198593750004 0.4871794875
0 0.44076655000000003 0.4825174828125 0.4494773515625 0.475524475 0.45818815312499994 0.47319347343749996 0.46515679375 0.47319347343749996 0.470383275 0.46853146875 0.4721254359375 0.4638694640625 0.468641115625 0.4615384609375 0.463414634375 0.46620046562499995 0.45993031406249996 0.46853146875 0.45296167187499997 0.46853146875 0.4425087109375 0.47319347343749996 0.43379790937499996 0.4801864796875 0.43379790937499996 0.4871794875 0.44076655000000003 0.4825174828125
0 0.47909407656249997 0.44055944062499997 0.482578396875 0.43589743593749997 0.4808362375 0.42890442812499996 0.47560975625 0.424242425 0.468641115625 0.424242425 0.470383275 0.42890442812499996 0.47560975625 0.43123543125 0.47560975625 0.43589743593749997 0.4721254359375 0.4428904421875 0.468641115625 0.4452214453125 0.468641115625 0.44988345 0.4738675953125 0.45221445156250006 0.47560975625 0.44755244687499995 0.47909407656249997 0.44055944062499997
0 0.4808362375 0.44055944062499997 0.4808362375 0.4452214453125 0.48606271718749994 0.44988345 0.4895470390625 0.44755244687499995 0.4912891984375 0.4452214453125 0.4965156796875 0.44755244687499995 0.5017421609375 0.44755244687499995 0.5034843203125 0.44055944062499997 0.5017421609375 0.43589743593749997 0.49477351875000003 0.43589743593749997 0.4895470390625 0.43589743593749997 0.482578396875 0.43589743593749997 0.4808362375 0.44055944062499997
0 0.3623693375 0.5547785546874999 0.3623693375 0.5454545453125 0.3588850171875 0.540792540625 0.3536585359375 0.5431235437499999 0.3588850171875 0.55011655 0.3623693375 0.5547785546874999
0 0.331010453125 0.56876456875 0.3344947734375 0.5734265734374999 0.343205575 0.5734265734374999 0.33972125468750003 0.5664335671875 0.331010453125 0.5571095578125 0.3292682921875 0.5547785546874999 0.3275261328125 0.5571095578125 0.331010453125 0.56876456875
0 0.3275261328125 0.6083916078125 0.3327526125 0.6107226109375 0.336236934375 0.6083916078125 0.336236934375 0.603729603125 0.336236934375 0.596736596875 0.331010453125 0.5897435890625 0.3292682921875 0.5920745921874999 0.3275261328125 0.603729603125 0.3275261328125 0.6083916078125
0 0.3048780484375 0.47319347343749996 0.2996515671875 0.47319347343749996 0.2979094078125 0.4801864796875 0.29442508749999996 0.4988344984375 0.2996515671875 0.5128205125 0.2979094078125 0.5268065265625 0.29442508749999996 0.533799534375 0.29442508749999996 0.5384615390625 0.2979094078125 0.5384615390625 0.3048780484375 0.5291375296874999 0.30836236875 0.5291375296874999 0.31184669062500003 0.53146853125 0.31358885000000003 0.5244755249999999 0.30836236875 0.5128205125 0.3048780484375 0.5011655015625001 0.301393728125 0.49417249375 0.301393728125 0.48951048906250005 0.306620209375 0.4801864796875 0.3048780484375 0.47319347343749996
0 0.1759581875 0.5384615390625 0.1777003484375 0.5268065265625 0.1759581875 0.5221445218749999 0.1724738671875 0.5244755249999999 0.1724738671875 0.53146853125 0.1707317078125 0.5454545453125 0.1707317078125 0.55011655 0.1707317078125 0.559440559375 0.1707317078125 0.5664335671875 0.1777003484375 0.575757575 0.19163763125 0.575757575 0.1968641109375 0.5804195796875 0.20034843281249998 0.5734265734374999 0.19163763125 0.571095571875 0.1759581875 0.5641025640625 0.174216028125 0.552447553125 0.1759581875 0.5384615390625
0 0.163763065625 0.46620046562499995 0.163763065625 0.47319347343749996 0.1655052265625 0.4825174828125 0.1707317078125 0.49184149218749995 0.174216028125 0.4988344984375 0.1777003484375 0.5034965031249999 0.1777003484375 0.49650349687500006 0.174216028125 0.4871794875 0.1707317078125 0.47785547812500007 0.168989546875 0.47086247031250006 0.163763065625 0.46620046562499995
0 0.3658536578125 0.40559440625 0.3693379796875 0.4102564109375 0.37804878125 0.41258741250000003 0.379790940625 0.41258741250000003 0.3815331015625 0.40792540781250003 0.374564459375 0.40792540781250003 0.3728223 0.40093240156250004 0.3658536578125 0.40093240156250004 0.3658536578125 0.40559440625
0 0.3344947734375 0.475524475 0.3344947734375 0.4801864796875 0.33972125468750003 0.4801864796875 0.343205575 0.47086247031250006 0.3466898953125 0.4638694640625 0.3466898953125 0.45687645625 0.343205575 0.45454545468749996 0.33972125468750003 0.45221445156250006 0.336236934375 0.45687645625 0.3344947734375 0.46853146875 0.3344947734375 0.475524475
0 0.336236934375 0.49650349687500006 0.33972125468750003 0.4988344984375 0.343205575 0.49184149218749995 0.34843205625 0.4871794875 0.3449477359375 0.48484848437499994 0.3414634140625 0.4871794875 0.33972125468750003 0.4871794875 0.3344947734375 0.48951048906250005 0.336236934375 0.49650349687500006
0 0.34843205625 0.575757575 0.3449477359375 0.575757575 0.33972125468750003 0.578088578125 0.3344947734375 0.5804195796875 0.3344947734375 0.585081584375 0.336236934375 0.5874125875 0.33972125468750003 0.5897435890625 0.34843205625 0.5920745921874999 0.3536585359375 0.578088578125 0.3519163765625 0.578088578125 0.34843205625 0.575757575
