0 0.3681301734375 0.6019287203125 0.3758493046875 0.5986177953125 0.368929828125 0.592776696875 0.3499257515625 0.593440334375 0.35460945312500003 0.5993595078125 0.3681301734375 0.6019287203125
0 0.331039971875 0.5013381640625 0.33780033125000003 0.5026227703124999 0.3442954984375 0.49631322187500004 0.33508720937500003 0.4890313671875 0.331039971875 0.5013381640625
1 0.5552089109375 0.44636883281250006 0.5373267953124999 0.41505894374999996 0.5147650500000001 0.345895390625 0.4747373515625 0.32144157500000003 0.4546153890625 0.3221442484375 0.40441655781249997 0.3269385953125 0.380247359375 0.33994806875 0.35383831093749996 0.38497010625 0.3404195953125 0.41737304531249997 0.352389971875 0.47169962656250003 0.3661718125 0.5137974828125 0.3880481265625 0.5312817437499999 0.441172234375 0.5461541234375 0.471359253125 0.513165621875 0.5004283843749999 0.480216159375 0.5469553203124999 0.46642593750000005 0.5552089109375 0.44636883281250006
0 0.49620166406250005 0.6476389109375 0.5031741796875 0.654998840625 0.513447315625 0.660722828125 0.5071153374999999 0.63965438125 0.4989718984375 0.63081465625 0.49620166406250005 0.6476389109375
0 0.5032312906249999 0.6245831828124999 0.5047204484375001 0.6351759640625 0.5121743859375 0.6242708828125 0.5153158906249999 0.618078446875 0.5032312906249999 0.6245831828124999
0 0.550133571875 0.5894902890625 0.5549233515625 0.5984471250000001 0.557852703125 0.5861793640624999 0.55977024375 0.5769883046875 0.550133571875 0.5894902890625
0 0.692529509375 0.5966831796875 0.678474328125 0.6108601453125 0.6745331703125 0.62620460625 0.6788456 0.6214919625 0.692529509375 0.5966831796875
0 0.724617775 0.6822415734375 0.7315372515624999 0.6880826734375 0.7371266859375 0.6878874875000001 0.7355314500000001 0.6742570437500001 0.7316474015625001 0.6591858453125 0.7253113515625 0.6700518875 0.724617775 0.6822415734375
0 0.708481865625 0.7329875984374999 0.7143364921875001 0.7403865656249999 0.7244505125 0.7415540593750001 0.7355233046875 0.7381260234375 0.737493884375 0.7304537921875001 0.733662875 0.7169014265625 0.7213661203124999 0.7173308390625001 0.708481865625 0.7329875984374999
0 0.677544159375 0.80858144375 0.687870334375 0.8158242609374999 0.6979843546875 0.8169917546875001 0.7044795203125 0.8106822062499999 0.6894166046875 0.7960013828125 0.6825501671875001 0.7916791140624999 0.6758428453125 0.7919133390625 0.677544159375 0.80858144375
0 0.654753965625 0.8610805234375001 0.651029034375 0.8505658171875 0.646186215625 0.8400901515625 0.6442156359375 0.8477623796874999 0.6491645328125 0.8612757109375 0.654753965625 0.8610805234375001
0 0.5816099 0.8818829687499999 0.5859223296875 0.877170325 0.5889577578125 0.8679402265625 0.5909283390625 0.860267996875 0.5885334484375 0.855789578125 0.5845392515625 0.8696152078124999 0.5816099 0.8818829687499999
0 0.53716369375 0.8591041328125 0.5422757796875 0.8452394671875 0.5368454609375 0.849991146875 0.53370395625 0.856183584375 0.5293384859375 0.8593773953125 0.529550640625 0.8654527203125 0.5341813046875 0.8698530625 0.53716369375 0.8591041328125
0 0.48698115625 0.7361605234375 0.4833092625 0.72716465 0.47324828124999996 0.7275159875 0.4702658921875 0.7382649171875 0.4718080890625 0.750376528125 0.4748435171875 0.7411464296875 0.48698115625 0.7361605234375
0 0.4804410984375 0.6770822640625 0.4774056703125 0.6863123609375 0.47442328125 0.6970612921875 0.4724527 0.7047335218749999 0.47708336406249996 0.7091338656249999 0.4788417890625 0.695386309375 0.4840069140625 0.683040475 0.48800111093750004 0.6692148453125 0.49423108281249994 0.6553111406250001 0.49401892812500003 0.6492358171875 0.4886946890625 0.6570251593750001 0.48342348749999997 0.6663333328125 0.4804410984375 0.6770822640625
0 0.5678239875 0.8717196015625 0.5669182546875 0.8778339624999999 0.5704840703125 0.883792175 0.57245465 0.87611994375 0.57330734375 0.8684867515624999 0.5678239875 0.8717196015625
0 0.589794071875 0.5713777984374999 0.594106503125 0.5666651546875 0.5873461437499999 0.56538055 0.581809746875 0.5670945671875 0.577444278125 0.5702883796875 0.58308675 0.5716120234375001 0.589794071875 0.5713777984374999
0 0.7157358656249999 0.6202037265625 0.7121170109375 0.612726684375 0.7075393875 0.609845171875 0.706792771875 0.6205160265624999 0.7124882828125 0.6233584999999999 0.7157358656249999 0.6202037265625
0 0.7251522359375 0.6654953953125 0.7163152187499999 0.6688453578125 0.7120558265625 0.67507683125 0.718710109375 0.673323775 0.7251522359375 0.6654953953125
0 0.70491605 0.7270293859375 0.7081105937500001 0.72235578125 0.7078984390625 0.71628045625 0.7012441578125 0.7180335125 0.7003914640625 0.72566670625 0.70491605 0.7270293859375
1 0.31678485625 0.4136363390625 0.3277515703125 0.40717064062499997 0.330203571875 0.3812334 0.3252016359375 0.3662012390625 0.30087332031249997 0.37465421875 0.29959224375 0.402071253125 0.31678485625 0.4136363390625
