1 0.4525217375 0.467116534375 0.48106041250000003 0.5096975265625 0.51785869375 0.5426516218749999 0.5284065484375 0.4463499796875 0.49394245000000003 0.38486729531249997 0.44930610312499997 0.42161859062499996 0.4525217375 0.467116534375
1 0.5306639750000001 0.510082309375 0.5773853546875001 0.4608936375 0.620350653125 0.39238159375000004 0.658601659375 0.32278056875 0.6037817375000001 0.3013509171875 0.5707854703125 0.3458663515625 0.5370839171874999 0.4446632703125 0.5306639750000001 0.510082309375
1 0.7029429296874999 0.243974325 0.6465400421874999 0.2549379359375 0.6732503828125 0.3981417109375 0.6941082765625 0.3780445640625 0.7029429296874999 0.243974325
0 0.6858751062499999 0.7526396265625 0.680536059375 0.76570951875 0.6853346578124999 0.7788142015624999 0.6921339843750001 0.7674658062499999 0.6858751062499999 0.7526396265625
0 0.6801604515624999 0.7637771812499999 0.684414828125 0.7509181265625 0.67640436875 0.7444538109375001 0.6801604515624999 0.7637771812499999
0 0.5329748828125 0.73623741875 0.5174981890625 0.749272521875 0.5352706875 0.753839290625 0.5562128890625 0.74575784375 0.5329748828125 0.73623741875
0 0.5584281609375 0.803482325 0.5750316796875 0.7962442328125 0.550417703125 0.797018009375 0.532687359375 0.798459090625 0.5403222109375 0.8029910703124999 0.5584281609375 0.803482325
0 0.6186066265625 0.5050200765625 0.6074264625 0.511203975 0.6111403921874999 0.524519496875 0.6168972 0.519389790625 0.6186066265625 0.5050200765625
1 0.6396677375 0.41068555937499995 0.6310746765624999 0.42438796874999996 0.621105646875 0.44838457812500004 0.6327878796874999 0.46215656406249994 0.6374178640625 0.451229846875 0.6478046578125001 0.435173425 0.6396677375 0.41068555937499995
0 0.4574543515625 0.6025213828125 0.46300416875000006 0.6194907390625 0.4670937046875 0.634738596875 0.4636289234375 0.6053318640625001 0.46316900624999996 0.591383828125 0.45803695156249996 0.582354659375 0.447857153125 0.5763120203125001 0.44426968593750005 0.5810200484375 0.4519466890625 0.591559878125 0.4574543515625 0.6025213828125
