1 0.441543725 0.16304625 0.43626802031249995 0.148650859375 0.4252505203125 0.15142579218750002 0.420556278125 0.16198213125 0.4184611734375 0.17521009999999998 0.42036194374999997 0.182291053125 0.4336293984375 0.1843924109375 0.43840106875 0.182888203125 0.441543725 0.16304625
1 0.48064772343750006 0.1737596484375 0.4830920109375 0.15832701875 0.481191240625 0.15124606406250002 0.4759929609375 0.1459028046875 0.47044549843750005 0.14276420625 0.46202713749999996 0.14821076875 0.458457871875 0.1612052546875 0.459311090625 0.1749001921875 0.4634618171875 0.18685743593749998 0.470832625 0.1880248578125 0.477776825 0.182344809375 0.48064772343750006 0.1737596484375
1 0.5153687171875 0.1453594109375 0.5216145484375 0.14408868749999998 0.528558746875 0.138408640625 0.5211879390624999 0.13724121875 0.5164162703125 0.1387454265625 0.5153687171875 0.1453594109375
1 0.207144315625 0.5553147218750001 0.18049249843749998 0.5804730578124999 0.167108134375 0.60773275 0.1676121703125 0.6236323500000001 0.181461084375 0.6506854375 0.2242892 0.6665086125 0.268087440625 0.6666656718749999 0.305447059375 0.60252388125 0.32247811249999997 0.5713218343750001 0.321275709375 0.559831559375 0.3050599328125 0.5572632328125 0.2906674984375 0.5527237265625 0.24679183125 0.5435145375 0.207144315625 0.5553147218750001
0 0.3897491140625 0.43281870624999996 0.383775040625 0.4228326390625 0.3832315234375 0.44534622187500006 0.3884298015625 0.45068948124999997 0.3897491140625 0.43281870624999996
0 0.5508198656250001 0.5035291421875 0.5490739453125 0.5145524499999999 0.5524488796875 0.5218668875 0.5587721343750001 0.52964829375 0.556444753125 0.5157198703125 0.557065696875 0.50225841875 0.5508198656250001 0.5035291421875
0 0.57320405 0.49577461562499997 0.5643590796875 0.494373709375 0.5670356453125 0.50609746875 0.5714581296875 0.506797921875 0.57320405 0.49577461562499997
0 0.564164746875 0.51468263125 0.5711863703125 0.5180547140625 0.5711089453125 0.509002584375 0.564164746875 0.51468263125
0 0.5202890796874999 0.505473440625 0.511094925 0.506277196875 0.5085732109375 0.5126576968750001 0.5001548515625001 0.518104259375 0.5042281515625 0.521009375 0.507176475 0.5214763437500001 0.5155948359375 0.51602978125 0.526263153125 0.5154595078125 0.5258365421875 0.508612040625 0.5195907109375 0.5098827640625 0.5202890796874999 0.505473440625
0 0.5130746625 0.43653178593749997 0.516100409375 0.44605088437499996 0.5271953359375 0.45232808125 0.533712925 0.439800565625 0.523742978125 0.43596151406250006 0.5152471921874999 0.432355946875 0.5130746625 0.43653178593749997
0 0.4896034421875 0.48931347968749994 0.4874309125 0.49348931875 0.48161169062500003 0.5016075125 0.4861116015625 0.5113600953125 0.4920082484375 0.5122940328125 0.49410335312500003 0.4990660625 0.4896034421875 0.48931347968749994
0 0.4036359734375 0.5073371046874999 0.4013085921875 0.493408684375 0.3873427671875 0.49571664843749996 0.37492853125000003 0.5073102265625 0.3856742734375 0.515792084375 0.4036359734375 0.5073371046874999
0 0.4714474109375 0.51807738125 0.475403803125 0.5503435484375 0.483899590625 0.553949115625 0.48902044218749996 0.5502402453124999 0.4829689453125 0.5312020468750001 0.477615815625 0.507754528125 0.46989582343749997 0.50879176875 0.4714474109375 0.51807738125
0 0.45550492968749995 0.41837376875 0.451354203125 0.40641652500000003 0.4477849375 0.4194110078125 0.44568983281249996 0.43263897812499996 0.45251712343749995 0.45631998281249997 0.45891780625 0.47315351874999995 0.46093548437500004 0.4508734203125 0.45600896406249997 0.4342733671875 0.45550492968749995 0.41837376875
1 0.4485197078125 0.5483454937500001 0.4719893875 0.5814422921875 0.4736958265625 0.6088321671875 0.476721575 0.6183512671875 0.4840149578125 0.6104665578125 0.49549855000000004 0.5761259125 0.488322075 0.55464956875 0.47959401250000006 0.5238876109375 0.46617170625000004 0.5036819921875 0.46136209531250005 0.4577208875 0.46791916718750004 0.40678018906249996 0.4477075109375 0.4103588796875 0.43149173281250003 0.407790553125 0.4019310734375 0.3940687359375 0.37772354375 0.40379444062500003 0.3530894046875 0.4066726765625 0.345175078125 0.4280188390625 0.3465323328125 0.45761337500000004 0.3549112109375 0.4905799953125 0.3715535984375 0.499995790625 0.39207495468750003 0.5326256203125 0.4134115859375 0.5314850796874999 0.42078239531249995 0.5326525 0.4485197078125 0.5483454937500001
1 0.49534677812499994 0.3862646625 0.46722079843750003 0.4111895125 0.46155642812500003 0.43741196562500007 0.4702070640625 0.45912179374999995 0.4926686734375 0.460419396875 0.511677925 0.44535043124999996 0.5157907093749999 0.40984236249999995 0.49534677812499994 0.3862646625
1 0.62537963125 0.6147767875000001 0.6477638140625 0.6070222609375 0.6537773703124999 0.5785951453125 0.6622352125 0.5347354015625 0.6719349421875 0.4639527484375 0.6723236078125 0.4233349046875 0.650482940625 0.40857584999999996 0.6069564578125 0.3971619984375 0.572352371875 0.3962011828125 0.5581147890625 0.40976593906250003 0.5365063984375 0.42216327343750004 0.49996205781249997 0.45253468750000003 0.48490919843749997 0.49986981875 0.49961133437500005 0.54061784375 0.50166695625 0.5658030562499999 0.5107442015625 0.594360353125 0.5249423015625 0.6192087796875 0.556598065625 0.6197026265625001 0.5885255890625001 0.6089396812500001 0.62537963125 0.6147767875000001
1 0.5468603953125 0.643019965625 0.5619511953125 0.6431501453124999 0.574792040625 0.6384040359375 0.5728912703125 0.6313230843750001 0.5493046828125 0.6275873359374999 0.5372396296875 0.6369762531250001 0.5468603953125 0.643019965625
0 0.165517065625 0.6368603187499999 0.169862125 0.628508640625 0.16431466249999999 0.62537004375 0.15806883124999999 0.6266407671875001 0.158495440625 0.6334882359375 0.165517065625 0.6368603187499999
0 0.160745396875 0.6383645265625 0.15814625625 0.635692896875 0.1574478875 0.6401022203125 0.161521190625 0.643007334375 0.160745396875 0.6383645265625
0 0.1944567828125 0.6640435874999999 0.2025259578125 0.6608016859375 0.1896076875 0.656495665625 0.178241003125 0.661475259375 0.183788465625 0.664613859375 0.1944567828125 0.6640435874999999
1 0.46450013125 0.69551441875 0.48688431718749997 0.687759890625 0.6261159421875 0.6578327765624999 0.6116460828125 0.64424114375 0.5234286578125 0.6573884765625 0.5020146000000001 0.6494768890625 0.47982474843749995 0.636922496875 0.4674105125 0.6485160750000001 0.4620953265625 0.6725338671875 0.46450013125 0.69551441875
