0 0.9210948953125 0.66160015 0.947818559375 0.643426215625 0.938362575 0.6070202890624999 0.9216422234375001 0.5760270937499999 0.883654771875 0.5713085687499999 0.8445276765624999 0.5448443421875 0.8227014234375 0.5124413953125 0.7775372734375 0.5148083484375 0.7126780796875 0.50143406875 0.4618478875 0.444131215625 0.412454484375 0.46181588125 0.40562844531250003 0.4755923421875 0.41321621718749996 0.5003547937499999 0.42681379374999995 0.5197702625 0.44589518437500003 0.5238022703125 0.4752156328125 0.5071695859375 0.8840113437499999 0.650124890625 0.9210948953125 0.66160015
0 0.4158379421875 0.094300965625 0.42024252500000003 0.0823287484375 0.40367025468750006 0.0781652421875 0.3723062625 0.079808959375 0.3429858125 0.09644164375 0.3196751671875 0.107727346875 0.344213121875 0.1198600921875 0.366795196875 0.1186766171875 0.3876843875 0.1091951578125 0.4060644578125 0.0998451953125 0.4158379421875 0.094300965625
0 0.3387293078125 0.135243553125 0.3370968359375 0.1521025125 0.42654848906250004 0.13064114375 0.42450494531249994 0.1156521765625 0.3387293078125 0.135243553125
0 0.3705920390625 0.167120509375 0.3442462859375 0.1685012328125 0.3625991046875 0.18263546718749998 0.39880600624999996 0.1773832625 0.42900310625 0.177478040625 0.45248908125 0.1695378296875 0.44685718750000003 0.1580916 0.431188815625 0.1471713609375 0.39399035 0.157507553125 0.3705920390625 0.167120509375
0 0.7731244671875 0.0705443515625 0.7508930515625 0.0784188125 0.776247240625 0.082122078125 0.7731244671875 0.0705443515625
0 0.6054245375 0.11120260468750001 0.63185795625 0.111494628125 0.6503256937499999 0.10381741250000001 0.6610907421875 0.093189196875 0.6505282734375 0.0836787078125 0.6245331796875 0.091750415625 0.6054245375 0.11120260468750001
0 0.7583659078125 0.12499271406250001 0.7569360171875 0.12171297031249999 0.7106926375 0.1274911640625 0.6393580640625001 0.13458433281249998 0.59320235 0.142035271875 0.6049317125 0.149807265625 0.6526926468750001 0.14898156093749998 0.6964269062499999 0.143334865625 0.7514522046875001 0.1370964296875 0.7583659078125 0.12499271406250001
0 0.76918545625 0.0673961046875 0.7495508265625 0.076811815625 0.762710078125 0.08786355312500001 0.7823447078125 0.0784478421875 0.76918545625 0.0673961046875
0 0.5724303859375001 0.5138161593749999 0.6608359703125 0.5444071734375 0.7629540453125 0.572602203125 0.8673182453124999 0.5956474984375 0.777482771875 0.5617767406249999 0.668653571875 0.5255467234375 0.5639387124999999 0.49581044375000005 0.44819581093750005 0.471684140625 0.3990049859375 0.46923010156249995 0.42800793906249995 0.494547571875 0.48615601093749994 0.49988686250000003 0.5724303859375001 0.5138161593749999
1 0.320871625 0.4666155359375 0.30846819375 0.421977375 0.2940816328125 0.38750718906250003 0.2764301328125 0.3867549234375 0.280226975 0.43519881875 0.2970077390625 0.49134895624999997 0.31977105625 0.565636309375 0.340868740625 0.6081414828125 0.3543454875 0.5772430640625 0.33738939375 0.5177474328125 0.320871625 0.4666155359375
1 0.9292027453125 0.624273740625 0.902823828125 0.5770133234375 0.833148975 0.543763334375 0.7559467625 0.5109078375 0.6439675406250001 0.4865842890625 0.5441832546875001 0.45491226874999996 0.45172374531250004 0.44298446093750005 0.40787457031249996 0.47044260781249997 0.4032069890625 0.4773965875 0.43072555156250003 0.5464027046875 0.45143941249999997 0.5335757546875 0.562690065625 0.568001528125 0.6984182578125 0.58940310625 0.8662721796874999 0.6476998796875 0.9292027453125 0.624273740625
1 0.4546226 0.5703104234375 0.4780209109375 0.560697465625 0.475714371875 0.5406902609375 0.4704603890625 0.51245081875 0.4572134734375 0.49972633593750004 0.43740351093749996 0.5057965531249999 0.42001500625 0.510062528125 0.4194617640625 0.523510246875 0.42436508906250003 0.545058703125 0.43454964374999994 0.5713624015625001 0.4546226 0.5703104234375
1 0.406357015625 0.46549011562500003 0.3515556375 0.3559803140625 0.28744635 0.236894275 0.2693020234375 0.274746671875 0.27388785000000004 0.33824528125 0.2999765203125 0.4039716578125 0.331905578125 0.5331308953125 0.3700742734375 0.6133202484375 0.42069498593750004 0.6190540312499999 0.4450848609375 0.6043570875000001 0.406357015625 0.46549011562500003
