0 0.42606516250000004 0.6638795984375 0.43107769375 0.6839464890625 0.44110275625 0.6839464890625 0.4636591484375 0.6822742468749999 0.45488721875 0.672240803125 0.4423558890625 0.6705685625 0.42606516250000004 0.6638795984375
0 0.4398496234375 0.618729096875 0.4373433578125 0.6070234109375 0.43483709218750005 0.59197324375 0.4323308265625 0.5819398 0.4223057640625 0.5819398 0.41228070156249996 0.5785953171875 0.4047619046875 0.5802675578125001 0.403508771875 0.5886287625 0.40977443593749996 0.6020066890625 0.41854636562499997 0.62374581875 0.42481202968750004 0.64548495 0.43107769375 0.643812709375 0.45112782031250004 0.647157190625 0.4536340859375 0.6354515046875 0.4473684203125 0.62374581875 0.4398496234375 0.618729096875
0 0.492481203125 0.6571906359375 0.497493734375 0.6638795984375 0.5112781953125001 0.6655518390624999 0.5162907265625 0.6622073578125 0.5062656640625 0.6571906359375 0.492481203125 0.6571906359375
0 0.551378446875 0.6304347828125 0.5413533828125 0.6287625421875 0.542606515625 0.643812709375 0.5538847125 0.6505016718750001 0.5563909781249999 0.643812709375 0.551378446875 0.6304347828125
0 0.576441103125 0.6571906359375 0.576441103125 0.64548495 0.5739348375 0.6304347828125 0.5651629078125 0.6304347828125 0.5639097750000001 0.647157190625 0.5676691734375 0.6605351171875 0.5739348375 0.6638795984375 0.576441103125 0.6571906359375
0 0.591478696875 0.6989966562500001 0.5839599 0.6889632109375 0.5751879703125 0.68060200625 0.5726817046875 0.6906354515625 0.5776942359375 0.704013378125 0.5852130328125 0.7023411375 0.591478696875 0.6989966562500001
0 0.561403509375 0.6906354515625 0.5538847125 0.6839464890625 0.5463659140625 0.68060200625 0.547619046875 0.6889632109375 0.5538847125 0.6906354515625 0.561403509375 0.6906354515625
0 0.5375939843750001 0.5886287625 0.5187969921875 0.5769230765625 0.5037593984375001 0.5735785953125 0.49373433593750005 0.5735785953125 0.49624060156249994 0.5819398 0.5100250625 0.5819398 0.5300751874999999 0.595317725 0.5375939843750001 0.595317725 0.5375939843750001 0.5886287625
0 0.44360902187500006 0.5083612046875 0.4298245609375 0.5301003343749999 0.4373433578125 0.531772575 0.448621553125 0.5133779265625 0.44360902187500006 0.5083612046875
0 0.467418546875 0.4799331109375 0.4561403515625 0.494983278125 0.4586466171875 0.5 0.47243107812499996 0.4866220734375 0.467418546875 0.4799331109375
1 0.45238095312500004 0.4782608703125 0.438596490625 0.476588628125 0.41854636562499997 0.4832775921875 0.40977443593749996 0.505016721875 0.4072681703125 0.531772575 0.4147869671875 0.558528428125 0.41102756874999996 0.58528428125 0.4160401 0.612040134375 0.42481202968750004 0.64214046875 0.43483709218750005 0.672240803125 0.4423558890625 0.700668896875 0.4536340859375 0.7173913046875 0.47117794531249996 0.7257525078125 0.487468671875 0.732441471875 0.5100250625 0.739130434375 0.5551378453125 0.7474916390625 0.5701754390625 0.735785953125 0.5739348375 0.7173913046875 0.57894736875 0.6889632109375 0.5751879703125 0.6571906359375 0.5676691734375 0.6270903015625 0.551378446875 0.61036789375 0.5413533828125 0.6070234109375 0.5375939843750001 0.5668896328125 0.5363408515625 0.5117056859375 0.5288220546875 0.4916387953125 0.5062656640625 0.4749163875 0.4887218046875 0.469899665625 0.477443609375 0.476588628125 0.4686716796875 0.4799331109375 0.45238095312500004 0.4782608703125
