0 0.5031367625 0.64 0.50439146875 0.6566666671875 0.50439146875 0.6733333328125 0.50439146875 0.6900000000000001 0.5119196984375 0.6733333328125 0.5131744046875 0.645 0.5081555828125001 0.6266666671875 0.49937264687500005 0.615 0.49184441718749994 0.6016666671875 0.49058971093750003 0.6183333328125 0.49937264687500005 0.6266666671875 0.5031367625 0.64
0 0.400250940625 0.4716666671875 0.4090338765625 0.485 0.41530740312500003 0.49833333281250003 0.422835634375 0.515 0.42785445468749994 0.5333333328125 0.43287327500000006 0.5533333328125 0.44165621093749996 0.55 0.43538268437500005 0.5333333328125 0.43287327500000006 0.5166666671875 0.42659974843750004 0.49833333281250003 0.41907151875000004 0.48666666718749996 0.4090338765625 0.47000000000000003 0.39774153125 0.4516666671875 0.38644918437500003 0.43833333281250003 0.3751568375 0.43 0.380175659375 0.445 0.38770388906250003 0.4566666671875 0.400250940625 0.4716666671875
0 0.43287327500000006 0.6383333328125 0.43663739062499995 0.6333333328124999 0.43663739062499995 0.6283333328125 0.4341279796875 0.625 0.43036386406249993 0.63 0.429109159375 0.635 0.429109159375 0.6416666671875 0.43287327500000006 0.6383333328125
0 0.3412798 0.3016666671875 0.3425345046875 0.2966666671875 0.3387703890625 0.29333333281249996 0.337515684375 0.3016666671875 0.337515684375 0.305 0.3387703890625 0.31 0.3412798 0.3083333328125 0.3412798 0.315 0.343789209375 0.3166666671875 0.34629862031249997 0.3166666671875 0.34629862031249997 0.3133333328125 0.34629862031249997 0.3083333328125 0.343789209375 0.3066666671875 0.3412798 0.3016666671875
1 0.49435382656250004 0.42000000000000004 0.5232120453125 0.385 0.5445420328125 0.3466666671875 0.5407779171875 0.305 0.5345043921875 0.25166666718749997 0.521957340625 0.2316666671875 0.500627353125 0.22833333281249998 0.46173149375 0.2133333328125 0.43538268437500005 0.2133333328125 0.401505646875 0.195 0.378920953125 0.1833333328125 0.3663739015625 0.1816666671875 0.34755332499999997 0.205 0.3412798 0.225 0.33375156875 0.2366666671875 0.3287327484375 0.2633333328125 0.32371392656250003 0.275 0.314930990625 0.3016666671875 0.314930990625 0.3283333328125 0.3174404015625 0.37 0.3212045171875 0.4016666671875 0.3412798 0.4016666671875 0.35131744062500003 0.41500000000000004 0.378920953125 0.445 0.3989962359375 0.48166666718749995 0.40401505625 0.5083333328124999 0.4090338765625 0.545 0.41405269687499996 0.58 0.41907151875000004 0.63 0.44667503125 0.82 0.46925972343750005 0.7966666671875 0.48682559531249997 0.7633333328125 0.49058971093750003 0.6633333328125001 0.6148055203125 0.8633333328124999 0.481806775 0.5366666671875 0.479297365625 0.4783333328125 0.48808030156250004 0.45499999999999996 0.49435382656250004 0.42000000000000004
1 0.44792973593749996 0.125 0.43287327500000006 0.1416666671875 0.4203262234375 0.1533333328125 0.3889585953125 0.1583333328125 0.380175659375 0.1616666671875 0.38770388906250003 0.1783333328125 0.41656210781249997 0.1833333328125 0.44918444218750003 0.20166666718749998 0.471769134375 0.20166666718749998 0.500627353125 0.1866666671875 0.5294855703125 0.1816666671875 0.543287328125 0.1783333328125 0.563362609375 0.16999999999999998 0.6010037640625 0.1416666671875 0.5696361359375001 0.1366666671875 0.5257214546875 0.1366666671875 0.479297365625 0.125 0.44792973593749996 0.125
0 0.5821831875 0.505 0.5821831875 0.5133333328125 0.58092848125 0.5183333328125 0.5759096609375 0.5233333328125 0.5771643656250001 0.5283333328125 0.58092848125 0.53 0.584692596875 0.5316666671875 0.5884567125 0.5316666671875 0.5884567125 0.5266666671875 0.5884567125 0.52 0.5884567125 0.515 0.5872020078125 0.51 0.5872020078125 0.5033333328125 0.5872020078125 0.49833333281250003 0.584692596875 0.4966666671875 0.578419071875 0.49833333281250003 0.5759096609375 0.5 0.58092848125 0.5016666671875 0.5821831875 0.505
0 0.543287328125 0.4766666671875 0.5470514421875 0.475 0.5508155578125 0.4716666671875 0.5520702640625 0.465 0.5483061484375 0.46166666718749994 0.543287328125 0.46666666718750005 0.5407779171875 0.4716666671875 0.543287328125 0.4766666671875
0 0.5370138015625 0.465 0.5395232125 0.46666666718750005 0.543287328125 0.4683333328125 0.5457967375 0.46333333281250005 0.5445420328125 0.4583333328125 0.5395232125 0.4566666671875 0.5370138015625 0.4566666671875 0.5370138015625 0.465
0 0.521957340625 0.4483333328125 0.5232120453125 0.4533333328125 0.528230865625 0.4516666671875 0.5294855703125 0.4483333328125 0.53199498125 0.445 0.528230865625 0.44000000000000006 0.52446675 0.44000000000000006 0.5232120453125 0.44333333281250004 0.521957340625 0.4483333328125
0 0.5734002515625 0.5116666671875 0.5897114171875 0.5516666671875 0.598494353125 0.5433333328125001 0.5872020078125 0.5066666671875 0.5734002515625 0.5116666671875
0 0.557089084375 0.8133333328125 0.55959849375 0.8099999999999999 0.55959849375 0.805 0.557089084375 0.8 0.5533249687499999 0.8033333328125 0.5508155578125 0.8083333328125001 0.5533249687499999 0.8150000000000001 0.557089084375 0.8133333328125
