0 0.8465408812499999 0.5943238734375 0.8503144656250001 0.590984975 0.8465408812499999 0.584307178125 0.841509434375 0.5826377296875 0.8364779875 0.5809682796875 0.8301886796875 0.5809682796875 0.8289308171875 0.5876460765625 0.8339622640625001 0.5893155265625001 0.8389937109375 0.5943238734375 0.8427672953125 0.5943238734375 0.8465408812499999 0.5943238734375
0 0.88176100625 0.6393989984374999 0.8867924531250001 0.6410684468750001 0.8880503140625 0.6343906515625 0.8880503140625 0.629382303125 0.8842767296874999 0.6277128546874999 0.88176100625 0.629382303125 0.8805031453125001 0.6343906515625 0.88176100625 0.6393989984374999
0 0.6515723265625 0.427378965625 0.6528301890625 0.41903172031249997 0.6566037734375 0.41402337187500005 0.6566037734375 0.4106844734375 0.6566037734375 0.404006678125 0.6566037734375 0.39732888125 0.6528301890625 0.39398998281250003 0.64654088125 0.39732888125 0.64528301875 0.404006678125 0.64654088125 0.4106844734375 0.64654088125 0.42070116874999997 0.6515723265625 0.427378965625
0 0.6930817609375 0.427378965625 0.6893081765625 0.41402337187500005 0.6704402515625 0.4056761265625 0.6616352203125 0.40233722812500006 0.6566037734375 0.4056761265625 0.6654088046875 0.41235392343750005 0.6754716984375 0.415692821875 0.685534590625 0.4223706171875 0.6930817609375 0.427378965625
0 0.1446540875 0.3255425703125 0.1421383640625 0.3255425703125 0.1383647796875 0.3272120203125 0.1421383640625 0.33222036718750003 0.14842767343750002 0.33222036718750003 0.149685534375 0.3272120203125 0.1446540875 0.3255425703125
0 0.11194968593750002 0.4173622703125 0.11446540937500001 0.41235392343750005 0.11446540937500001 0.4073455765625 0.11320754687500001 0.40233722812500006 0.11320754687500001 0.39732888125 0.11069182343749999 0.3956594328125 0.11069182343749999 0.40233722812500006 0.11069182343749999 0.4073455765625 0.1094339625 0.41402337187500005 0.11194968593750002 0.4173622703125
0 0.7987421390625 0.1118530890625 0.787421384375 0.1118530890625 0.77232704375 0.1118530890625 0.7660377359375 0.11686143593750001 0.781132075 0.120200334375 0.8025157234375 0.11853088437499999 0.8201257859375 0.11519198593749999 0.8314465406249999 0.11686143593750001 0.8339622640625001 0.12186978281250001 0.8389937109375 0.12186978281250001 0.8477987421875 0.11519198593749999 0.849056603125 0.106844740625 0.8465408812499999 0.10183639375 0.8377358484374999 0.106844740625 0.8301886796875 0.11018363906249999 0.8188679249999999 0.11018363906249999 0.7987421390625 0.1118530890625
0 0.9698113203125001 0.12520868125 0.9660377359375 0.12186978281250001 0.959748428125 0.11686143593750001 0.9584905656249999 0.11519198593749999 0.959748428125 0.1268781296875 0.9622641515625 0.1268781296875 0.9698113203125001 0.130217028125 0.9748427671875 0.131886478125 0.9836477984374999 0.135225375 0.98993710625 0.13355592656249998 0.9849056609375 0.130217028125 0.9823899375 0.1285475796875 0.9761006296874999 0.1285475796875 0.9698113203125001 0.12520868125
0 0.26415094375 0.07846410625 0.2553459125 0.08013355625 0.250314465625 0.0818030046875 0.25408805 0.085141903125 0.26289308125 0.085141903125 0.267924528125 0.085141903125 0.26415094375 0.07846410625
0 0.8616352203125001 0.0300500828125 0.8603773578125 0.03338898125 0.8603773578125 0.038397328125000005 0.8616352203125001 0.050083471874999994 0.8616352203125001 0.0534223703125 0.86415094375 0.0584307171875 0.8654088046874999 0.0534223703125 0.8616352203125001 0.046744575 0.86415094375 0.045075125 0.86415094375 0.040066778125 0.8666666671875 0.03505843125 0.869182390625 0.0317195328125 0.8666666671875 0.028380634375 0.8616352203125001 0.0300500828125
1 0.1396226421875 0.165275459375 0.159748428125 0.1519198671875 0.1761006296875 0.136894825 0.18238993750000002 0.136894825 0.21509433906250003 0.136894825 0.232704403125 0.135225375 0.23018867968749998 0.0934891484375 0.2389937109375 0.0667779625 0.23018867968749998 0.028380634375 0.2113207546875 0.025041735937499997 0.1761006296875 0.03338898125 0.14716981093749998 0.0267111859375 0.14591194999999998 0.061769615624999996 0.1383647796875 0.1001669453125 0.1396226421875 0.165275459375
0 0.6440251578125 0.484140234375 0.6377358484375 0.51252086875 0.6377358484375 0.5191986640625 0.64654088125 0.5208681140625 0.64654088125 0.51252086875 0.6528301890625 0.49248747968749995 0.65408805 0.470784640625 0.6440251578125 0.47412353906250004 0.6440251578125 0.484140234375
1 0.0842767296875 0.302170284375 0.10062893125000001 0.31552587656250003 0.1157232703125 0.32053422343750004 0.1283018875 0.3272120203125 0.14591194999999998 0.333889815625 0.1522012578125 0.33222036718750003 0.1635220125 0.33055091875 0.17358490625 0.32053422343750004 0.1748427671875 0.31552587656250003 0.1748427671875 0.30717863125 0.16226415156250001 0.2704507515625 0.1446540875 0.23372287187500002 0.1345911953125 0.2020033390625 0.1194968546875 0.1803005015625 0.10062893125000001 0.22203672812500003 0.0893081765625 0.2504173625 0.08553459062499999 0.28380634374999997 0.0842767296875 0.302170284375
0 0.8779874218750001 0.4223706171875 0.8893081765625 0.4223706171875 0.90062893125 0.41903172031249997 0.8993710687500001 0.41402337187500005 0.8893081765625 0.41235392343750005 0.8830188671875 0.41235392343750005 0.8779874218750001 0.41235392343750005 0.8754716984375 0.42070116874999997 0.8779874218750001 0.4223706171875
1 0.094339621875 0.37562604374999997 0.104402515625 0.40066777968749995 0.11194968593750002 0.41903172031249997 0.11823899375 0.415692821875 0.11823899375 0.3956594328125 0.1094339625 0.3839732890625 0.0968553453125 0.3639399 0.0880503140625 0.34724540937500004 0.0754716984375 0.333889815625 0.0754716984375 0.34557595937499996 0.0805031453125 0.36227045 0.094339621875 0.37562604374999997
1 0.43270440312499997 0.470784640625 0.459119496875 0.49248747968749995 0.47547169843750003 0.539232053125 0.504402515625 0.5525876453125 0.5283018875 0.5258764609375 0.5421383640624999 0.48080133593749996 0.53584905625 0.4307178625 0.5283018875 0.3856427375 0.495597484375 0.3255425703125 0.46289308125 0.28213689531249997 0.42012578593749994 0.257095159375 0.42012578593749994 0.28380634374999997 0.3987421390625 0.312186978125 0.340880503125 0.2971619359375 0.3094339625 0.288814690625 0.34465408750000004 0.33222036718750003 0.3987421390625 0.3789649421875 0.41257861562500003 0.4173622703125 0.43270440312499997 0.470784640625
1 0.6578616359375 0.42404006718750004 0.6654088046875 0.3856427375 0.6301886796875 0.34557595937499996 0.5886792453125 0.3405676125 0.55345911875 0.3539232046875 0.5899371062500001 0.40066777968749995 0.605031446875 0.42070116874999997 0.6339622640625 0.43238731250000007 0.6578616359375 0.42404006718750004
1 0.07798742187499999 0.3555926546875 0.0754716984375 0.34557595937499996 0.0616352203125 0.3388981640625 0.0578616359375 0.3405676125 0.04654088125 0.34557595937499996 0.049056603125 0.36060100156249997 0.0616352203125 0.37395659375 0.07798742187499999 0.368948246875 0.07798742187499999 0.3555926546875
1 0.4830188671875 0.2754590984375 0.42389937031249997 0.20868113593749998 0.3761006296875 0.1285475796875 0.413836478125 0.1285475796875 0.49308176093749995 0.1285475796875 0.5622641515625 0.0984974953125 0.57232704375 0.0534223703125 0.5509433968749999 0.018363940625 0.50062893125 0.01001669375 0.413836478125 0.0150250421875 0.3283018875 0.01001669375 0.2553459125 0.018363940625 0.2553459125 0.075125209375 0.24402515781249998 0.14190317187499998 0.323270440625 0.19198664375000002 0.4163522015625 0.28547579375 0.48679245312499997 0.3505843078125 0.51823899375 0.35225375625 0.4830188671875 0.2754590984375
0 0.5383647796875 0.67111853125 0.5396226421875 0.6627712859375 0.5383647796875 0.6560934890625 0.53584905625 0.6510851421875 0.5333333328125 0.64774624375 0.532075471875 0.6444073453125 0.5283018875 0.63772955 0.527044025 0.6444073453125 0.5295597484375001 0.6510851421875 0.532075471875 0.6627712859375 0.532075471875 0.66944908125 0.5383647796875 0.67111853125
0 0.5069182390625 0.71619365625 0.504402515625 0.7028380640624999 0.49937106875000004 0.6911519203125 0.494339621875 0.6794657765625 0.4968553453125 0.6944908187500001 0.4981132078125 0.7045075125 0.5018867921875 0.7195325546875 0.5069182390625 0.71619365625
1 0.9924528296874999 0.42404006718750004 0.6364779875 0.333889815625 0.632704403125 0.527545909375 0.9861635218749999 0.6611018359374999 0.9924528296874999 0.42404006718750004
