0 0.6148055203125 0.6594323875 0.73023839375 0.590984975 0.825595984375 0.527545909375 0.8331242156249999 0.5075125203125 0.7164366375 0.57929883125 0.706398996875 0.584307178125 0.6963613546875 0.5876460765625 0.691342534375 0.5826377296875 0.6900878296874999 0.5893155265625001 0.6838143031249999 0.595993321875 0.6737766625 0.6043405671875 0.6649937265625 0.607679465625 0.662484315625 0.60267111875 0.6574654953125 0.60267111875 0.656210790625 0.6143572625 0.6436637390625 0.619365609375 0.6323713921875 0.62437395625 0.627352571875 0.6327212015625 0.621079046875 0.6160267109374999 0.6185696359375 0.6343906515625 0.603513175 0.7078464109375 0.6122961109375 0.709515859375 0.6148055203125 0.6594323875
0 0.8670012546875 0.539232053125 0.868255959375 0.5492487484375 0.8707653703125 0.5525876453125 0.868255959375 0.562604340625 0.8707653703125 0.5609348921875 0.8732747796875 0.550918196875 0.8770388953125 0.540901503125 0.87954830625 0.5308848078125 0.8833124218749999 0.515859765625 0.8782936015624999 0.527545909375 0.875784190625 0.529215359375 0.868255959375 0.5308848078125 0.8670012546875 0.539232053125
0 0.145545796875 0.48914858125 0.1405269765625 0.48747913125000003 0.1329987453125 0.49248747968749995 0.1267252203125 0.4974958265625 0.1292346296875 0.5091819703125 0.1405269765625 0.505843071875 0.1505646171875 0.500834725 0.145545796875 0.48914858125
0 0.6323713921875 0.71619365625 0.6323713921875 0.697829715625 0.621079046875 0.7011686140625 0.621079046875 0.7128547578125 0.6010037640625 0.711185309375 0.5872020078125 0.7195325546875 0.5909661234375 0.7412353921875 0.6097867 0.7278798 0.6323713921875 0.71619365625
0 0.5269761609375 0.3439065109375 0.521957340625 0.3489148578125 0.520702634375 0.3539232046875 0.528230865625 0.357262103125 0.535759096875 0.357262103125 0.5407779171875 0.358931553125 0.5457967375 0.358931553125 0.542032621875 0.3539232046875 0.53826850625 0.34724540937500004 0.53199498125 0.3439065109375 0.5269761609375 0.3439065109375
0 0.5119196984375 0.9065108515625001 0.51693851875 0.9115191984375001 0.520702634375 0.9048414015624999 0.5269761609375 0.9048414015624999 0.5332496859375 0.89816360625 0.5294855703125 0.8931552593750001 0.5257214546875 0.89816360625 0.5194479296875001 0.89816360625 0.51693851875 0.8931552593750001 0.5119196984375 0.9065108515625001
1 0.1794228359375 0.4791318859375 0.18444165625 0.472454090625 0.18444165625 0.4691151921875 0.17816813125 0.4641068453125 0.17440401562500002 0.4674457421875 0.17440401562500002 0.470784640625 0.176913425 0.4774624375 0.1794228359375 0.4791318859375
0 0.557089084375 0.36060100156249997 0.5483061484375 0.3555926546875 0.5395232125 0.3639399 0.5608532 0.37228714531249996 0.5721455453125001 0.34724540937500004 0.5483061484375 0.3255425703125 0.542032621875 0.333889815625 0.55959849375 0.3439065109375 0.564617315625 0.3539232046875 0.557089084375 0.36060100156249997
1 0.1656210796875 0.51085141875 0.16060225781249998 0.5041736234374999 0.15432873281249998 0.51085141875 0.15683814375 0.5191986640625 0.16311166875 0.515859765625 0.1656210796875 0.51085141875
0 0.7026348812500001 0.6126878125 0.7164366375 0.60100166875 0.7051442906250001 0.6043405671875 0.7026348812500001 0.6126878125
0 0.6612296109375 0.6828046750000001 0.6474278546875001 0.6844741234375 0.6537013796875 0.6894824703125 0.662484315625 0.6911519203125 0.6612296109375 0.6828046750000001
0 0.6411543281250001 0.6644407343750001 0.64491844375 0.6527545906250001 0.6373902140625 0.6577629375 0.6336260984375001 0.66944908125 0.6311166874999999 0.6777963265625 0.6361355078125001 0.6744574296875 0.6411543281250001 0.6644407343750001
0 0.8067754078125 0.5976627718749999 0.7967377671875 0.5926544234375 0.7917189453125 0.60100166875 0.7992471765625 0.609348915625 0.8030112921875 0.6060100171875 0.8067754078125 0.5976627718749999
0 0.585947303125 0.38731218749999996 0.592220828125 0.3839732890625 0.592220828125 0.3789649421875 0.585947303125 0.3789649421875 0.58092848125 0.3823038390625 0.570890840625 0.3889816359375 0.5671267249999999 0.3956594328125 0.5771643656250001 0.39398998281250003 0.585947303125 0.38731218749999996
0 0.741530740625 0.6410684468750001 0.7452948562499999 0.6327212015625 0.7365119203125 0.6327212015625 0.7314930984375 0.6460767953125 0.737766625 0.6460767953125 0.741530740625 0.6410684468750001
0 0.6386449187500001 0.17028380625 0.6398996234375 0.17362270468750002 0.64617315 0.1669449078125 0.6499372640625001 0.1619365609375 0.652446675 0.15859766250000001 0.6574654953125 0.163606009375 0.65997490625 0.1669449078125 0.663739021875 0.163606009375 0.662484315625 0.15859766250000001 0.65997490625 0.1552587640625 0.6549560859375 0.1519198671875 0.6474278546875001 0.1552587640625 0.642409034375 0.1619365609375 0.6398996234375 0.1669449078125 0.6386449187500001 0.17028380625
