1 0.44104121249999995 0.4923448640625 0.407345515625 0.43072868125 0.399484021875 0.4326926515625 0.28709050937499997 0.437721784375 0.2565766234375 0.46351821718749997 0.218508728125 0.5271053593749999 0.197486278125 0.5935262421874999 0.2588851640625 0.70983384375 0.3052001109375 0.6778736953125 0.35198350624999997 0.63249890625 0.44266634062500004 0.57970311875 0.48454064687500004 0.5856424015624999 0.44104121249999995 0.4923448640625
0 0.548667340625 0.668467759375 0.5569192078125 0.6553249203125 0.5959972609374999 0.6074425531250001 0.5929619703125 0.6050980578125 0.549213865625 0.6528173421875 0.544231515625 0.6615973562499999 0.5471106578125 0.6684133984375 0.548667340625 0.668467759375
0 0.7776800453125 0.44813804843750005 0.7683399453125 0.44781188437499997 0.769662403125 0.45457356562499995 0.7806372640625 0.45271831718750005 0.7884206796875 0.4529901203125 0.7978388578125 0.4510805109375 0.8009522234374999 0.45118923125 0.8090479421874999 0.4425179390625 0.7997078390625 0.44219177500000006 0.787098221875 0.4462284375 0.7776800453125 0.44813804843750005
0 0.7851511640625 0.45735294687500005 0.781725496875 0.46618731875 0.7846046390625 0.4730033609375 0.78803030625 0.4641689890625 0.7898992890625001 0.45528025312500003 0.7919244234375 0.441919971875 0.7906019640624999 0.435158290625 0.787176296875 0.443992665625 0.7851511640625 0.45735294687500005
0 0.559720275 0.6643767359375 0.554816 0.670920975 0.5466422078125001 0.681828040625 0.5480427421875 0.686353946875 0.5528689421874999 0.6820454828125 0.5562165328125 0.6754468828125 0.5659470093750001 0.664594178125 0.57248604375 0.655868525 0.57272026875 0.6491612046874999 0.571163584375 0.64910684375 0.56789406875 0.65346966875 0.559720275 0.6643767359375
0 0.5630630515624999 0.7025479703124999 0.5555919328125001 0.6933330703125 0.5522443421875 0.6999316703125 0.5566801671875 0.7068020734375 0.5596373859375 0.7113823421875 0.5671865781250001 0.7183614656249999 0.5749699953125 0.71863326875 0.5766828296875001 0.7142160828125 0.5706122453125 0.70952709375 0.567498878125 0.709418371875 0.5630630515624999 0.7025479703124999
0 0.53200745625 0.6992249828125 0.5286598640625 0.7058235828125 0.52227698125 0.7100776890625 0.5127807296875 0.7142230734374999 0.510911746875 0.72311180625 0.5138689624999999 0.727692075 0.5185390125 0.72785515625 0.524999971875 0.7213652781250001 0.533017615625 0.7149297609375 0.5425138671874999 0.7107843765624999 0.5412694828125 0.7017869218749999 0.5368336578124999 0.69491651875 0.53200745625 0.6992249828125
0 0.5886234781249999 0.4169125453125 0.5949282874999999 0.41489421406250004 0.592049146875 0.408078171875 0.584499953125 0.4010990484375 0.57835129375 0.3986458328125 0.5691673421875 0.39384812187499996 0.566210125 0.389267853125 0.560061465625 0.3868146375 0.5553133406249999 0.388887328125 0.555157190625 0.3933588765625 0.5581924828125 0.3957033703125 0.56130585 0.3958120921875 0.565741675 0.4026824953125 0.5687769687500001 0.40502699062499997 0.574925628125 0.40748020625 0.579517603125 0.40987906093750004 0.583953428125 0.41674946406249996 0.5886234781249999 0.4169125453125
0 0.489366846875 0.5813339359375 0.502830475 0.597473596875 0.506021915625 0.5953465437500001 0.4971502640625 0.5816057390625 0.489913371875 0.56568351875 0.4836085625 0.5677018515625 0.4850871703125 0.5699919859375 0.489366846875 0.5813339359375
0 0.503528334375 0.6221214671874999 0.506719775 0.619994415625 0.508432609375 0.615577228125 0.505475390625 0.610996959375 0.502518175 0.6064166921874999 0.49808234999999995 0.5995462890625001 0.4935684484375 0.594911659375 0.49037700624999997 0.5970387109375 0.49489090625000004 0.601673340625 0.49932673125000004 0.6085437437500001 0.5021278 0.617595559375 0.497379675 0.6196682515624999 0.49714545 0.6263755734374999 0.501581275 0.6332459765625 0.5047727171874999 0.631118921875 0.503528334375 0.6221214671874999
0 0.534818153125 0.61873713125 0.5330272468749999 0.6253900921875 0.5313144125 0.6298072796875 0.5310801875 0.6365146 0.5356721624999999 0.6389134546874999 0.53886360625 0.636786403125 0.5406545125 0.6301334421875 0.537697296875 0.6255531734375 0.5363748375 0.6187914921875 0.534818153125 0.61873713125
0 0.536760396875 0.6523824578124999 0.5338812546875 0.6455664156250001 0.5306117375 0.6499292421875 0.5334908796875 0.656745284375 0.5408058484375 0.6704317296875 0.5465641328124999 0.6840638140624999 0.5495213484375 0.6886440828125 0.5513903328125 0.679755346875 0.548511190625 0.6729393046875 0.544075365625 0.666068903125 0.5396395390625 0.6591985 0.536760396875 0.6523824578124999
1 0.6047908375 0.6234191328125 0.62324163125 0.586008946875 0.6390475062500001 0.535075396875 0.6412287890624999 0.51724356875 0.6368758531250001 0.46336755781249994 0.632908478125 0.4430825125 0.6225582171874999 0.42705157343750005 0.5755502265625 0.389594015625 0.5457390156249999 0.3952684859375 0.5329732468749999 0.40377669687499995 0.510867378125 0.41195874374999997 0.5012149765625 0.420575675 0.486892525 0.4290295234375 0.4696128578125 0.43290310468750004 0.44314923593750005 0.431978975 0.44174388750000004 0.4722229015625 0.45326045625000005 0.49948707031249995 0.4643866515625 0.5379301062499999 0.4791727359375 0.5608314484375 0.5031427734375 0.5885305015625 0.543450765625 0.6839550921875001 0.5639999515625 0.6757186859375001 0.57715609375 0.6560316078125 0.6047908375 0.6234191328125
1 0.64066781875 0.6672034859375 0.633118625 0.6602243624999999 0.61583895625 0.6640979437500001 0.5984031390625 0.6724430703125 0.5795667859375 0.6762622921875 0.560652359375 0.6823172859375 0.5556700078125 0.6910972984375 0.5584710765625001 0.7001491125 0.5690555609375 0.7094727328125 0.5766828296875001 0.7142160828125 0.5860229296874999 0.7145422453125 0.5926400390625 0.7035808203125 0.61342345 0.6886370921875 0.6261892171875 0.6801288828125001 0.64066781875 0.6672034859375
0 0.17629804531249998 0.753958340625 0.20213706718750002 0.7727686593749999 0.22875683593749999 0.76922124375 0.2247113859375 0.7511719718750001 0.193499640625 0.7523205328125 0.17629804531249998 0.753958340625
