0 0.3580402015625 0.7341137125 0.3932160796875 0.73745819375 0.4120603015625 0.7224080265625 0.40326633125000005 0.6989966562500001 0.376884421875 0.7107023406249999 0.36055276406250003 0.7173913046875 0.34422110625 0.7240802671875 0.3580402015625 0.7341137125
0 0.35175879375 0.7591973249999999 0.3567839203125 0.7525083609375 0.3454773875 0.7441471578125001 0.3316582921875 0.7458193984375 0.330402009375 0.757525084375 0.3404522609375 0.757525084375 0.35175879375 0.7591973249999999
0 0.3643216078125 0.799331103125 0.35175879375 0.8026755859374999 0.3366834171875 0.8043478265624999 0.3454773875 0.817725753125 0.36055276406250003 0.8143812703125001 0.3643216078125 0.799331103125
0 0.4082914578125 0.799331103125 0.38944723593749997 0.799331103125 0.37185929687499997 0.8060200671875 0.380653265625 0.8076923078125 0.40326633125000005 0.8110367890625 0.4082914578125 0.799331103125
0 0.42462311562500005 0.76254180625 0.4170854265625 0.7725752515625001 0.40703517656250005 0.7826086953125 0.4183417078125 0.7809364546875 0.429648240625 0.767558528125 0.42462311562500005 0.76254180625
0 0.43090452187499995 0.8110367890625 0.422110553125 0.8076923078125 0.40201005 0.8143812703125001 0.380653265625 0.821070234375 0.39698492500000004 0.82608695625 0.422110553125 0.827759196875 0.43090452187499995 0.8110367890625
0 0.4183417078125 0.8361204015625001 0.4045226125 0.8444816046874999 0.4183417078125 0.8478260875 0.425879396875 0.8411371234375 0.4183417078125 0.8361204015625001
1 0.3881909546875 0.7792642140625 0.4120603015625 0.7759197328125 0.4321608046875 0.757525084375 0.44974874375 0.73076923125 0.46356783906250004 0.704013378125 0.46984924687499996 0.6655518390624999 0.46984924687499996 0.6354515046875 0.42462311562500005 0.6371237453124999 0.3831658296875 0.6622073578125 0.3555276375 0.6939799328125 0.3366834171875 0.73076923125 0.34924623125 0.7541806015625 0.3618090453125 0.76923076875 0.3881909546875 0.7792642140625
0 0.6432160796875 0.55351170625 0.623115578125 0.565217390625 0.6055276375 0.5802675578125001 0.6180904515625001 0.6003344484375 0.670854271875 0.55351170625 0.674623115625 0.5367892984375 0.6432160796875 0.55351170625
0 0.7135678390625 0.531772575 0.728643215625 0.5200668890625 0.7386934671875001 0.5150501671875001 0.744974875 0.5 0.7223618093749999 0.5066889625 0.69723618125 0.5217391296875 0.6783919593750001 0.5301003343749999 0.673366834375 0.5501672234375 0.6846733671874999 0.5434782609375 0.69723618125 0.533444815625 0.7135678390625 0.531772575
1 0.673366834375 0.565217390625 0.675879396875 0.5217391296875 0.6042713562500001 0.56354515 0.620603015625 0.612040134375 0.646984925 0.6003344484375 0.673366834375 0.565217390625
