1 0.7747028125 0.6626183453125 0.7843013453125 0.6467819734375 0.7812505187500001 0.6046064640625 0.7753528234375 0.5832895671875 0.77047206875 0.576031175 0.756236771875 0.5799535375 0.7396425843750001 0.59542328125 0.74342538125 0.62363194375 0.733704853125 0.6417961234375 0.7243503109375 0.6529768781249999 0.7219914203125 0.6645242609374999 0.721625434375 0.6715076843750001 0.7265061890625 0.678766078125 0.733379846875 0.6814605109375 0.74525625625 0.6890855328125001 0.7559937265625 0.68497985625 0.7747028125 0.6626183453125
0 0.7688460953125 0.6739824140625 0.763965340625 0.666724021875 0.7608335 0.659557284375 0.757701659375 0.6523905484375 0.7526989093750001 0.6474599624999999 0.7539598421875 0.65686285 0.7534718609375 0.66617408125 0.7493640578125 0.67762980625 0.748998071875 0.6846132296875 0.752373903125 0.68712435 0.7596135484375 0.6828353609375 0.7651042796875 0.678454715625 0.7688460953125 0.6739824140625
0 0.9535790109375 0.5622853906249999 0.94633936875 0.5665743796875 0.9424755546875 0.5733744890625 0.9332430078125 0.5822274359375 0.9404826515625 0.577938446875 0.9493492140625 0.5760689234374999 0.9567108515625 0.5694521265625 0.9604526703125 0.5649798234375 0.9643164828125 0.5581797140625 0.962811559375 0.5534324421875 0.9590697421875 0.5579047453125 0.9535790109375 0.5622853906249999
0 0.9531310656249999 0.50390688125 0.9475183406250001 0.5106153359375 0.9419056140625001 0.5173237875 0.9384077874999999 0.5171404749999999 0.933161046875 0.5168655046875 0.929541225 0.51901 0.9257994093749999 0.523482303125 0.9256774140624999 0.525810109375 0.9309241531250001 0.5260850796875001 0.9324290765625 0.5308323515625 0.93791980625 0.52645170625 0.9434105374999999 0.5220710609375 0.9471523546875 0.5175987578125001 0.9527650796874999 0.51089030625 0.9565068968749999 0.5064180031250001 0.9531310656249999 0.50390688125
0 0.9473153296874999 0.5479519171875 0.9493082328125 0.5433879578125 0.9476813156249999 0.5409684921875 0.9405636656249999 0.542929675 0.9335680140625 0.5425630484374999 0.9283212734375 0.542288078125 0.928687259375 0.5353046546875 0.9214476140625001 0.5395936421874999 0.915956884375 0.5439742890625 0.91571289375 0.5486299046875 0.9172178171875001 0.5533771765625 0.9208376375 0.5512326828125 0.9262063734374999 0.54917984375 0.9333240234375 0.5472186640625 0.9403196765624999 0.547585290625 0.9473153296874999 0.5479519171875
1 0.5813054 0.638477609375 0.5730488140625 0.62870809375 0.5612944 0.6187552671875001 0.5456761765625 0.6156025484375001 0.530830903125 0.63116395 0.5239982249999999 0.66115048125 0.517287540625 0.6888092046875001 0.5110648390625 0.707156696875 0.5178165015625 0.7121789390625 0.526805059375 0.70798160625 0.5415283375 0.6947480125000001 0.5578785328125 0.683933884375 0.574594715625 0.6661363328125 0.58419325 0.6502999609375 0.5813054 0.638477609375
1 0.8563727796875 0.643556475 0.8572267468750001 0.62726181875 0.8468552609375 0.624384071875 0.8323759734375 0.6329620499999999 0.8121619640625 0.6505762890625 0.7919479546875 0.668190528125 0.7663652109375 0.687857603125 0.7748657859375 0.692971503125 0.783976340625 0.6864463640625 0.7967067140624999 0.6777767296875 0.81106400625 0.6715265578125 0.8272922093749999 0.6630402375 0.841771496875 0.654462259375 0.8563727796875 0.643556475
1 0.8924490031250001 0.6244393374999999 0.9086772046875 0.6159530156249999 0.9250274015625 0.6051388875 0.9414995921875 0.59199695 0.9583377703125 0.5718715921874999 0.9700512031249999 0.549143453125 0.962160603125 0.5323905156250001 0.95516495 0.5320238890625 0.9516671234375 0.531840575 0.9283212734375 0.542288078125 0.9096121859374999 0.5646495890625001 0.8983867359375 0.5780664953125 0.883297471875 0.5982835125 0.8665812890625 0.6160810640625 0.8622294953124999 0.6321924046875 0.8763427984375 0.6305978515625 0.8924490031250001 0.6244393374999999
1 0.580778328125 0.8158492828125 0.5989994328125 0.8027990031250001 0.6158376109375 0.78267364375 0.6447961859375 0.7655176875 0.6716398640625 0.7552534984375 0.6936027859375 0.737730915625 0.6910809203125 0.718925140625 0.6723308546875 0.7086056875 0.6428433171875 0.7023919078125 0.6161216359374999 0.7103282890625 0.58952195 0.7159368625 0.5523067875 0.723323303125 0.516962534375 0.7284735921875 0.4884919390625 0.7363183171875 0.48775996875 0.7502851640625 0.4885329203125 0.7689992828125 0.50179225625 0.7836993828125001 0.5151735859375 0.796071675 0.5338016578125 0.8087189374999999 0.5561715453125 0.8168938984375 0.580778328125 0.8158492828125
0 0.8257463046875 0.6256119984375 0.8252583234375 0.6349232296875 0.8342468828125 0.6307258984375 0.8364837749999999 0.6215063234375 0.8387206703125001 0.6122867484375 0.833839915625 0.60502835625 0.8281051953125 0.6140646171874999 0.8257463046875 0.6256119984375
0 0.6561827234375001 0.5817125296875 0.663300371875 0.57975135 0.6585416125 0.5701651484375 0.6517899500000001 0.56514290625 0.6408084890625 0.5739041968749999 0.649309065625 0.5790180968749999 0.6561827234375001 0.5817125296875
0 0.6559806578125 0.719419815625 0.6646032296875 0.7222059062499999 0.675096709375 0.7227558468749999 0.6859561765625 0.7163223624999999 0.69319581875 0.7120333734375001 0.70031346875 0.7100721937500001 0.7112949296875 0.701310903125 0.71865656875 0.6946941046874999 0.7190225546875 0.6877106828125 0.708407078125 0.68948855 0.697669609375 0.693594225 0.6853052187500001 0.6952804375 0.6763166625 0.69947776875 0.6759506765625 0.7064611921874999 0.6738357781250001 0.713352959375 0.6665961328125001 0.7176419484375 0.663342296875 0.7128030187500001 0.6670841140625 0.7083307171875 0.6674501 0.7013472921874999 0.6604544453125001 0.700980665625 0.6517098796874999 0.7005223828125 0.6428433171875 0.7023919078125 0.6322278421874999 0.704169775 0.6236052703125 0.701383684375 0.6116068671875 0.696086471875 0.6046112140625 0.6957198453125 0.601357378125 0.6908809171875 0.5976155609375 0.69535321875 0.5973715703125 0.7000088343749999 0.5904979109374999 0.6973144 0.5935077578125 0.70680894375 0.5986325015625 0.709411721875 0.60562815625 0.7097783484375 0.610874896875 0.71005331875 0.6088819921875 0.714617278125 0.6000154296875 0.7164868015625 0.5946466953125 0.718539640625 0.5911488687500001 0.7183563265624999 0.5839092234375001 0.7226453140625 0.5770355656249999 0.7199508812500001 0.5701619078125 0.717256446875 0.56117335 0.721453778125 0.5539337062499999 0.7257427671875 0.5485649718750001 0.7277956046875 0.5327027546875 0.7292985015625 0.5237141984375 0.733495834375 0.5183454625 0.7355486734375 0.5198503859375 0.7402959453125 0.5270900296875001 0.73600695625 0.532458765625 0.7339541171875 0.578174503125 0.731681575 0.5866750796875 0.736795475 0.5955416421875 0.7349259499999999 0.6081500203125 0.7285841234375 0.6170165828124999 0.7267146 0.62413423125 0.7247534171875001 0.6346277125 0.7253033578125 0.6471140953125001 0.721289340625 0.6559806578125 0.719419815625
0 0.5208673265625 0.7543544484375 0.5258700765625 0.7592850343750001 0.52399916875 0.761521184375 0.52013535625 0.7683212953125 0.528879921875 0.768779578125 0.5375024953125 0.77156566875 0.5379904765625 0.7622544375 0.5418542890625 0.755454328125 0.545962090625 0.7439986015625 0.5425862593749999 0.74148748125 0.533597703125 0.7456848140625 0.5282289671875 0.7477376515625 0.5208673265625 0.7543544484375
0 0.52318618125 0.8104968046875 0.5369334984374999 0.815885675 0.545434075 0.8209995734375 0.554056646875 0.8237856640624999 0.5611742953125 0.8218244828125 0.5780124734375 0.801699121875 0.572887728125 0.7990963453125 0.5656480828125 0.8033853343749999 0.558408440625 0.8076743234375 0.5461660453125 0.8070327265625 0.5376654703125 0.801918828125 0.5292868890625 0.7944771203125 0.53127979375 0.7899131609375 0.520542321875 0.7940188375 0.5226572218750001 0.7871270703125 0.5195253796875 0.7799603328125 0.5125297265625 0.77959370625 0.507160990625 0.7816465453125 0.5005313234375001 0.7742964953125 0.4973994828125 0.767129759375 0.49951438125000003 0.7602379906250001 0.49988036718749995 0.75325456875 0.5052491031249999 0.7512017296875 0.505737084375 0.7418904984375 0.4989854203125 0.73686825625 0.4922337578125 0.7318460140624999 0.48560408906249997 0.724495965625 0.4786084375 0.7241293390625 0.471734778125 0.721434903125 0.46974187343749996 0.7259988625 0.4747446234375 0.7309294484375 0.48174027812500003 0.731296075 0.4833671953125 0.7337155390625 0.4903628484375 0.7340821656250001 0.48613305156250003 0.7478657 0.48889890625000004 0.762015859375 0.4901598390625 0.771418746875 0.4930476890625 0.7832410984375 0.4997993515625 0.788263340625 0.5082999296875 0.793377240625 0.5149295953124999 0.800727290625 0.52318618125 0.8104968046875
0 0.5523468234375 0.6556335640625 0.5518588421875 0.6649447953125 0.5571055828125 0.6652197656250001 0.562718309375 0.6585113109375 0.568453028125 0.64947505 0.564955203125 0.6492917375 0.557715559375 0.6535807265625 0.5523468234375 0.6556335640625
0 0.5419753390625 0.652755815625 0.5348576890625 0.6547169984375001 0.5278620359375 0.654350371875 0.52749605 0.66133379375 0.5326207953125001 0.663936571875 0.544985184375 0.6622503609375 0.548727 0.6577780578125 0.5490929859375 0.6507946359375001 0.5439682421875001 0.6481918578125 0.5419753390625 0.652755815625
0 0.5909039328125 0.6226412375 0.5872841109375 0.6247857328124999 0.57841755 0.6266552562500001 0.567680078125 0.63076093125 0.557064603125 0.6325388000000001 0.5466931171875 0.6296610515625 0.5429513 0.634133353125 0.54246331875 0.643444584375 0.549458971875 0.6438112109375 0.56345028125 0.644544465625 0.57418775 0.6404387890625001 0.5850472156250001 0.63400530625 0.5909039328125 0.6226412375
1 0.7069012109374999 0.5843705734375 0.7931669625 0.5445417453125 0.9129870734375001 0.46679000625 0.9250255109375001 0.4043974796875 0.940683771875 0.3398604578125 0.950241325 0.291343121875 0.9329961828125001 0.285770940625 0.9070474531249999 0.31242143906250003 0.826516421875 0.34321400625 0.7197516921875 0.37263172187500004 0.6844074375 0.3777820125 0.6679352453125 0.39092395 0.6633394625 0.41169090625000004 0.6682211625 0.519320003125 0.6728989046875 0.563914978125 0.7069012109374999 0.5843705734375
0 0.7650213734375 0.51272208125 0.6844903421875 0.5435146484375 0.6821724328125 0.5877429953125 0.7012884859375 0.591079025 0.6930319 0.5813095125000001 0.7075111875 0.572731534375 0.7309790328125 0.559956225 0.7897501499999999 0.5093496578125001 0.7650213734375 0.51272208125
0 0.42601715 0.5229660375 0.4127578140625 0.5082659375 0.36704207499999997 0.5105384796875 0.359436446875 0.5218108921875 0.3622023015625 0.5359610531250001 0.37082487343750004 0.53874714375 0.40779604531249997 0.5360163171875 0.4115378625 0.531544015625 0.4204044234375 0.5296744921875 0.42601715 0.5229660375
