0 0.44561403437499997 0.6853146859375 0.48596491249999996 0.6759906765625 0.49824561406249995 0.6480186484375 0.5280701750000001 0.5617715624999999 0.4771929828125 0.575757575 0.4473684203125 0.5920745921874999 0.40701754375 0.571095571875 0.3596491234375 0.5827505828125 0.3438596484375 0.6130536125 0.371929825 0.6573426578125 0.3771929828125 0.6736596734375 0.4298245609375 0.66899766875 0.44561403437499997 0.6853146859375
0 0.6789473687500001 0.3729603734375 0.6807017546874999 0.3519813515625 0.6666666671875 0.3613053609375 0.6578947375 0.35664335625 0.6473684203125 0.3519813515625 0.624561403125 0.3543123546875 0.5947368421875 0.36829836875 0.57894736875 0.375291375 0.5666666671875 0.3822843828125 0.582456140625 0.3869463875 0.6122807015625 0.3729603734375 0.6280701750000001 0.365967365625 0.6491228062500001 0.36829836875 0.6789473687500001 0.3729603734375
0 0.5157894734374999 0.5081585078125 0.5298245609375 0.49650349687500006 0.524561403125 0.475524475 0.503508771875 0.4801864796875 0.4912280703125 0.49650349687500006 0.475438596875 0.5128205125 0.44912280625 0.5268065265625 0.47017543906250003 0.5291375296874999 0.4877192984375 0.5221445218749999 0.5157894734374999 0.5081585078125
0 0.5105263156250001 0.424242425 0.5192982453125 0.396270396875 0.496491228125 0.43589743593749997 0.4877192984375 0.4615384609375 0.4912280703125 0.46853146875 0.5105263156250001 0.424242425
0 0.517543859375 0.4615384609375 0.5333333328125 0.42191142187499997 0.545614034375 0.41258741250000003 0.5526315796875 0.403263403125 0.5263157890625 0.396270396875 0.517543859375 0.41958042031250004 0.5140350875 0.43589743593749997 0.5017543859375 0.46620046562499995 0.517543859375 0.4615384609375
0 0.5596491234375 0.44988345 0.56491228125 0.43589743593749997 0.5596491234375 0.424242425 0.55087719375 0.424242425 0.5403508765625 0.44055944062499997 0.524561403125 0.45687645625 0.538596490625 0.45454545468749996 0.5596491234375 0.44988345
0 0.6298245609374999 0.4265734265625 0.6578947375 0.424242425 0.66491228125 0.414918415625 0.6333333328124999 0.41724941718749997 0.5771929828125 0.424242425 0.5666666671875 0.44755244687499995 0.5912280703125 0.44055944062499997 0.6087719296875 0.42890442812499996 0.6298245609374999 0.4265734265625
0 0.610526315625 0.4265734265625 0.5947368421875 0.4428904421875 0.62105263125 0.4428904421875 0.6421052625 0.4265734265625 0.610526315625 0.4265734265625
0 0.631578946875 0.4638694640625 0.661403509375 0.45687645625 0.6666666671875 0.4265734265625 0.65087719375 0.43123543125 0.6263157890625 0.44988345 0.631578946875 0.4638694640625
0 0.6403508765625 0.5034965031249999 0.6578947375 0.50582750625 0.6561403515625 0.47086247031250006 0.6333333328124999 0.4801864796875 0.6122807015625 0.4871794875 0.6298245609374999 0.5034965031249999 0.6403508765625 0.5034965031249999
0 0.7 0.5128205125 0.7122807015625 0.47086247031250006 0.7122807015625 0.42890442812499996 0.6912280703125 0.43123543125 0.6842105265625 0.4638694640625 0.689473684375 0.47086247031250006 0.7 0.5128205125
0 0.8403508765625001 0.3916083921875 0.85087719375 0.3706293703125 0.8438596484374999 0.3613053609375 0.8315789468749999 0.365967365625 0.8192982453125 0.377622378125 0.8017543859374999 0.3892773890625 0.77894736875 0.396270396875 0.738596490625 0.40792540781250003 0.7192982453125001 0.41958042031250004 0.73508771875 0.42191142187499997 0.7877192984375 0.403263403125 0.8403508765625001 0.3916083921875
0 0.8263157890624999 0.41258741250000003 0.828070175 0.396270396875 0.7947368421875 0.403263403125 0.74912280625 0.41724941718749997 0.7157894734375 0.42890442812499996 0.7157894734375 0.44988345 0.7561403515625 0.43589743593749997 0.8263157890624999 0.41258741250000003
0 0.7666666671875 0.44988345 0.8192982453125 0.43356643281249996 0.8263157890624999 0.41258741250000003 0.8122807015625 0.41958042031250004 0.782456140625 0.43589743593749997 0.7438596484375 0.44988345 0.7122807015625 0.4638694640625 0.7192982453125001 0.47086247031250006 0.7368421046875 0.4638694640625 0.7666666671875 0.44988345
0 0.7596491234375 0.46853146875 0.8192982453125 0.44755244687499995 0.8192982453125 0.43356643281249996 0.8017543859374999 0.4382284375 0.7701754390625 0.44988345 0.73508771875 0.4638694640625 0.7122807015625 0.475524475 0.7122807015625 0.48951048906250005 0.7403508765625 0.4825174828125 0.7596491234375 0.46853146875
0 0.7368421046875 0.49417249375 0.775438596875 0.475524475 0.7964912281250001 0.45920745937499996 0.771929825 0.4638694640625 0.7403508765625 0.4801864796875 0.710526315625 0.49184149218749995 0.7035087718749999 0.5081585078125 0.7140350875 0.50582750625 0.7368421046875 0.49417249375
0 0.754385965625 0.5034965031249999 0.761403509375 0.49184149218749995 0.7438596484375 0.49184149218749995 0.7087719296875 0.5104895109375 0.696491228125 0.5268065265625 0.724561403125 0.5151515156250001 0.754385965625 0.5034965031249999
0 0.7578947375 0.49650349687500006 0.7473684203125 0.5081585078125 0.754385965625 0.5081585078125 0.768421053125 0.49650349687500006 0.7578947375 0.49650349687500006
0 0.7473684203125 0.5291375296874999 0.74912280625 0.5151515156250001 0.7298245609375 0.5221445218749999 0.6982456140625 0.53146853125 0.689473684375 0.5477855484374999 0.7052631578125 0.5384615390625 0.7473684203125 0.5291375296874999
0 0.7122807015625 0.5361305359374999 0.6877192984375 0.5571095578125 0.7052631578125 0.5547785546874999 0.74912280625 0.5291375296874999 0.7122807015625 0.5361305359374999
0 0.7192982453125001 0.55011655 0.6877192984375 0.571095571875 0.75087719375 0.5477855484374999 0.75087719375 0.53146853125 0.7192982453125001 0.55011655
0 0.645614034375 0.5571095578125 0.6596491234374999 0.5547785546874999 0.66491228125 0.5384615390625 0.6631578953124999 0.5081585078125 0.6298245609374999 0.5081585078125 0.631578946875 0.5268065265625 0.63508771875 0.5431235437499999 0.645614034375 0.5571095578125
0 0.5982456140625 0.4801864796875 0.5859649124999999 0.4825174828125 0.6157894734375 0.50582750625 0.617543859375 0.48951048906250005 0.5982456140625 0.4801864796875
