1 0.5093922656250001 0.545275590625 0.538121546875 0.45275590625 0.5160221 0.38582677187500003 0.46519337031249997 0.4133858265625 0.45966850781249996 0.45866141718750003 0.4795580109375 0.5059055125 0.5093922656250001 0.545275590625
1 0.6895027625 0.3562992125 0.6397790062500001 0.32480315000000004 0.5988950281250001 0.362204725 0.5469613265625 0.45275590625 0.5281767953125 0.51574803125 0.5834254140625 0.476377953125 0.6386740328125 0.417322834375 0.6895027625 0.3562992125
1 0.7480662984374999 0.28740157499999996 0.690607734375 0.28740157499999996 0.6895027625 0.43307086562499997 0.7138121546875 0.417322834375 0.7480662984374999 0.28740157499999996
0 0.63425414375 0.7834645671875 0.6265193375 0.795275590625 0.6287292812499999 0.8090551187499999 0.6375690609375 0.7992125984375 0.63425414375 0.7834645671875
0 0.6265193375 0.773622046875 0.6265193375 0.7933070859375 0.633149171875 0.7814960625 0.6265193375 0.773622046875
0 0.48729281718750006 0.7381889765625 0.469613259375 0.7480314953125 0.4861878453125 0.7559055125 0.5082872921875 0.7519685046875 0.48729281718750006 0.7381889765625
0 0.517127071875 0.8051181109375 0.4928176796875 0.801181103125 0.475138121875 0.7992125984375 0.48176795625 0.8051181109375 0.4994475140625 0.8090551187499999 0.517127071875 0.8051181109375
0 0.6154696125 0.5275590546875 0.6033149171875001 0.5314960625 0.6044198890625 0.545275590625 0.6110497234375 0.5413385828124999 0.6154696125 0.5275590546875
1 0.6287292812499999 0.4724409453125 0.6375690609375 0.4881889765625 0.6441988953125 0.47834645625 0.6574585640625 0.4645669296875 0.6541436468749999 0.438976378125 0.643093921875 0.4507874015625 0.6287292812499999 0.4724409453125
0 0.44309392187499996 0.5728346453125 0.43425414375000004 0.5649606296874999 0.42983425468750003 0.5688976375 0.435359115625 0.5807086609375001 0.43867403281249995 0.592519684375 0.440883978125 0.6102362203125 0.44198895 0.6259842515625 0.44419889531249995 0.5964566921875 0.4464088390625 0.582677165625 0.44309392187499996 0.5728346453125
