0 0.6086956515625 0.5911214953124999 0.606956521875 0.6028037390625001 0.6086956515625 0.6168224296875 0.6104347828125001 0.6004672890625 0.6086956515625 0.5911214953124999
0 0.5756521734375 0.609813084375 0.5582608703124999 0.6004672890625 0.5686956515625 0.609813084375 0.5895652171875 0.626168225 0.5756521734375 0.609813084375
0 0.5826086953125 0.6378504671874999 0.5826086953125 0.619158878125 0.579130434375 0.6074766359375 0.579130434375 0.626168225 0.5826086953125 0.651869159375 0.5826086953125 0.6378504671874999
0 0.5826086953125 0.651869159375 0.5913043484375 0.6542056078125 0.5756521734375 0.6378504671874999 0.5582608703124999 0.630841121875 0.566956521875 0.6378504671874999 0.5826086953125 0.651869159375
0 0.5895652171875 0.69859813125 0.593043478125 0.6869158875 0.5843478265625001 0.691588784375 0.5756521734375 0.691588784375 0.580869565625 0.7009345796875001 0.5895652171875 0.69859813125
0 0.54608695625 0.5911214953124999 0.553043478125 0.5841121499999999 0.540869565625 0.5841121499999999 0.5356521734374999 0.59345794375 0.540869565625 0.59345794375 0.54608695625 0.5911214953124999
0 0.5339130437499999 0.6285046734375 0.5373913046875 0.6378504671874999 0.54608695625 0.63551401875 0.553043478125 0.626168225 0.54608695625 0.6285046734375 0.540869565625 0.6285046734375 0.539130434375 0.619158878125 0.5339130437499999 0.6285046734375
1 0.5495652171875001 0.57242990625 0.5443478265625 0.5630841125 0.540869565625 0.546728971875 0.5286956515625 0.5350467296875 0.513043478125 0.537383178125 0.5043478265625 0.537383178125 0.49217391250000003 0.5280373828125 0.486956521875 0.516355140625 0.485217390625 0.5023364484374999 0.4834782609375 0.48831775625 0.47304347812499997 0.47196261718750004 0.459130434375 0.46728972031250005 0.44000000000000006 0.47663551406250004 0.44173912968750007 0.5116822437499999 0.45391304374999997 0.5140186921875001 0.46782608750000004 0.5233644859375 0.4817391296875 0.537383178125 0.49391304375 0.55140186875 0.5078260875 0.5771028031250001 0.5182608703125 0.59345794375 0.5495652171875001 0.57242990625
1 0.5426086953125 0.5116822437499999 0.539130434375 0.49766355156250003 0.5095652171875 0.495327103125 0.5113043484375 0.5350467296875 0.5217391296875 0.5350467296875 0.5321739125 0.5350467296875 0.539130434375 0.546728971875 0.5443478265625 0.5607476640625 0.553043478125 0.542056075 0.54608695625 0.525700934375 0.5426086953125 0.5116822437499999
1 0.553043478125 0.71962616875 0.5704347828125 0.7102803734375 0.5947826093749999 0.691588784375 0.593043478125 0.65654205625 0.5895652171875 0.6214953265625 0.5878260875 0.5817757015625 0.5634782609375 0.5607476640625 0.5165217390625 0.59345794375 0.5252173906250001 0.623831775 0.5321739125 0.6495327109375 0.5356521734374999 0.6799065421875 0.5373913046875 0.7102803734375 0.539130434375 0.74065420625 0.553043478125 0.7383177562500001 0.553043478125 0.71962616875
1 0.713043478125 0.693925234375 0.7217391296875 0.69859813125 0.7304347828125 0.691588784375 0.73391304375 0.6682242984375 0.7304347828125 0.63551401875 0.7165217390625 0.6214953265625 0.699130434375 0.6168224296875 0.7095652171875 0.6285046734375 0.7182608703125 0.6425233640625 0.7217391296875 0.6588785046875001 0.7217391296875 0.67757009375 0.7113043484375 0.682242990625 0.6973913046875 0.682242990625 0.713043478125 0.693925234375
1 0.7634782609374999 0.71962616875 0.7634782609374999 0.7009345796875001 0.7565217390625001 0.691588784375 0.7495652171875 0.7056074765625 0.74608695625 0.7149532703125 0.7373913046875 0.7313084109375 0.740869565625 0.7383177562500001 0.7513043484375 0.7383177562500001 0.7652173906249999 0.7383177562500001 0.7634782609374999 0.71962616875
