0 0.6067459828125 0.621530440625 0.6124114375 0.5998452640624999 0.6240334984375 0.582014209375 0.6345862953125 0.571237415625 0.6377661203125 0.5620277953125 0.6267066625 0.56437855625 0.6240894421875 0.55810788125 0.6142588124999999 0.5601974453125 0.608808865625 0.564769359375 0.60194255625 0.574762565625 0.5954233421875 0.586388740625 0.5867935703125 0.6001702734375 0.584148378125 0.6058527625 0.5793926265625 0.6136906125 0.5728734156249999 0.6253167875 0.5673954953125 0.6418418640625 0.5638685734375 0.6494185171875 0.56314640625 0.658105746875 0.5645347968750001 0.6646376171874999 0.5710260390624999 0.66496460625 0.5799749375000001 0.6647692046875 0.5898055656250001 0.6626796406250001 0.594908415625 0.656474759375 0.6000392375 0.6383167140625 0.6067459828125 0.621530440625
0 0.5780322078125 0.5952055781250001 0.5762967171875 0.5870407375 0.5868495140625 0.57626394375 0.5986311390625 0.5652259546875 0.6084897390624999 0.551183225 0.6032273265625 0.550595040625 0.594437990625 0.5575835078125 0.5872245828125 0.5659437484375001 0.5754429578125 0.5769817374999999 0.5661189906249999 0.5874973359375 0.557676753125 0.596118771875 0.5473114906250001 0.6017354671875 0.5404451796874999 0.6117286749999999 0.5335788703125 0.6217218812499999 0.5346201640625 0.626620784375 0.5416460375 0.6234206421875 0.5516642015625 0.6161709796875 0.5642995859375 0.6151919921875 0.57009663125 0.6122530453125 0.573623553125 0.6046763937499999 0.5780322078125 0.5952055781250001
0 0.6907373437500001 0.5695426140625 0.6853153671875 0.5621613640625001 0.6823510484375 0.554257721875 0.6742838828125 0.552558959375 0.6697156640624999 0.5552367109375 0.6719857874999999 0.5598744171875001 0.6763664703125001 0.5623567656249999 0.6830172734375 0.569476821875 0.6915911046875001 0.5796016171875 0.6970130796875 0.58698286875 0.6952775890625 0.5788180296875 0.6907373437500001 0.5695426140625
0 0.6827706203125 0.3749602546875 0.67785530625 0.37600503750000003 0.6730995546874999 0.383842884375 0.661158365625 0.388087809375 0.6527161296874999 0.3967092421875 0.6442738921875 0.405330678125 0.6363662875 0.4104249828125 0.6419757984375 0.4126461359375 0.6486545734375 0.407813028125 0.657443909375 0.40082456093749996 0.6665803421875001 0.395469059375 0.675369678125 0.3884805921875 0.6841590125 0.3814921234375 0.6827706203125 0.3749602546875
0 0.7198789578125 0.338057959375 0.71688666875 0.3421074796875 0.711089621875 0.3450464265625 0.7080973328125 0.34909594843749997 0.702647384375 0.3536678625 0.697891634375 0.361505709375 0.69155995625 0.3679717859375 0.69171951875 0.37476485312499996 0.6959406375 0.37045413437499997 0.7043828750000001 0.3618327 0.7091386265625 0.3539948515625 0.7145885734374999 0.34942293750000003 0.7230308109375 0.3408015015625 0.7232183453125 0.3356414046875 0.7198789578125 0.338057959375
0 0.5046495859375 0.61251028125 0.5099119984375 0.613098465625 0.5129042890625 0.60904894375 0.5152023812500001 0.6017334859375 0.5125851609375001 0.5954628109375 0.509592871875 0.5995123328124999 0.5057188515625 0.60545601875 0.5046495859375 0.61251028125
0 0.531739759375 0.5828576484375 0.536655075 0.581812865625 0.541410825 0.5739750171875 0.54563194375 0.5696643 0.541438796875 0.562021853125 0.5344129234375 0.56522199375 0.5312330968750001 0.5744316140625 0.531739759375 0.5828576484375
0 0.5628635156249999 0.554054396875 0.5653211734375 0.55353200625 0.5695422921875 0.5492212875 0.5635856828125 0.54536716875 0.56059339375 0.549416690625 0.5588299328125 0.553205015625 0.5628635156249999 0.554054396875
1 0.7008591281250001 0.592992346875 0.7075099328125 0.6001124015625 0.71453580625 0.5969122609374999 0.72089545625 0.5784930203124999 0.72164559375 0.5578526265625 0.7132593 0.5425677328125 0.706608496875 0.5354476781249999 0.704019246875 0.5172238375 0.702311728125 0.497105834375 0.7000695765625 0.48051496406250005 0.6936063078125 0.468234809375 0.68292191875 0.460265371875 0.6720499953125 0.457456034375 0.6574915875 0.45543028437500005 0.644349540625 0.4479832375 0.6278681078125 0.44295274687499997 0.6078877234375 0.43354574375 0.6027848734375 0.439750625 0.5920725140624999 0.4437343546875 0.5827485453125 0.4542499515625 0.5737716749999999 0.4663985171875 0.56813419375 0.4761305296875 0.5673840546875 0.49677092343749996 0.5701608375 0.5098346640625 0.5713616953125 0.5215266328125 0.5806297218750001 0.5349173640625 0.59166120625 0.5445197671875001 0.602880228125 0.5489620734375 0.6135646171875 0.556931509375 0.6253182703125 0.5578466843750001 0.64655545625 0.5550393265625 0.6539284265624999 0.553472153125 0.6697156640624999 0.5552367109375 0.6800529562500001 0.5615731796875 0.691431540625 0.57280855 0.7008591281250001 0.592992346875
1 0.572187484375 0.5435387984375 0.5722154546875 0.5315856343750001 0.5703204015625001 0.5166277296875 0.5650859609375 0.5040863812499999 0.5577129890625 0.5056535546875 0.5508466796875 0.5156467609375001 0.542911103125 0.53269423125 0.534468865625 0.5413156640625 0.52725545625 0.5496759046874999 0.5170497578125001 0.562085665625 0.5084199859375 0.5758672 0.499443115625 0.5880157671874999 0.4871268578125 0.6025808875 0.485870059375 0.614795246875 0.4905978375 0.6189105625 0.5028861250000001 0.6162986078125 0.523963746875 0.606698184375 0.533822346875 0.5926554546875 0.5464857015625 0.5797233015625001 0.5621413484375 0.5627416265625 0.572187484375 0.5435387984375
1 0.5485320546875 0.6799863234375 0.5650134875 0.6850168156249999 0.5657356546875 0.6763295859375 0.567339553125 0.66574819375 0.571401109375 0.6546444109375 0.573192540625 0.63890291875 0.564431178125 0.633938221875 0.55513518125 0.6325006546874999 0.5424997968749999 0.63347964375 0.5316278734375001 0.63067030625 0.52831645625 0.6211336953125 0.513223415625 0.6226350765625 0.4997063 0.6255082265625 0.48896596875 0.64144511875 0.48367558437499997 0.6528101000000001 0.48065532343750006 0.668812784375 0.483966740625 0.6783493953125 0.48920118125 0.6908907453124999 0.5021836640624999 0.691544725 0.5153536796875 0.6870386046875 0.5267882078125 0.6743676484375001 0.5485320546875 0.6799863234375
0 0.573251659375 0.8385795843749999 0.5778478484375 0.8239486703125 0.5771816234375 0.8087295703124999 0.5803894203125 0.7875667843749999 0.5844789453125 0.7645098375 0.58926266875 0.7447188234375 0.588783978125 0.724339625 0.58317446875 0.722118471875 0.565436234375 0.7293023421875 0.5470038046875 0.7332202750000001 0.5252319875 0.739554765625 0.5115273375 0.7475880140625 0.495712128125 0.7577766234375 0.48181994375 0.7709699718749999 0.46827485781249995 0.7857962875 0.4575345265625 0.8017331796875 0.44644709843749997 0.8160371046874999 0.423418478125 0.834585953125 0.41564246562499996 0.8584264890625001 0.40925484531249995 0.88879889375 0.4217026953125 0.892980003125 0.4366082015625 0.896638721875 0.45327717187500005 0.896509115625 0.47259133125 0.8906970171875 0.49543241406250005 0.8773082671875001 0.5165100359375 0.8677078437500001 0.5363588296875 0.8583686171875 0.5481404546875 0.8473306265625 0.573251659375 0.8385795843749999
0 0.541696890625 0.9016093609375 0.5496044953125 0.8965150578125 0.5452238125 0.8940327078125 0.5350460859374999 0.89448930625 0.5253750203124999 0.9033719359375001 0.5148222234375 0.9141487296875 0.504804059375 0.92139839375 0.49601472500000005 0.9283868609375 0.485461928125 0.9391636546875001 0.4807061765625 0.9470015046875 0.47541579218749996 0.9583664828125 0.4729301640625 0.9708420390624999 0.4783801125 0.966270125 0.48348296093750004 0.9600652453125 0.49000217343749997 0.94843906875 0.49740311718749997 0.93491873125 0.5128712281250001 0.9230971546875001 0.5237711218750001 0.9139533296875 0.541696890625 0.9016093609375
1 0.9056278828125001 0.2149452734375 0.8975886859375001 0.201293346875 0.8960407312499999 0.18796840937499998 0.8966033343750001 0.172488115625 0.8920910609374999 0.1512595359375 0.8861624234375001 0.13545225156250001 0.8812750812499999 0.12454386875000001 0.8758531062499999 0.11716261718750001 0.8672513046875 0.11899098593749999 0.8658349421875 0.12441228124999999 0.8708818484374999 0.1421137296875 0.8757412203125 0.1649752765625 0.875685278125 0.18888160468749998 0.873997465625 0.235322490625 0.8739415218750001 0.2592288203125 0.8784817671875 0.26850423437500004 0.8825433234375 0.2574004515625 0.8862577796875 0.24466369999999998 0.88909050625 0.2338211109375 0.8980673765624999 0.2216725453125 0.9057874453125001 0.22173833906249998 0.9056278828125001 0.2149452734375
