1 0.4650070390625 0.45405437656250003 0.47899068125 0.5033702421874999 0.50380455 0.5460827421875 0.5435950015625 0.4577539046875 0.529816890625 0.3886304046875 0.47600842656250003 0.409789575 0.4650070390625 0.45405437656250003
1 0.5260475671875 0.5190645359375 0.5856823765625 0.486721028125 0.6477161890625001 0.4348392109375 0.7056029578125 0.3804649140625 0.6600882390625 0.3431438171875 0.6149509 0.3752841015625 0.552368890625 0.45883120312500003 0.5260475671875 0.5190645359375
1 0.7721264796875 0.319217928125 0.715096203125 0.312215490625 0.696246846875 0.45666432187500006 0.7222942437500001 0.44399624375 0.7721264796875 0.319217928125
0 0.5987077937499999 0.7977131296875 0.5895912390625 0.8084934796875001 0.5901054078125 0.822439621875 0.6000787984375 0.8137477640625 0.5987077937499999 0.7977131296875
0 0.5898311390625001 0.8065396484375 0.5978509578125 0.7956246359375 0.5922301421875 0.7870013375 0.5898311390625001 0.8065396484375
0 0.4583596 0.7348649359375 0.439612321875 0.74247949375 0.4551037625 0.7523147531250001 0.477518284375 0.7511003359374999 0.4583596 0.7348649359375
0 0.4617872875 0.8066841374999999 0.47981486562500003 0.804931071875 0.45616647187500003 0.798060840625 0.43885859531250004 0.7939524125 0.4447193109375 0.8006218796875 0.4617872875 0.8066841374999999
0 0.611250315625 0.5414258390625 0.59870641875 0.5438522171875 0.5981238531249999 0.557663696875 0.6051840703125 0.5545640078125 0.611250315625 0.5414258390625
1 0.6604315921875 0.4582166234375 0.648024828125 0.4685929875 0.63112835625 0.48833451875 0.63798304375 0.505042465625 0.6457629625 0.4960812828125 0.660603096875 0.48402041406249996 0.6604315921875 0.4582166234375
0 0.427855834375 0.5843563015625 0.42789020468750005 0.60221010625 0.4270677375 0.6179754156249999 0.4328597140625 0.5889372749999999 0.43673248750000004 0.5755297828125 0.43464178125 0.565356640625 0.42682749375 0.5564640187500001 0.42196075000000005 0.55983303125 0.42600502812499996 0.5722293281249999 0.427855834375 0.5843563015625
