0 0.36189069375 0.6373165625 0.3707533234375 0.6436058703125 0.3677991140625 0.6331236890625 0.3677991140625 0.62683438125 0.36189069375 0.6205450734375 0.3604135890625 0.6121593296875 0.3545051703125 0.6058700203125 0.358936484375 0.5995807125 0.355982275 0.595387840625 0.3545051703125 0.582809225 0.345642540625 0.595387840625 0.34121122656249997 0.5974842765624999 0.34268833125 0.6058700203125 0.34268833125 0.6142557656250001 0.3367799109375 0.6058700203125 0.319054653125 0.59119496875 0.31610044375 0.59119496875 0.30871491875 0.5890985328125 0.30132939375 0.5890985328125 0.295420975 0.5849056609375001 0.2939438703125 0.595387840625 0.2865583453125 0.5974842765624999 0.28803545 0.6016771484375 0.295420975 0.60796645625 0.30428360468750004 0.6142557656250001 0.3131462328125 0.6184486375 0.3264401765625 0.62683438125 0.34416543593750004 0.6373165625 0.35745937968749997 0.6519916140625 0.353028065625 0.6331236890625 0.35745937968749997 0.6289308171875 0.36189069375 0.6373165625
0 0.3943870015625 0.5199161421875 0.39734121093749997 0.5450733750000001 0.40029542031250004 0.5429769390625 0.398818315625 0.522012578125 0.3943870015625 0.5199161421875
0 0.42097488906249997 0.532494759375 0.41358936562500004 0.52620545 0.41063515468749995 0.5241090140625 0.40324963125 0.51781970625 0.39734121093749997 0.51781970625 0.42245199375000003 0.540880503125 0.4239290984375 0.53668763125 0.42097488906249997 0.532494759375
0 0.3914327921875 0.5849056609375001 0.3943870015625 0.5870020968749999 0.3943870015625 0.559748428125 0.3899556875 0.559748428125 0.3914327921875 0.5849056609375001
0 0.3914327921875 0.5555555562500001 0.3914327921875 0.5513626828125 0.3870014765625 0.5513626828125 0.3870014765625 0.5555555562500001 0.3914327921875 0.5555555562500001
0 0.34859675 0.5555555562500001 0.3500738546875 0.5660377359375001 0.358936484375 0.5660377359375001 0.355982275 0.5576519921875 0.34859675 0.5555555562500001
0 0.546528803125 0.44234800781250005 0.5480059078124999 0.459119496875 0.5583456421874999 0.44654088124999997 0.5539143281250001 0.4381551359375 0.5494830140625 0.431865828125 0.53028065 0.4297693921875 0.5155096015625 0.4297693921875 0.506646971875 0.43396226406249994 0.5022156578125 0.440251571875 0.49335302812500004 0.450733753125 0.51698670625 0.4486373171875 0.5420974890625 0.4381551359375 0.546528803125 0.44234800781250005
0 0.47710487500000004 0.505241090625 0.48301329375 0.49895178125 0.46971935 0.4905660375 0.46381093125 0.486373165625 0.462333825 0.467505240625 0.4608567203125 0.46331236875000004 0.45494830156250005 0.5031446546875 0.462333825 0.5031446546875 0.472673559375 0.5031446546875 0.47710487500000004 0.505241090625
0 0.53028065 0.477987421875 0.537666175 0.477987421875 0.5420974890625 0.47379455000000004 0.506646971875 0.47379455000000004 0.50960118125 0.467505240625 0.522895125 0.46540880468749996 0.5288035453125 0.4612159328125 0.5184638109375 0.4570230609375 0.5007385531249999 0.4696016765625 0.49039881875 0.467505240625 0.4918759234375 0.47589098593749996 0.4874446078125 0.4926624734375 0.4948301328125 0.48846960156249997 0.506646971875 0.486373165625 0.5155096015625 0.4800838578125 0.53028065 0.477987421875
0 0.8316100437499999 0.6184486375 0.8301329390625 0.5974842765624999 0.8271787296875001 0.5890985328125 0.825701625 0.5807127875 0.8168389953125 0.5702306078125 0.8183161 0.5849056609375001 0.8242245203125 0.6016771484375 0.825701625 0.61006289375 0.8197932046874999 0.6373165625 0.8124076812500001 0.6436058703125 0.8064992609375 0.641509434375 0.8005908421875001 0.641509434375 0.7902511078125001 0.641509434375 0.788774003125 0.6519916140625 0.7961595265625 0.6436058703125 0.807976365625 0.64570230625 0.815361890625 0.649895178125 0.825701625 0.649895178125 0.8271787296875001 0.66457023125 0.83899556875 0.641509434375 0.8316100437499999 0.6394129984375 0.8271787296875001 0.631027253125 0.8316100437499999 0.6184486375
0 0.83899556875 0.641509434375 0.84638109375 0.6436058703125 0.8567208265625 0.5932914046875 0.83899556875 0.641509434375
0 0.8168389953125 0.60796645625 0.8035450515625 0.6037735843750001 0.781388478125 0.6121593296875 0.7607090109375 0.6121593296875 0.7474150671875 0.5995807125 0.7326440171875 0.61006289375 0.71787296875 0.60796645625 0.7163958640625 0.6142557656250001 0.728212703125 0.6184486375 0.7149187593749999 0.6205450734375 0.720827178125 0.631027253125 0.7267355984375 0.6331236890625 0.735598228125 0.62683438125 0.7459379609375001 0.6205450734375 0.7459379609375001 0.6121593296875 0.7503692765625 0.61006289375 0.7562776953125 0.6205450734375 0.7651403250000001 0.6184486375 0.7799113734375 0.6184486375 0.78581979375 0.622641509375 0.7976366328125 0.6205450734375 0.8050221562500001 0.6142557656250001 0.807976365625 0.6184486375 0.8168389953125 0.6184486375 0.8168389953125 0.6247379453125 0.8183161 0.6331236890625 0.8271787296875001 0.6205450734375 0.8227474156250001 0.61006289375 0.8168389953125 0.60796645625
0 0.8596750375 0.5387840671874999 0.8522895125 0.5303983234375 0.8478581984375 0.5429769390625 0.84638109375 0.55345911875 0.8508124078125 0.5576519921875 0.8611521421875 0.5555555562500001 0.8537666171874999 0.5513626828125 0.8552437218750001 0.5429769390625 0.8596750375 0.5387840671874999
0 0.8050221562500001 0.51781970625 0.802067946875 0.532494759375 0.788774003125 0.559748428125 0.8005908421875001 0.5471698109375 0.8064992609375 0.5345911953125 0.8094534718749999 0.5241090140625 0.8050221562500001 0.51781970625
0 0.8375184640625 0.48846960156249997 0.849335303125 0.4926624734375 0.849335303125 0.4842767296875 0.8375184640625 0.48218029375000004 0.8375184640625 0.48846960156249997
0 0.8404726734375 0.4612159328125 0.8404726734375 0.459119496875 0.83899556875 0.4570230609375 0.8375184640625 0.45283018906250005 0.8301329390625 0.45283018906250005 0.8330871484375001 0.4570230609375 0.8330871484375001 0.46540880468749996 0.8345642546875001 0.46540880468749996 0.8345642546875001 0.4612159328125 0.8404726734375 0.4612159328125
0 0.722304284375 0.559748428125 0.71787296875 0.5513626828125 0.7134416546875 0.5576519921875 0.707533234375 0.5618448640625 0.7104874453125001 0.57232704375 0.7060561296875 0.5786163515625 0.7104874453125001 0.582809225 0.7149187593749999 0.582809225 0.7237813890625 0.5786163515625 0.734121121875 0.5639413 0.72525849375 0.5555555562500001 0.722304284375 0.559748428125
0 0.74446085625 0.649895178125 0.7474150671875 0.6519916140625 0.7533234859375 0.64570230625 0.748892171875 0.641509434375 0.7429837515625 0.64570230625 0.741506646875 0.641509434375 0.7385524375 0.6436058703125 0.734121121875 0.6436058703125 0.728212703125 0.649895178125 0.7326440171875 0.658280921875 0.7400295421875 0.66457023125 0.74446085625 0.6603773578125 0.741506646875 0.65408805 0.74446085625 0.649895178125
0 0.701624815625 0.55345911875 0.6927621859374999 0.549266246875 0.6927621859374999 0.559748428125 0.7031019203125 0.5639413 0.7031019203125 0.559748428125 0.701624815625 0.55345911875
0 0.648449040625 0.53668763125 0.6602658781249999 0.549266246875 0.66469719375 0.5555555562500001 0.675036928125 0.5639413 0.680945346875 0.57232704375 0.6927621859374999 0.59119496875 0.7001477109375001 0.595387840625 0.6914960953125 0.5708295890625 0.6927621859374999 0.5702306078125 0.6971935 0.5744234796875001 0.701624815625 0.5849056609375001 0.7060561296875 0.5932914046875 0.7104874453125001 0.5870020968749999 0.7031019203125 0.5765199156249999 0.69867060625 0.5681341718749999 0.694239290625 0.5639413 0.69128508125 0.55345911875 0.6824224515624999 0.5471698109375 0.6765140328125 0.540880503125 0.6735598234375 0.5450733750000001 0.6691285078125 0.5450733750000001 0.6661742984375 0.540880503125 0.646971934375 0.5283018875 0.644017725 0.5303983234375 0.648449040625 0.53668763125
0 0.6914960953125 0.5708295890625 0.6883308718750001 0.5618448640625 0.6853766625 0.5576519921875 0.680945346875 0.559748428125 0.688785365625 0.572112025 0.6914960953125 0.5708295890625
0 0.6159527328125 0.5031446546875 0.6174298375 0.49895178125 0.6174298375 0.4926624734375 0.6100443125 0.4842767296875 0.601181684375 0.477987421875 0.593796159375 0.4800838578125 0.6026587890624999 0.486373165625 0.6085672078125001 0.48846960156249997 0.607090103125 0.4968553453125 0.6056129984374999 0.50104821875 0.5952732640625 0.4968553453125 0.586410634375 0.49895178125 0.587887740625 0.505241090625 0.59675036875 0.5073375265625 0.6026587890624999 0.513626834375 0.614475628125 0.5157232703125 0.620384046875 0.51781970625 0.6218611515625 0.5115303984375 0.6159527328125 0.5031446546875
0 0.3648449046875 0.704402515625 0.3604135890625 0.6981132078125001 0.35745937968749997 0.704402515625 0.36632200937500004 0.7148846953125 0.372230428125 0.6813417187499999 0.36632200937500004 0.696016771875 0.3648449046875 0.704402515625
0 0.8700147703125 0.50104821875 0.8567208265625 0.5073375265625 0.8478581984375 0.5241090140625 0.8641063515624999 0.5199161421875 0.89217134375 0.5115303984375 0.9010339734375 0.50104821875 0.8700147703125 0.50104821875
0 0.7163958640625 0.51781970625 0.7769571640625 0.5073375265625 0.77104874375 0.505241090625 0.71196455 0.505241090625 0.7163958640625 0.51781970625
0 0.707533234375 0.5094339625 0.69867060625 0.505241090625 0.6218611515625 0.5073375265625 0.6322008859375 0.5199161421875 0.68389955625 0.51781970625 0.6898079765625 0.5157232703125 0.7104874453125001 0.5157232703125 0.707533234375 0.5094339625
0 0.45937961562499996 0.5115303984375 0.4505169859375 0.5115303984375 0.4313146234375 0.5345911953125 0.43279172812500005 0.53668763125 0.4475627765625 0.522012578125 0.4608567203125 0.5199161421875 0.45494830156250005 0.5157232703125 0.45937961562499996 0.5115303984375
0 0.5051698671875 0.4926624734375 0.5007385531249999 0.4968553453125 0.4977843421875 0.5031446546875 0.50960118125 0.50104821875 0.5258493359374999 0.4926624734375 0.5051698671875 0.4926624734375
0 0.5509601187500001 0.49895178125 0.583456425 0.5031446546875 0.57754800625 0.49475890937500006 0.574593796875 0.49475890937500006 0.5509601187500001 0.4905660375 0.5509601187500001 0.49895178125
0 0.5214180203125001 0.5073375265625 0.5317577546875001 0.5031446546875 0.5420974890625 0.49895178125 0.5288035453125 0.4968553453125 0.519940915625 0.5031446546875 0.5214180203125001 0.5073375265625
0 0.722304284375 0.6561844859375 0.7193500734375 0.6519916140625 0.7149187593749999 0.649895178125 0.7149187593749999 0.6561844859375 0.720827178125 0.6708595390625 0.72525849375 0.66457023125 0.728212703125 0.6603773578125 0.7267355984375 0.6561844859375 0.722304284375 0.6561844859375
0 0.8050221562500001 0.4968553453125 0.8138847859375 0.4968553453125 0.8271787296875001 0.4968553453125 0.8316100437499999 0.4926624734375 0.8227474156250001 0.4905660375 0.8301329390625 0.48218029375000004 0.8168389953125 0.48218029375000004 0.802067946875 0.48846960156249997 0.8050221562500001 0.4968553453125
0 0.8212703109374999 0.51781970625 0.825701625 0.51781970625 0.825701625 0.5241090140625 0.84638109375 0.5241090140625 0.8449039875000001 0.51781970625 0.8301329390625 0.51781970625 0.828655834375 0.513626834375 0.8271787296875001 0.5094339625 0.8168389953125 0.5094339625 0.815361890625 0.513626834375 0.8212703109374999 0.51781970625
0 0.7769571640625 0.51781970625 0.7503692765625 0.5450733750000001 0.7533234859375 0.549266246875 0.775480059375 0.52620545 0.7769571640625 0.51781970625
0 0.849335303125 0.7505241093749999 0.8611521421875 0.7505241093749999 0.8714918765625 0.7484276734375 0.8641063515624999 0.7463312375 0.8404726734375 0.7421383640625 0.8271787296875001 0.73584905625 0.8330871484375001 0.7442348015625 0.8316100437499999 0.7505241093749999 0.8375184640625 0.7505241093749999 0.849335303125 0.7505241093749999
0 0.7503692765625 0.66457023125 0.74446085625 0.6666666671875 0.7429837515625 0.6750524109375 0.7474150671875 0.6750524109375 0.7503692765625 0.66457023125
0 0.7503692765625 0.7337526203125 0.734121121875 0.7253668765625 0.734121121875 0.7295597484375 0.74446085625 0.7379454921875 0.7503692765625 0.7337526203125
0 0.748892171875 0.7085953875000001 0.75184638125 0.7023060796875 0.7503692765625 0.6939203359375 0.7474150671875 0.6918238999999999 0.7474150671875 0.7002096437499999 0.741506646875 0.704402515625 0.7429837515625 0.7085953875000001 0.748892171875 0.7085953875000001
0 0.802067946875 0.5241090140625 0.7961595265625 0.5283018875 0.7991137375 0.5387840671874999 0.802067946875 0.5303983234375 0.802067946875 0.5241090140625
1 0.8197932046874999 0.314465409375 0.7976366328125 0.2620545078125 0.7636632203125 0.2243186578125 0.7090103390625 0.3102725359375 0.7607090109375 0.232704403125 0.7060561296875 0.31865828125 0.77843426875 0.3480083859375 0.8197932046874999 0.314465409375
0 0.26292466718749996 0.5807127875 0.285081240625 0.559748428125 0.2570162484375 0.559748428125 0.22451994062499997 0.5660377359375001 0.23042836093750002 0.5890985328125 0.26292466718749996 0.5807127875
