1 0.53570016875 0.5143645515624999 0.5434637875 0.5322226953125 0.5321427328125 0.5770312078125001 0.523216303125 0.619437528125 0.534462809375 0.6404921140625001 0.5719778609375 0.62738975625 0.5982452984375 0.630030778125 0.6366327359375 0.5625305796875 0.66747354375 0.5003707453125 0.6962090437499999 0.47154444375000004 0.717252146875 0.46939080312500003 0.7464227296875 0.45016354999999997 0.7315497859375 0.3736488828125 0.6919305359375 0.3832868078125 0.64585291875 0.4038637328125 0.6249555828125 0.384685078125 0.6053634999999999 0.3943035640625 0.5894712921874999 0.43031700156249997 0.5870032296875001 0.461784325 0.5698781 0.47673345468750006 0.5492711906250001 0.45168817499999997 0.5269217265624999 0.46184264218750004 0.5226398890625 0.48397890937500004 0.4749654859375 0.5184232828125 0.53570016875 0.5143645515624999
1 0.2992876953125 0.6745851828125 0.2911602125 0.6916587953125 0.3010280296875 0.7129813703125001 0.3582798234375 0.7057261968749999 0.42235273749999996 0.6893982359375 0.4343258625 0.677387278125 0.4172018421875 0.6555384421875 0.2992876953125 0.6745851828125
1 0.5692905921875 0.7092545046875001 0.567040625 0.72712236875 0.577054209375 0.7271126484375 0.5886645796875001 0.7132354796875 0.5830051625 0.6988417671875 0.5692905921875 0.7092545046875001
1 0.4628410484375 0.7357563703125 0.47952998437499994 0.7480061609375 0.494188159375 0.7277263859375 0.49193930156250004 0.7087962828125 0.48250656875000003 0.6970727546875 0.45674654531250003 0.7117636140625 0.4628410484375 0.7357563703125
1 0.381279140625 0.8019652171875 0.3948479421875 0.8128847765625 0.42380042968750004 0.8072569828124999 0.4287354453125 0.781120303125 0.415675165625 0.7507346625 0.3795388046875 0.7635690312500001 0.3755473921875 0.779838671875 0.381279140625 0.8019652171875
0 0.5584813890625 0.6242030328125 0.558916471875 0.6338020796875 0.5795968203124999 0.6297822265625 0.6013654328125 0.6313610093750001 0.5960687703125 0.618833509375 0.591860371875 0.6119046453125 0.5736469765625001 0.621255140625 0.5584813890625 0.6242030328125
0 0.533302215625 0.6271606453125 0.5412116015625 0.6236864921875 0.545928521875 0.611149271875 0.5436796640625 0.59221916875 0.5551453765625001 0.5628763265625001 0.5530411765625 0.55941189375 0.5414308078125 0.573289065625 0.5325778156250001 0.5866302546875 0.531343784375 0.602363915625 0.5335203125 0.6135611828124999 0.533302215625 0.6271606453125
0 0.5101515875 0.736243753125 0.54563476875 0.7274097984375001 0.544909259375 0.7236773750000001 0.5104420125 0.7303771296875 0.5101515875 0.736243753125
0 0.5206002546875 0.74583308125 0.52168851875 0.7514317140625 0.5420061109375001 0.7455456515625001 0.5529633015625001 0.73566889375 0.559784421875 0.7265961078125 0.5412082734375 0.7340803921875 0.540917846875 0.7399470171875 0.5206002546875 0.74583308125
0 0.5764744687500001 0.7020479296875 0.5788690921875 0.6996457375 0.56871085 0.6841897875 0.5748787906249999 0.6791174140625 0.5867061484375 0.68843875 0.6032504265624999 0.68522286875 0.6021621625 0.6796242343750001 0.5989696999999999 0.6705611671875 0.5920039203125 0.6641682828125 0.5737905265625 0.6735187796875 0.5610918921875 0.681797315625 0.5764744687500001 0.7020479296875
0 0.5505697859375001 0.70127311875 0.5484655875 0.6978086859375 0.5347510171875001 0.7082214234374999 0.5182067390625 0.7114373046875 0.5175535578125 0.7154377171874999 0.534823346875 0.7159542578125 0.5505697859375001 0.70127311875
