0 0.5326616484375 0.7307944109375 0.5407472624999999 0.736465559375 0.5510913234375 0.736426509375 0.5518591671874999 0.7324763 0.543005709375 0.7307553609374999 0.5338134125 0.7248690953125 0.5326616484375 0.7307944109375
0 0.7613580703125 0.576424509375 0.7307548875000001 0.568426121875 0.7262830765625 0.573706084375 0.75390505 0.5852244484375 0.7613580703125 0.576424509375
0 0.63217 0.5615615515625 0.5989695312500001 0.555108034375 0.5967561671875 0.5546778 0.60296725625 0.564084040625 0.63217 0.5615615515625
0 0.55032059375 0.53950244375 0.53997653125 0.53954149375 0.5377631671875001 0.539111259375 0.5398863671874999 0.5518223578125 0.55032059375 0.53950244375
0 0.57421678125 0.6056393453125 0.596395509375 0.6038012578124999 0.5643017218749999 0.5975628578125 0.5384641078125 0.5945902656250001 0.54765640625 0.60047653125 0.57421678125 0.6056393453125
0 0.5948830859375 0.65885003125 0.595944684375 0.6652055812500001 0.61514220625 0.6668874671875 0.6251474296875 0.6626830906250001 0.617400653125 0.6611772703125001 0.5963736890625 0.6570900421875 0.5948830859375 0.65885003125
0 0.538781128125 0.652044378125 0.5364776 0.6638950078125 0.5664031046875 0.663562740625 0.578621690625 0.6597885984375 0.565341503125 0.6572071921875 0.53916505 0.6500692734375 0.538781128125 0.652044378125
0 0.5194032796875 0.67492421875 0.5217518906249999 0.6569331578125001 0.53252495625 0.6487785703125 0.51077523125 0.6425011203125 0.512469428125 0.66332775625 0.5194032796875 0.67492421875
0 0.559197315625 0.5883717328125 0.5378315125 0.5801191796875 0.5385542734375 0.5823094015625 0.5325918578125 0.589349353125 0.559197315625 0.5883717328125
0 0.5296557328125 0.5867288953124999 0.50569264375 0.5800212109375 0.5022824328125 0.591656725 0.5137331765625001 0.5918327921875 0.5296557328125 0.5867288953124999
0 0.562155259375 0.5377034046875 0.582075540625 0.5415755156250001 0.5888057984375 0.5305853546875 0.578122896875 0.526459078125 0.5603708984375 0.529157634375 0.5426188984375 0.531856190625 0.542234978125 0.5338312937499999 0.562155259375 0.5377034046875
0 0.3817703796875 0.803950709375 0.3813864578125 0.8059258125 0.3864908671875 0.8151169375 0.394711728125 0.8023667874999999 0.39884470156249996 0.7929214984375 0.3988897828125 0.7867810671875 0.39220460625000003 0.7916307953125 0.3817703796875 0.803950709375
0 0.31794346562500003 0.7423504515625 0.3230478734375 0.751541575 0.33108840625 0.7633531546875 0.33397945 0.77211404375 0.33955794375 0.7670491968750001 0.335944140625 0.7560980859375 0.3286263671875 0.746476728125 0.31794346562500003 0.7423504515625
0 0.193110890625 0.48646576562500005 0.21047896875 0.4857423140625 0.2157186234375 0.47651214218750004 0.1954144203125 0.47461513593750004 0.194691659375 0.4724249140625 0.193110890625 0.48646576562500005
0 0.2437943078125 0.6275004578125001 0.2474982765625 0.6261707046875 0.253505775 0.6129903203125 0.24499115468750002 0.6154347109375 0.2416260265625 0.620929790625 0.2437943078125 0.6275004578125001
0 0.178159771875 0.5102060749999999 0.188250109375 0.5121674390625001 0.194127409375 0.49896174687499995 0.1753588921875 0.489164321875 0.15765197656250002 0.48572244531250003 0.16492466562500002 0.5014842359375 0.178159771875 0.5102060749999999
0 0.1666188625 0.522310871875 0.1570426421875 0.5183997125 0.15473911406250002 0.5302503421875 0.16210196875 0.5337312671875 0.1675902984375 0.5409472859375 0.1753370734375 0.54245310625 0.1798539671875 0.5310327109374999 0.18736630625 0.5141532578125 0.1750883984375 0.526006915625 0.1666188625 0.522310871875
0 0.1529096703125 0.527845003125 0.1632537328125 0.5278059515625 0.16142429062500002 0.5254006125 0.1529547515625 0.5217045703125 0.1514641484375 0.5234645578125 0.1529096703125 0.527845003125
0 0.6101032546875 0.49782998906250003 0.635556946875 0.5027776859374999 0.6524960203125 0.510169771875 0.6989766765625001 0.5192046968749999 0.7188969578125 0.5230768078125 0.7127760328125 0.5013897015625 0.6961758 0.49816294218749996 0.6759166796875 0.4901255046875 0.6541669531250001 0.48384805468750003 0.6353533546875 0.4801910625 0.6154330734375 0.47631895156250004 0.595896715625 0.47047173750000004 0.575208590625 0.47054983593750005 0.5519682640625 0.4660323734375 0.52911185625 0.45953980625 0.504764846875 0.45480722812499996 0.50973400625 0.4824196484375 0.5178647046875 0.4819503625 0.5296542890625 0.4862917578125 0.5562146625 0.491454571875 0.56843325 0.4876804296875 0.5957163859375 0.495033465625 0.6101032546875 0.49782998906250003
0 0.5362725625 0.540871246875 0.5491688296875 0.5454277578125 0.5676435890625 0.544919425 0.5770162140624999 0.5262439609375 0.563736028125 0.523662553125 0.53866625625 0.516739753125 0.5362725625 0.540871246875
0 0.58300189375 0.5663523625 0.5641882953125 0.5626953703125 0.542777409375 0.560583246875 0.5367248296875 0.5799040625 0.5474077312500001 0.5840303390625 0.564007965625 0.5872570984375 0.577672075 0.5878634 0.595378990625 0.5913052765625 0.59662091875 0.5730990953124999 0.58300189375 0.5663523625
0 0.1853408515625 0.4378115921875 0.1952559109375 0.44588807968750005 0.22983355468750002 0.41571411875 0.21144895937500002 0.40394158906250005 0.21034227656249999 0.40372647187500005 0.1853408515625 0.4378115921875
0 0.511135890625 0.5933776625 0.524122321875 0.585653309375 0.52059868125 0.5624213328125001 0.5084251765625 0.56005504375 0.5020337578125 0.5752105328125 0.511135890625 0.5933776625
0 0.1929305625 0.51102749375 0.193404646875 0.49677152500000005 0.1930207265625 0.49874662968749994 0.153225246875 0.4848619765625 0.1561162890625 0.493622865625 0.1929305625 0.51102749375
0 0.5245745875 0.624686125 0.51018771875 0.6218896015625 0.5137113578125 0.6451215765625 0.526268784375 0.6455127625 0.5245745875 0.624686125
0 0.5912242 0.6540393515625 0.57130391875 0.650167240625 0.5458502249999999 0.6452195453125 0.5379231203125 0.6682754531249999 0.5478832625 0.6702115078124999 0.5666968609375 0.6738685015625 0.5832970953125 0.6770952593749999 0.615819884375 0.6752181234375 0.6177845750000001 0.659202165625 0.5912242 0.6540393515625
0 0.5785533453125 0.618780678125 0.5801791953125 0.5985993953125 0.566131165625 0.599968196875 0.5539576609375 0.5976019078125 0.5405873078125001 0.6073013640625 0.5648892359375 0.6181743749999999 0.5785533453125 0.618780678125
0 0.70868814375 0.5046945593750001 0.6765943562500001 0.498456159375 0.633433746875 0.4900665875 0.6053827703125 0.4866637609375 0.603892165625 0.4884237484375 0.6138072234374999 0.4965002375 0.6613945609375 0.5057502781250001 0.69940568125 0.511089159375 0.7267338984375 0.5123017625 0.7241816937500001 0.5077062015625 0.70868814375 0.5046945593750001
0 0.5884233203125 0.6329975984375 0.5721619265625 0.6339361671875 0.5474309953125001 0.6311786921875 0.52640403125 0.6270914640624999 0.508697115625 0.6236495890625 0.507161428125 0.6315500093749999 0.5300178343749999 0.638042575 0.5543648453125 0.6427751546875 0.5764984906249999 0.6470775 0.5946344109374999 0.6424038390625 0.60583648125 0.6261337140625 0.5884233203125 0.6329975984375
1 0.2893675421875 0.35759547343750003 0.32376485625 0.35198324375 0.35705549062499997 0.346155896875 0.4023611171875 0.313967784375 0.427407625 0.2737422328125 0.43747974999999995 0.2101086375 0.42797043281249997 0.1467682609375 0.41423797812499996 0.1051540375 0.38709008906250003 0.0793797046875 0.34392948125 0.0709901328125 0.29943677812499997 0.0930876046875 0.2749996015625 0.10063588906250001 0.24028671093749998 0.14923114531249998 0.231117678125 0.1904932328125 0.2355225875 0.2446424859375 0.255330884375 0.314084246875 0.269108421875 0.3495580375 0.2893675421875 0.35759547343750003
0 0.5995570453125 0.575719553125 0.5800206859375 0.5698723375 0.5589937234375 0.5657851093749999 0.540902884375 0.5643183390625001 0.5220892859374999 0.560661346875 0.5014011609375 0.560739446875 0.501310996875 0.5730203109375 0.5127617421874999 0.5731963765625 0.5290231359375 0.572257809375 0.543071165625 0.57088900625 0.556351353125 0.5734704125000001 0.5795916828125 0.577987875 0.5995570453125 0.575719553125
1 0.607392540625 0.464507371875 0.6442518953125 0.4757715671875 0.6828956109375001 0.49558153593750004 0.716818840625 0.504225275 0.74116585 0.5089578546875 0.7558232140625 0.47491178593749994 0.7812536437500001 0.4327111296875 0.8055090453125 0.349287434375 0.8100477578125 0.28457825468750003 0.802751803125 0.2216681109375 0.7688285734375 0.213024371875 0.7002593546875 0.1935466703125 0.6584090203125 0.2079588390625 0.6245541375 0.24032301875 0.60138215625 0.27681347968750003 0.58543778125 0.335206159375 0.5583364171875 0.4037285328125 0.5654287796874999 0.4440520515625 0.590882471875 0.4489997484375 0.607392540625 0.464507371875
0 0.6024917265624999 0.477902871875 0.591424903125 0.4757517 0.5755474296875 0.4747151625 0.55485930625 0.4747932625 0.5334935046875 0.4665407078125 0.512466540625 0.46245347968750006 0.498463590625 0.45768185156249996 0.5028452390625 0.46468275312499996 0.5208909937499999 0.4722899546875 0.5371073078124999 0.47749181875 0.55775035 0.4835541515625 0.577331790625 0.48326093437499995 0.5991265968749999 0.483397953125 0.6024917265624999 0.477902871875
1 0.6104217203125 0.6557212390625 0.62602725625 0.5931632312499999 0.6497634875 0.5301359390625 0.6319431437499999 0.491826575 0.6028756484375 0.4759277671875 0.5493709765625 0.4675772453125 0.5077911359375 0.44514681874999995 0.489157865625 0.416928096875 0.46494610312500007 0.393774221875 0.45128199375 0.39316791875 0.4339139171875 0.393891371875 0.41731368281250003 0.3906646125 0.40577277343749996 0.402769409375 0.395293465625 0.42122975625 0.4470370375 0.468182859375 0.48136745156250005 0.521999846875 0.49930122499999996 0.5951767 0.5065753578125001 0.711375628125 0.5205783078125 0.71614725625 0.58060964375 0.6909209953125 0.6104217203125 0.6557212390625
0 0.41552932187499997 0.3821188390625 0.39696439843750003 0.3949080390625 0.411645025 0.4080103234375 0.42896802031250003 0.41342730312500003 0.4422932890625 0.409868278125 0.43357507812499996 0.38972604375 0.41552932187499997 0.3821188390625
