1 0.694981103125 0.562755875 0.742055871875 0.5720867203125 0.7404284999999999 0.5643292296875 0.6891064 0.5187018984375 0.6687897015625001 0.5117341796875 0.6543477046875 0.5488204343749999 0.6696715 0.5512474859375 0.694981103125 0.562755875
1 0.702278834375 0.507663659375 0.73437489375 0.5033725 0.75927129375 0.49044128281250005 0.7713403484375 0.47735335 0.7569410265625 0.46007323749999995 0.7274522078125 0.447902925 0.686652625 0.4620651953125 0.6517150234375 0.475280978125 0.652473315625 0.48852562656250004 0.702278834375 0.507663659375
1 0.8068273796875 0.5598462953125 0.8146618218749999 0.55546234375 0.8155862968750001 0.54060928125 0.7942770078125 0.5128600624999999 0.7745396953125 0.5022342375 0.7620701578125 0.535883028125 0.787034671875 0.5585863734375 0.8068273796875 0.5598462953125
1 0.706854015625 0.6771324843750001 0.72246750625 0.6777304828124999 0.7208401359375001 0.669972990625 0.6977926859375 0.6531980859375001 0.6938477671875 0.6600730140625 0.69599913125 0.6735383046875 0.706854015625 0.6771324843750001
1 0.673241375 0.654934346875 0.6784685765625 0.6670118671874999 0.6859579296875 0.6738228687500001 0.6946060578125001 0.6733176624999999 0.6918753078125001 0.663510478125 0.68084151875 0.6430135421875 0.6708003171875 0.6432981078125 0.673241375 0.654934346875
1 0.66506184375 0.6705132546875 0.6764961171875 0.6704493296875 0.6637795609375 0.65156080625 0.64682839375 0.6413762640625 0.644855934375 0.644813728125 0.6486346671875001 0.6660365109375 0.66506184375 0.6705132546875
1 0.6389939515624999 0.6457602171875 0.6220427828124999 0.6355756734375 0.610898203125 0.6338105453125 0.6275042828124999 0.65519004375 0.6405659265625 0.6628836125 0.645614225 0.6580583765625 0.6389939515624999 0.6457602171875
1 0.8335727281249999 0.51720895625 0.8240555203125 0.5232013203125 0.8212139796875 0.5321259421875 0.8247584171875 0.5458118734374999 0.8362480828125 0.5363820453125 0.8410620828125 0.5240199609375 0.8335727281249999 0.51720895625
1 0.8333384296874999 0.50967210625 0.8447173078124999 0.518974084375 0.8492416125 0.5084410515625 0.8373941374999999 0.48406537031249997 0.8113816406250001 0.4499464296875 0.7975063109375 0.438374115625 0.78967186875 0.44275806875 0.810112078125 0.475994446875 0.8333384296874999 0.50967210625
1 0.5641685234375 0.61328474375 0.5841955296875 0.6220815171875 0.61008451875 0.6299318 0.5959067765625 0.575188075 0.58615526875 0.5736435875 0.565962078125 0.592944525 0.5641685234375 0.61328474375
1 0.780359003125 0.555654115625 0.7650906015625 0.5438611609375 0.759752609375 0.5505154484375 0.754014134375 0.5777305953125 0.7724137703125 0.5787698765625 0.7847171234375 0.57321879375 0.780359003125 0.555654115625
1 0.7988095140625 0.7366952546875 0.7980512234375 0.7234506046875 0.7512788671874999 0.7572911703125 0.685459375 0.7581160015624999 0.683721215625 0.769090315625 0.7377059499999999 0.7888902703125 0.761153884375 0.785104315625 0.7988095140625 0.7366952546875
1 0.459304846875 0.47293023125 0.46395266093750004 0.4886658546875 0.4450971484375 0.5175533390625 0.4506140421875 0.5278018062500001 0.472903203125 0.5313320625 0.4968197328125 0.542619809375 0.5073849234375001 0.54804304375 0.5278124125 0.5362789546875 0.53570225 0.5225291000000001 0.5054551390625 0.4971141390625 0.459304846875 0.47293023125
1 0.53506746875 0.5355531078125 0.5106950609375 0.5541921234375 0.5317700515625 0.5744044921875 0.5512730640625 0.577493465625 0.5677556359375 0.5726043078124999 0.5798800843749999 0.550150471875 0.5665841406250001 0.5349200515625 0.5481845078124999 0.5338807734375 0.53506746875 0.5355531078125
1 0.5652037890625 0.5796998765625 0.5408867749999999 0.5889729874999999 0.548610428125 0.603320840625 0.563410234375 0.6000400953125 0.5679345375 0.5895070625 0.5652037890625 0.5796998765625
1 0.7814923375 0.4583369765625 0.766747928125 0.4522518203125 0.7608859453125 0.453198309375 0.7677405187499999 0.473033321875 0.7844573875 0.4756810140625 0.7884023046874999 0.468806084375 0.7814923375 0.4583369765625
