0 0.34904013906250003 0.28388746875000004 0.3455497375 0.2890025578125 0.36125654375 0.30179028125 0.36300174531249996 0.294117646875 0.34904013906250003 0.28388746875000004
0 0.3717277484375 0.2966751921875 0.368237346875 0.30434782656250003 0.38394415312499997 0.32480818437500003 0.3874345546875 0.3196930953125 0.3717277484375 0.2966751921875
0 0.3804537515625 0.31713555000000004 0.36125654375 0.31713555000000004 0.36125654375 0.32480818437500003 0.38219895312499996 0.32480818437500003 0.3804537515625 0.31713555000000004
0 0.23734729531249998 0.2890025578125 0.24607329843749998 0.2915601015625 0.25305410156249997 0.2966751921875 0.2635253046875 0.2966751921875 0.272251309375 0.2992327359375 0.273996509375 0.2915601015625 0.273996509375 0.2864450125 0.26701570625 0.28388746875000004 0.25479930156249997 0.28388746875000004 0.24607329843749998 0.2813299234375 0.2390924953125 0.2813299234375 0.2286212921875 0.2813299234375 0.22338568906249998 0.2813299234375 0.22164048906249997 0.2864450125 0.22687609062499997 0.2890025578125 0.23734729531249998 0.2890025578125
0 0.2757417109375 0.3989769828125 0.2705061078125 0.4015345265625 0.272251309375 0.4092071609375 0.2792321109375 0.406649615625 0.2757417109375 0.3989769828125
0 0.3071553234375 0.421994884375 0.29842931875 0.421994884375 0.29842931875 0.42966751875 0.305410121875 0.42966751875 0.3071553234375 0.421994884375
0 0.3420593375 0.41432225 0.33856893593750004 0.39641943749999997 0.3315881328125 0.39641943749999997 0.32984293125 0.41176470624999995 0.3333333328125 0.41176470624999995 0.3420593375 0.41432225
1 0.1431064578125 0.2864450125 0.1378708546875 0.32480818437500003 0.1378708546875 0.36317135624999997 0.1448516578125 0.3913043484375 0.1518324609375 0.41432225 0.1570680625 0.434782609375 0.1692844671875 0.4475703328125 0.1832460734375 0.4629156015625 0.19197207656249998 0.475703325 0.20069807968750003 0.4884910484375 0.20593368281250002 0.483375959375 0.20767888281250002 0.45268542187499994 0.21116928437500002 0.42966751875 0.209424084375 0.3989769828125 0.209424084375 0.3682864453125 0.20767888281250002 0.33759590781250004 0.209424084375 0.3145780046875 0.21640488593749999 0.2915601015625 0.22164048906249997 0.27109974375 0.2321116921875 0.245524296875 0.24258289687499998 0.2276214828125 0.2321116921875 0.22250639374999998 0.21815008749999998 0.22250639374999998 0.20244328125000002 0.2199488484375 0.1849912734375 0.2173913046875 0.162303665625 0.2199488484375 0.148342059375 0.23529411718749998 0.1448516578125 0.26342710937499997 0.1431064578125 0.2864450125
0 0.2146596859375 0.30179028125 0.21116928437500002 0.3222506390625 0.21116928437500002 0.35038363125 0.21116928437500002 0.37851662343750003 0.21116928437500002 0.41432225 0.209424084375 0.45268542187499994 0.20593368281250002 0.49104859375 0.2146596859375 0.49872122812499997 0.22338568906249998 0.5140664968750001 0.2321116921875 0.5217391296875 0.24432809843749997 0.5345268546875 0.25305410156249997 0.5498721234375 0.2617801046875 0.562659846875 0.273996509375 0.5754475703125 0.273996509375 0.5549872125 0.2757417109375 0.524296675 0.2809773125 0.5063938625 0.29668411875 0.4884910484375 0.29842931875 0.468030690625 0.303664921875 0.44501278749999995 0.3089005234375 0.42455242968749995 0.312390925 0.4092071609375 0.31937172812500003 0.388746803125 0.3246073296875 0.3708439890625 0.34031413593750004 0.3478260875 0.3455497375 0.33759590781250004 0.350785340625 0.31713555000000004 0.33856893593750004 0.2966751921875 0.3228621296875 0.28388746875000004 0.29842931875 0.2813299234375 0.272251309375 0.2685422 0.25479930156249997 0.2583120203125 0.2303664921875 0.25319693125 0.22513089062499997 0.2583120203125 0.22164048906249997 0.27109974375 0.2146596859375 0.30179028125
0 0.32111692812500003 0.483375959375 0.32635253125 0.48593350312499994 0.3315881328125 0.4884910484375 0.336823734375 0.49104859375 0.33856893593750004 0.4961636828125 0.3438045375 0.4961636828125 0.3455497375 0.49360613750000004 0.3420593375 0.49104859375 0.33856893593750004 0.48593350312499994 0.3333333328125 0.483375959375 0.32984293125 0.48081841406250003 0.3246073296875 0.4782608703125 0.31937172812500003 0.475703325 0.3158813265625 0.47314577968749993 0.314136125 0.48081841406250003 0.31937172812500003 0.48081841406250003 0.32111692812500003 0.483375959375
1 0.10296684062499999 0.2250639390625 0.0994764390625 0.23529411718749998 0.0924956375 0.2583120203125 0.0942408375 0.276214834375 0.0942408375 0.2915601015625 0.0994764390625 0.2992327359375 0.10820244375000002 0.30179028125 0.11169284531250001 0.2966751921875 0.118673646875 0.2966751921875 0.12216404843749999 0.278772378125 0.12565445 0.2583120203125 0.130890053125 0.24296675156249997 0.1361256546875 0.2199488484375 0.13961605625 0.207161125 0.1431064578125 0.1943734015625 0.1431064578125 0.18158567812499998 0.1448516578125 0.1713554984375 0.1273996515625 0.17902813281250002 0.116928446875 0.1892583125 0.1064572421875 0.2122762140625 0.10296684062499999 0.2250639390625
1 0.40488656250000005 0.3913043484375 0.34031413593750004 0.3657289 0.3176265265625 0.434782609375 0.314136125 0.48081841406250003 0.3856893546875 0.5524296671875 0.40488656250000005 0.524296675 0.4240837703125 0.4705882359375 0.42059336875 0.41943734062500004 0.40488656250000005 0.3913043484375
1 0.397905759375 0.071611253125 0.3961605578125 0.09462915625 0.397905759375 0.132992328125 0.4083769640625 0.17391304375 0.4275741703125 0.1943734015625 0.4502617796875 0.20204603593749998 0.4485165796875 0.1483375953125 0.4240837703125 0.086956521875 0.4066317625 0.0690537078125 0.397905759375 0.071611253125
1 0.429319371875 0.030690537499999997 0.4066317625 0.0179028140625 0.38219895312499996 0.0127877234375 0.34729493906250003 0.0127877234375 0.32635253125 0.0358056265625 0.336823734375 0.04859335 0.36474694531249996 0.056265984375 0.397905759375 0.071611253125 0.4397905765625 0.102301790625 0.4554973828125 0.06393861875 0.4502617796875 0.04603580625 0.429319371875 0.030690537499999997
