1 0.7454964828125 0.45245092031249995 0.8264396125 0.42677383750000003 0.8693113140625 0.4164851875 0.886150053125 0.403918946875 0.890729828125 0.3715609359375 0.8771416515625001 0.3469730609375 0.8483400203125001 0.31637436874999997 0.8173965375 0.2902681015625 0.7577616703125 0.2522920375 0.7005820640625 0.22623031249999997 0.6508611515625 0.21486057656250002 0.630237940625 0.2107163734375 0.519587625 0.236134321875 0.308276521875 0.252745590625 0.34758425000000004 0.263204290625 0.409047559375 0.280281165625 0.4546879296875 0.29831361875 0.4853353421875 0.347793046875 0.511588803125 0.3875284296875 0.5272259171875 0.4286749078125 0.5521501671875 0.4636141875 0.5921776249999999 0.4858353875 0.630968784375 0.482209453125 0.7454964828125 0.45245092031249995
1 0.593738446875 0.7878198640625 0.589861065625 0.79216045 0.586796325 0.78721250625 0.5800573625000001 0.78428301875 0.5742412890625 0.7907938953125 0.58057393125 0.79836765 0.5782289203125 0.8051822062499999 0.5752744265625 0.8189631609375001 0.5796683796875 0.8287072078125 0.5939589453125 0.8252776562499999 0.597836328125 0.820937071875 0.603449240625 0.816748325 0.6092653140625 0.810237446875 0.6100779546874999 0.80094891875 0.6072163749999999 0.7936788421875 0.60649664375 0.7819163421875001 0.5991482 0.78595325 0.593738446875 0.7878198640625
1 0.7790574875 0.6285402 0.788344621875 0.622333 0.797428596875 0.6184479328125 0.7573082265625 0.6172777609375 0.727397884375 0.6193407578125 0.6824772421875 0.6130708046875 0.68279065 0.6294775687499999 0.6933140843750001 0.6491175015625 0.7007727765625 0.663809490625 0.705776209375 0.666587140625 0.7235378390625 0.6634612703125 0.7362960359375 0.657557746875 0.7507897625 0.651806065625 0.761812428125 0.6457507046875001 0.7713027234375 0.637221371875 0.7790574875 0.6285402
1 0.5693890046875001 0.6663543375 0.583476409375 0.6652469203125 0.6060383109374999 0.66722083125 0.620938359375 0.656824884375 0.6343060375 0.643954965625 0.64093475 0.628155559375 0.6352115890625 0.613615409375 0.607036775 0.6158302453125 0.5742648499999999 0.6106231656250001 0.49564939218750004 0.589705765625 0.43846978593749997 0.5636440421875 0.38915519375 0.54763004375 0.39426887499999996 0.5691365890625 0.4001022859375 0.6024056359375 0.40848386718749996 0.62653799375 0.409203596875 0.6383004921875 0.43615945 0.6500184499999999 0.4643342625 0.6478036140625 0.5042514734375 0.6512959171875 0.5381494484375 0.6636212312499999 0.557037128125 0.6676135953125 0.5693890046875001 0.6663543375
1 0.7890643515625 0.6340955 0.7895809218750001 0.6481801328125 0.795710403125 0.65807601875 0.8141917624999999 0.666712646875 0.8258239078124999 0.653690890625 0.839911315625 0.652583471875 0.8468534390625001 0.653190828125 0.8557342531250001 0.65162789375 0.8628795359374999 0.6499131171875 0.8704311421875 0.643554078125 0.875324325 0.62760283125 0.8771527671875001 0.6067036421875 0.88031041875 0.5906005578125 0.881123059375 0.5813120281249999 0.8745872562500001 0.5760604078125 0.852338765625 0.5904932609375 0.8281515828125 0.6070964078125 0.806512571875 0.6145628640624999 0.7968191171875 0.625414328125 0.7890643515625 0.6340955
1 0.5758554546875 0.5124862593749999 0.5804525671875 0.5199081718749999 0.5887239015625 0.5253116328125 0.593727334375 0.528089284375 0.6037341984375 0.533644584375 0.6160860734375 0.5323853265625 0.639774025 0.5414774734375001 0.6414166453125 0.5626803406249999 0.64387190625 0.57459468125 0.65613086875 0.59438645 0.6709380078125 0.6050415328125001 0.6813511921875001 0.60595256875 0.7021775609375001 0.6077746390625001 0.7195328703125 0.6092930328125 0.7420947703125 0.6112669421875 0.7733343265625 0.61400005 0.8119223234374999 0.61269625 0.8239607921875001 0.5950302296875 0.8261955546875001 0.569486775 0.8172974015625 0.5312697843749999 0.8136058437499999 0.49350831250000005 0.8071629515625001 0.46720566406249997 0.790620284375 0.4563987421875 0.760506778125 0.4607838703125 0.7301901140625 0.46749113124999997 0.6656793999999999 0.4852462390625 0.6123945156249999 0.4946238546875 0.542752784375 0.4510924890625 0.53448145 0.44568902968749996 0.531933278125 0.45482571875 0.53285616875 0.46426608593749996 0.537656440625 0.46936586875 0.540518021875 0.47663594375 0.5514477765625 0.4916316125 0.5610483187499999 0.5018311765625 0.570852025 0.5097086078124999 0.5758554546875 0.5124862593749999
1 0.2515379109375 0.3015994515625 0.24319100468750002 0.3570269453125 0.2443343921875 0.40392510625 0.248542521875 0.4557712109375 0.27080835 0.4811182828125 0.34086262500000003 0.3000547265625 0.3187999546875 0.2723855234375 0.3081836109375 0.27379661875 0.3013343984375 0.25213823281250003 0.29500175624999997 0.24456448125 0.2817269890625 0.23638336875000002 0.272126446875 0.2261838046875 0.26130694062500004 0.22991703281250003 0.2515379109375 0.3015994515625
1 0.30446849062500003 0.41620587656249997 0.3063142703125 0.43508661249999997 0.333270121875 0.4468045703125 0.3482804203125 0.4551375203125 0.35512963124999997 0.47679590625 0.378614421875 0.488210184375 0.4019889640625 0.480895565625 0.3996266140625 0.4479301984375 0.3755150046875 0.4037023921875 0.34937179375 0.38269590625 0.3186488078125 0.39404743125 0.30446849062500003 0.41620587656249997
1 0.5523644421875 0.7210226359374999 0.5954393046875001 0.708411853125 0.6021609296875 0.6715614171875 0.571124534375 0.6665061765625 0.542856809375 0.6897720421875 0.5523644421875 0.7210226359374999
1 0.5886247671875 0.7663133171875 0.6413175109375 0.803682025 0.6471162453125 0.7573912203125001 0.6347470328125 0.718870553125 0.6020853546875 0.7323923703124999 0.5886247671875 0.7663133171875
1 0.41286670625 0.3765514578125 0.5128424390624999 0.45315548593750005 0.529164609375 0.426504615625 0.43387889687500003 0.336271471875 0.41286670625 0.3765514578125
0 0.3054669546875 0.3648152921875 0.2954600890625 0.35925999218750004 0.28596979375 0.367789325 0.2847508328125 0.3817221171875 0.296493228125 0.38742925625 0.31211300625 0.3887958109375 0.31659986875 0.3774888265625 0.3054669546875 0.3648152921875
0 0.40021253437500004 0.6211345328125 0.40859411718749994 0.645266890625 0.41789858906250005 0.6788396156250001 0.4283117734375 0.6797506515625 0.42533994531249997 0.653751678125 0.4180844125 0.6367375578125001 0.40877993906250004 0.6031648328125 0.40193072812499997 0.5815064453125001 0.3901883328125 0.57579930625 0.387437 0.587258128125 0.3946925328125 0.60427225 0.40021253437500004 0.6211345328125
0 0.47650031718749997 0.688646415625 0.477220046875 0.7004089140625 0.48508505937499996 0.7104566390625 0.49570140625 0.7090455437500001 0.48885219375 0.68738715625 0.48231638906249996 0.6821355359375 0.47650031718749997 0.688646415625
0 0.669446534375 0.46217675625 0.67483895 0.42053021875 0.6652384062500001 0.41033065312500006 0.6582033703125 0.43077432499999996 0.654749646875 0.47025057031250006 0.669446534375 0.46217675625
0 0.696477959375 0.4130637609375 0.7041398125 0.4254336171875 0.7092361578124999 0.40716023906250004 0.7052485265625 0.392771928125 0.6996356125000001 0.3969606734375 0.696477959375 0.4130637609375
0 0.7807992421875001 0.408741384375 0.7749831671875 0.41525226406250004 0.757738109375 0.4324627671875 0.75345440625 0.44144761718750003 0.7677449734375 0.4380180671875 0.7787676390625 0.43196270625000005 0.7865224046875 0.42328153437499993 0.78753820625 0.411670875 0.7807992421875001 0.408741384375
