0 0.6880503140625 0.6677796328125 0.695597484375 0.6560934890625 0.6830188671874999 0.6611018359374999 0.6704402515625 0.666110184375 0.6666666671875 0.676126878125 0.6754716984375 0.676126878125 0.6880503140625 0.6677796328125
0 0.749685534375 0.4641068453125 0.7635220125 0.449081803125 0.7748427671875 0.4357262109375 0.77232704375 0.43238731250000007 0.7584905656250001 0.44240400625 0.750943396875 0.449081803125 0.73710691875 0.46577629375 0.7333333328125 0.48080133593749996 0.73584905625 0.48747913125000003 0.7433962265625 0.4757929890625 0.749685534375 0.4641068453125
0 0.77232704375 0.48080133593749996 0.7886792453125 0.4674457421875 0.8201257859375 0.4407345578125 0.8037735843749999 0.44407345625000005 0.794968553125 0.45575960000000004 0.781132075 0.46577629375 0.7660377359375 0.4774624375 0.749685534375 0.48580968281250003 0.7333333328125 0.505843071875 0.740880503125 0.5041736234374999 0.74591195 0.49582637656250006 0.77232704375 0.48080133593749996
0 0.750943396875 0.51085141875 0.75345911875 0.5075125203125 0.7610062890625 0.500834725 0.77232704375 0.49415692812499995 0.7798742140625 0.48914858125 0.79119496875 0.48247078437499996 0.8025157234375 0.4691151921875 0.7886792453125 0.4791318859375 0.781132075 0.48080133593749996 0.767295596875 0.4908180296875 0.75471698125 0.499165275 0.732075471875 0.5225375624999999 0.740880503125 0.517529215625 0.7471698109375 0.515859765625 0.750943396875 0.51085141875
0 0.7610062890625 0.5141903171875 0.768553459375 0.505843071875 0.777358490625 0.499165275 0.7886792453125 0.48914858125 0.781132075 0.4908180296875 0.7761006296875 0.49415692812499995 0.768553459375 0.499165275 0.7635220125 0.5041736234374999 0.75471698125 0.51085141875 0.749685534375 0.515859765625 0.7421383640625 0.5225375624999999 0.74591195 0.5242070109375 0.75345911875 0.5208681140625 0.7610062890625 0.5141903171875
0 0.6754716984375 0.49415692812499995 0.6792452828125 0.484140234375 0.6742138359375 0.48747913125000003 0.66289308125 0.4974958265625 0.649056603125 0.51085141875 0.641509434375 0.5308848078125 0.649056603125 0.5225375624999999 0.66415094375 0.51252086875 0.6754716984375 0.49415692812499995
0 0.759748428125 0.5475792984375001 0.768553459375 0.5325542578125 0.777358490625 0.515859765625 0.767295596875 0.5258764609375 0.7584905656250001 0.540901503125 0.750943396875 0.5475792984375001 0.7433962265625 0.562604340625 0.732075471875 0.5709515859375001 0.7396226421875001 0.5709515859375001 0.750943396875 0.5609348921875 0.759748428125 0.5475792984375001
0 0.7559748421875 0.539232053125 0.7647798734375 0.527545909375 0.750943396875 0.5342237062499999 0.74591195 0.5375626046875001 0.7383647796874999 0.5442404 0.73584905625 0.5492487484375 0.7421383640625 0.5475792984375001 0.7559748421875 0.539232053125
0 0.7635220125 0.550918196875 0.7610062890625 0.55759599375 0.7660377359375 0.55759599375 0.767295596875 0.550918196875 0.7635220125 0.550918196875
0 0.6603773578125 0.5191986640625 0.6515723265625 0.527545909375 0.6440251578125 0.5425709515625 0.65408805 0.5358931546875 0.6566037734375 0.529215359375 0.6603773578125 0.5191986640625
0 0.6553459125 0.540901503125 0.6477987421875 0.5442404 0.6440251578125 0.55592654375 0.649056603125 0.5609348921875 0.6515723265625 0.5525876453125 0.6553459125 0.540901503125
0 0.6930817609375 0.46577629375 0.6905660375 0.45409015 0.6842767296875001 0.4674457421875 0.6830188671874999 0.48247078437499996 0.6880503140625 0.472454090625 0.6930817609375 0.46577629375
0 0.6968553453124999 0.5041736234374999 0.6905660375 0.5075125203125 0.6830188671874999 0.5242070109375 0.6704402515625 0.5358931546875 0.6842767296875001 0.5308848078125 0.6930817609375 0.5242070109375 0.6968553453124999 0.5041736234374999
0 0.672955975 0.5676126874999999 0.68176100625 0.5609348921875 0.6905660375 0.5542570953125 0.6905660375 0.5459098499999999 0.6842767296875001 0.5492487484375 0.6779874218749999 0.55592654375 0.672955975 0.5609348921875 0.672955975 0.5676126874999999
0 0.6880503140625 0.539232053125 0.6968553453124999 0.5325542578125 0.7031446546875 0.5191986640625 0.6905660375 0.5258764609375 0.68176100625 0.5325542578125 0.6779874218749999 0.540901503125 0.6880503140625 0.539232053125
0 0.7081761 0.5075125203125 0.7069182390625001 0.499165275 0.6981132078125001 0.51085141875 0.6981132078125001 0.5208681140625 0.704402515625 0.51252086875 0.7081761 0.5075125203125
0 0.6528301890625 0.595993321875 0.6603773578125 0.5893155265625001 0.659119496875 0.5809682796875 0.649056603125 0.585976628125 0.6440251578125 0.5926544234375 0.6440251578125 0.5993322203125 0.6528301890625 0.595993321875
0 0.650314465625 0.6210350578125 0.649056603125 0.6310517531250001 0.649056603125 0.6410684468750001 0.6578616359375 0.6227045078125 0.6654088046875 0.6143572625 0.672955975 0.6060100171875 0.68176100625 0.5926544234375 0.6704402515625 0.5993322203125 0.6616352203125 0.6043405671875 0.6578616359375 0.6143572625 0.650314465625 0.6210350578125
0 0.7257861640625001 0.45242070156249997 0.722012578125 0.4574290484375 0.723270440625 0.4641068453125 0.7257861640625001 0.470784640625 0.7308176093750001 0.470784640625 0.7345911953125001 0.4641068453125 0.7333333328125 0.4574290484375 0.7333333328125 0.45242070156249997 0.7383647796874999 0.44240400625 0.73710691875 0.4340567609375 0.7333333328125 0.44407345625000005 0.7308176093750001 0.43906510781249997 0.727044025 0.43906510781249997 0.722012578125 0.44407345625000005 0.7257861640625001 0.45242070156249997
0 0.6880503140625 0.6227045078125 0.6981132078125001 0.6160267109374999 0.7094339625 0.607679465625 0.70062893125 0.5993322203125 0.6918238999999999 0.609348915625 0.68176100625 0.6210350578125 0.6654088046875 0.6327212015625 0.669182390625 0.6393989984374999 0.6792452828125 0.6327212015625 0.6880503140625 0.6227045078125
0 0.727044025 0.5442404 0.7308176093750001 0.5425709515625 0.7283018875 0.539232053125 0.7257861640625001 0.5375626046875001 0.723270440625 0.539232053125 0.7245283015624999 0.5442404 0.727044025 0.5442404
0 0.559748428125 0.6227045078125 0.559748428125 0.619365609375 0.55471698125 0.6143572625 0.5522012578125 0.6176961609375 0.5509433968749999 0.6227045078125 0.55471698125 0.62437395625 0.559748428125 0.6227045078125
1 0.732075471875 0.515859765625 0.723270440625 0.5442404 0.727044025 0.5676126874999999 0.732075471875 0.5976627718749999 0.7396226421875001 0.5876460765625 0.759748428125 0.574290484375 0.768553459375 0.5659432390625 0.7786163515625 0.5592654421875001 0.7823899375 0.550918196875 0.7836477984375 0.5425709515625 0.796226415625 0.5375626046875001 0.8012578609375 0.5308848078125 0.7987421390625 0.5141903171875 0.7987421390625 0.4974958265625 0.8050314468750001 0.4774624375 0.8113207546875 0.4641068453125 0.8201257859375 0.4457429046875 0.8188679249999999 0.4340567609375 0.796226415625 0.4474123546875 0.7761006296875 0.459098496875 0.768553459375 0.45075125156249995 0.7823899375 0.43238731250000007 0.7559748421875 0.43238731250000007 0.73710691875 0.44407345625000005 0.73584905625 0.4641068453125 0.7333333328125 0.48914858125 0.732075471875 0.515859765625
1 0.7924528296875 0.42404006718750004 0.8062893078125001 0.40233722812500006 0.8176100625 0.3856427375 0.8301886796875 0.370617696875 0.8314465406249999 0.358931553125 0.813836478125 0.35225375625 0.8113207546875 0.3439065109375 0.7987421390625 0.3439065109375 0.796226415625 0.36060100156249997 0.7836477984375 0.39398998281250003 0.781132075 0.41903172031249997 0.7924528296875 0.42404006718750004
1 0.6779874218749999 0.44240400625 0.6654088046875 0.46243739531249994 0.650314465625 0.48580968281250003 0.6440251578125 0.5075125203125 0.6440251578125 0.5258764609375 0.6477987421875 0.540901503125 0.649056603125 0.55759599375 0.6477987421875 0.572621034375 0.6427672953125 0.590984975 0.6339622640625 0.6110183640625 0.6377358484375 0.6277128546874999 0.6477987421875 0.6510851421875 0.65408805 0.6560934890625 0.6603773578125 0.6494156921875 0.6754716984375 0.6410684468750001 0.694339621875 0.62437395625 0.7169811328125 0.6043405671875 0.727044025 0.5993322203125 0.727044025 0.572621034375 0.7245283015624999 0.550918196875 0.7207547171875001 0.5358931546875 0.7257861640625001 0.5308848078125 0.732075471875 0.515859765625 0.7333333328125 0.48580968281250003 0.7345911953125001 0.46577629375 0.73710691875 0.4474123546875 0.73584905625 0.4173622703125 0.7383647796874999 0.3956594328125 0.73710691875 0.37562604374999997 0.7308176093750001 0.3672787984375 0.7245283015624999 0.390651084375 0.722012578125 0.4106844734375 0.69937106875 0.4223706171875 0.6779874218749999 0.44240400625
