0 0.29896983593750004 0.8024157265625 0.2967270640625 0.8138265656250001 0.29635008125 0.8193737578125001 0.301551353125 0.8292023171875 0.30750659062499996 0.8279364921875001 0.310682259375 0.813593828125 0.3103243953125 0.797268709375 0.29896983593750004 0.8024157265625
0 0.366304990625 0.8263726296874999 0.359058996875 0.814245159375 0.3568353421875 0.8037836875 0.3484584 0.8082977937500001 0.340081459375 0.8128118984375 0.3387715828125 0.8212909125 0.3424840453125 0.8314359281250001 0.349928090625 0.8298536484374999 0.3564392421875 0.831203190625 0.369084559375 0.8394494703125 0.366304990625 0.8263726296874999
1 0.3349880328125 0.4667361 0.326253228125 0.45492508750000005 0.3033651765625 0.45705656093749997 0.281767884375 0.4725813296875 0.258662665625 0.51029486875 0.244867284375 0.540562478125 0.2426053921875 0.5738456296875001 0.25263095468749996 0.5990499406249999 0.270675596875 0.6034150265625 0.28818344375 0.5832924328125 0.29284792187500003 0.5686333140625 0.3139084171875 0.5286208625000001 0.32901367812500004 0.48987423750000003 0.3349880328125 0.4667361
1 0.17149355156249999 0.40034727812500004 0.1614297515625 0.4188875921875 0.1481902828125 0.45177056875000005 0.1397942234375 0.4781569859375 0.13659943593749999 0.5143719609375 0.14793487656249998 0.53109725625 0.158158490625 0.542591815625 0.1752893546875 0.5280164140625 0.18590906875 0.51209146875 0.1948801609375 0.4664481078125 0.1860046609375 0.402729909375 0.17149355156249999 0.40034727812500004
1 0.1816857953125 0.6605998265624999 0.1845035984375 0.62993204375 0.17560898125 0.5880861578125 0.1642735390625 0.5713608625 0.1490084671875 0.580072615625 0.13334729218750002 0.616203871875 0.1387083796875 0.6560673031250001 0.1464911703125 0.6926824546875 0.156893715625 0.7123395734375 0.17753899374999998 0.7216189390625 0.17922585156249998 0.70759273125 0.1820436578125 0.676924946875 0.1816857953125 0.6605998265624999
1 0.23847770937499999 0.6129924296875 0.2327014046875 0.622420815625 0.22952573593749998 0.636763478125 0.22839479062499998 0.6534050546875 0.2321072546875 0.6635500703125 0.2423499859375 0.6531723171875 0.24348093125 0.636530740625 0.23847770937499999 0.6129924296875
1 0.5598364484375 0.37520659843750004 0.54419439375 0.3894655453125 0.549376546875 0.421166415625 0.5638685390625 0.4454213578125 0.5949354812500001 0.45248553124999996 0.603887453125 0.4287144828125 0.5886606171875 0.3936816125 0.5598364484375 0.37520659843750004
1 0.19435023125 0.64697379375 0.186152221875 0.6596504578125 0.1900436171875 0.677958034375 0.2060244171875 0.7018965203125 0.21886778593749998 0.696433046875 0.22055464374999997 0.6824068390625 0.20792844375000002 0.6522882484375 0.19435023125 0.64697379375
1 0.625427390625 0.478806646875 0.6308267125 0.4749254546875 0.6256254390625 0.4650968953125 0.6237787671875 0.44908823125 0.6185583765625 0.46113198437499997 0.6170504484375 0.48332075156250004 0.6205648625 0.50717551875 0.628545703125 0.53008091875 0.63616868125 0.5366611984375 0.6309865265625 0.504960325 0.625427390625 0.478806646875
1 0.646175125 0.5837378203125 0.6474658843750001 0.597131115625 0.6528460890625001 0.615122234375 0.6626927203124999 0.6321639859375 0.6606671171875 0.6079927625 0.6495297250000001 0.577557715625 0.646175125 0.5837378203125
0 0.6016064437499999 0.4838699453125 0.5839196656250001 0.4958299796875 0.5652999921874999 0.5107218375 0.55003491875 0.519433590625 0.5278817140625 0.5323429921875 0.51410545 0.540738290625 0.515773190625 0.54858439375 0.5269297 0.557147128125 0.548150009375 0.54716955 0.5894788015625 0.5219836578125 0.6149866078125 0.5028941515625001 0.615938621875 0.47809001562500003 0.6016064437499999 0.4838699453125
