0 0.6952198234375 0.62256566875 0.6843602359375 0.6253776281250001 0.67384774375 0.6265566203125 0.669979890625 0.620614246875 0.6673642125 0.6268852500000001 0.6598393859375 0.6321127796875 0.6482856015625 0.6381906749999999 0.6390003984375 0.6396305359375 0.6375871171874999 0.6342098968750001 0.6326779703125001 0.6331664265625 0.6290209984375 0.64433633125 0.6157068359375 0.6466265546875001 0.603619959375 0.649177646875 0.5969753234375 0.6562990140625 0.5943098703125 0.6386649984375 0.5880372171875 0.65610590625 0.558037465625 0.7248260671875 0.566281375 0.728285109375 0.5791488874999999 0.6798178171875 0.7062902921875 0.6368659890624999 0.8127538140624999 0.5946391765625 0.8242827109374999 0.5766087718749999 0.6952198234375 0.62256566875
0 0.8499941812499999 0.6366897734375 0.8545313421875 0.627413703125 0.860295790625 0.6183985015625 0.8648329531250001 0.60912243125 0.8716386953124999 0.595208325 0.8642998625 0.605595628125 0.8614981890625 0.606706859375 0.8537873703125 0.6067746203125 0.85082459375 0.614678590625 0.8499692921875001 0.6247372640625 0.851729671875 0.628524934375 0.847192509375 0.6378010046875 0.8499941812499999 0.6366897734375
0 0.13542770312500002 0.4318948671875 0.14716748125 0.4309767421875 0.15802707031250002 0.42816478281250003 0.15554760781250002 0.4156905375 0.150985559375 0.41301409843750003 0.14258054375 0.4163477953125 0.1354028171875 0.4199423578125 0.13542770312500002 0.4318948671875
0 0.5548886953125 0.7275702671875 0.53965305 0.7328655578125 0.5388226375 0.754876740625 0.5600087234375 0.74572601875 0.5845295703125 0.738990865625 0.5883476484375 0.7210282218749999 0.5766078718750001 0.721946346875 0.5741781859375 0.7333771203125 0.5548886953125 0.7275702671875
0 0.5646545515625 0.367816003125 0.5692166015625 0.3704924421875 0.5741257484375 0.3715359140625 0.57148518125 0.36585440625 0.5691917125 0.35853993281249996 0.563749475 0.353969659375 0.558840328125 0.3529261875 0.5528898875 0.35678161875000003 0.5506213062499999 0.361419653125 0.55729083125 0.3662507953125 0.5646545515625 0.367816003125
0 0.44974023125 0.8963757749999999 0.447099665625 0.8906942687500001 0.4423765109375 0.8948105671875 0.43624007656249997 0.8935062281249999 0.43482679687500003 0.8880855890625 0.42714086562500003 0.9001058593750001 0.43100871874999996 0.9060482328124999 0.43607897187500005 0.900298965625 0.44221540625 0.9016033046875 0.44974023125 0.8963757749999999
1 0.18828747968749998 0.40046191875000003 0.187593284375 0.4037278546875 0.1886594640625 0.41078146093749995 0.190766940625 0.41293616406250006 0.19706447968750002 0.407447765625 0.19775867656249999 0.40418183125 0.19266353593750002 0.3979785890625 0.18828747968749998 0.40046191875000003
0 0.6023284578125 0.365583365625 0.5835222828125 0.339398296875 0.5756503578125 0.3462587953125 0.590749784375 0.35970875156250004 0.5935763453125 0.370550028125 0.5848242328125 0.3755166921875 0.57727451875 0.3687917140625 0.5669480203124999 0.375130478125 0.5860764078125 0.38773006875 0.6023284578125 0.365583365625
1 0.16717605625 0.44547016875 0.170671925 0.44109300312500005 0.1671511671875 0.4335176609375 0.1596263421875 0.43874519218749997 0.1603454265625 0.44743176562500003 0.16717605625 0.44547016875
0 0.6907075500000001 0.643794246875 0.678967771875 0.6447123718750001 0.674777709375 0.6523554734375 0.6907075500000001 0.643794246875
0 0.6196991281249999 0.7123314749999999 0.605851875 0.7110948953125 0.610947015625 0.7172981375 0.6191909250000001 0.72075718125 0.6196991281249999 0.7123314749999999
0 0.5912855390625 0.7011717421875 0.5968888812500001 0.6989492796875 0.603880615625 0.6901949453125 0.6099921625 0.679546775 0.6015871484375 0.6828804703125 0.5954756031249999 0.6935286406250001 0.5912855390625 0.7011717421875
0 0.7743490468750001 0.6666930343749999 0.779766396875 0.6593108 0.770989396875 0.652324953125 0.764344759375 0.6594463187499999 0.769972990625 0.669176365625 0.7743490468750001 0.6666930343749999
0 0.6036304078125 0.401701759375 0.592423721875 0.4061466875 0.58735346875 0.41189595468749995 0.5975188609375001 0.4123499296875 0.6074982624999999 0.4076441359375 0.6143288921875001 0.40568253906249996 0.6153701859375 0.4007836375 0.6092337515625 0.3994792984375 0.6036304078125 0.401701759375
0 0.7021997796874999 0.6923191281250001 0.706922934375 0.688202828125 0.7123402859375 0.68082059375 0.703749278125 0.6789945187499999 0.6960633453125 0.6910147890625 0.7021997796874999 0.6923191281250001
0 0.7200968859375 0.19775356875 0.7239647390624999 0.20369594218749998 0.72572511875 0.2074836140625 0.7301011749999999 0.2050002828125 0.72991518125 0.1998405109375 0.7281548046874999 0.196052840625 0.723939853125 0.19174343437500002 0.7158819359375 0.19344416250000002 0.709584396875 0.1989325609375 0.706088528125 0.20330972812499998 0.7041670453125 0.20631479531250002 0.7047001359375 0.2098415984375 0.7122249640625 0.2046140671875 0.7169481156249999 0.20049776874999997 0.7200968859375 0.19775356875
