1 0.2372043484375 0.5376220078125 0.230438334375 0.5129922484375 0.22492711718749997 0.48827474375 0.221459678125 0.4567202234375 0.21165420625000003 0.46075293906250003 0.20459124218750002 0.46794093437499995 0.196273478125 0.4752166703125 0.19093112968749998 0.48897844843750005 0.1895860828125 0.5058077625 0.1950973 0.530525265625 0.20139749375 0.5484934953125 0.21044019062500002 0.5696170031250001 0.22131996250000002 0.598979678125 0.23036266093750002 0.620103184375 0.23791765156250003 0.6379836703125 0.2505820828125 0.6387716125 0.25227649375 0.62693845 0.25020651250000003 0.6153685171875 0.248809053125 0.595383928125 0.2474115953125 0.5753993390625001 0.2436209953125 0.5572556203125 0.2372043484375 0.5376220078125
1 0.2941244265625 0.6122974765625 0.292959878125 0.5956436515625 0.2905405296875 0.579077571875 0.2843567921875 0.5627747249999999 0.27942785 0.5463841328125 0.271872859375 0.5285036468750001 0.26694391875 0.512113053125 0.2543697359375 0.49458354375 0.2456764015625 0.478456184375 0.236427 0.4724088625 0.22843239531249998 0.4662737984375 0.2308517421875 0.48283987812499995 0.23350399687499998 0.5027367218750001 0.23717814062499998 0.5192150578125 0.2422235375 0.53727103125 0.24703602500000002 0.5519962406250001 0.25263748750000004 0.5599721765625 0.253452671875 0.5716298546874999 0.2554062 0.581534403125 0.25680365781250003 0.6015189921874999 0.2576188421875 0.61317666875 0.2586669359375 0.6281651109374999 0.259598575 0.6414881703125 0.2679425453125 0.6526193828125 0.28860158125 0.659542390625 0.2998947578125 0.6587526953125 0.29680288906249996 0.6506012703125 0.2932452 0.6357883171875 0.29243001562500004 0.6241306421874999 0.2941244265625 0.6122974765625
1 0.533569478125 0.5202451906250001 0.550670825 0.51235524375 0.5584063125000001 0.49675259531249993 0.54378835625 0.486060103125 0.5275662375 0.47045920781249995 0.520709975 0.462571015625 0.51076184375 0.4465314 0.4973986828125 0.4357511625 0.48654511874999995 0.4247954375 0.476829896875 0.41208658593749997 0.4585640015625 0.4033227078125 0.4363270109375 0.409898246875 0.41099815 0.40832236093749996 0.354066440625 0.40560931250000004 0.3408459421875 0.4149014078125 0.30617743124999997 0.42401976875 0.3303941546875 0.4457557296875 0.3623463671875 0.4518890421875 0.3875849796875 0.47020649531250003 0.39858120625 0.501234553125 0.41083222812500003 0.5321748671875 0.4405339625 0.56022138125 0.45629026250000004 0.5691607484375 0.463935503125 0.570299665625 0.4760176578125 0.5627606984375 0.4900271359375 0.546719328125 0.51077641875 0.53690076875 0.533569478125 0.5202451906250001
1 0.2603584015625 0.45400015937499993 0.26893527968750003 0.4684621375 0.2787669578125 0.48283636874999997 0.29157405000000003 0.5036966453125 0.3036824125 0.5145646265625 0.3196454140625 0.5084278062500001 0.33628094218750004 0.49387633124999997 0.3280272203125 0.4660035515625 0.315220128125 0.4451432765625 0.301158240625 0.42437074375000006 0.2836813234375 0.4088575921875 0.2741087625 0.416221075 0.26762807187500004 0.43173598125 0.2594267625 0.4406771 0.2603584015625 0.45400015937499993
1 0.62092785625 0.579404 0.624369090625 0.5925515703124999 0.6291815781250001 0.6072767796874999 0.6485858140625 0.6142875328125 0.6658036171874999 0.6080629703125 0.6663596843749999 0.5979829328124999 0.6578730546875 0.5667793859375 0.6398138624999999 0.5429393218749999 0.623824653125 0.5306691906250001 0.5964258109375 0.5175233718750001 0.5853655421874999 0.5216438328125 0.6006822281249999 0.5423286218750001 0.6093755640625 0.5584559812500001 0.62092785625 0.579404
1 0.42815485468750003 0.5995781046875 0.41899569999999997 0.5767892156250001 0.40300649218749995 0.564519084375 0.38599539374999997 0.5556674609375001 0.3922955875 0.5736356921875 0.403032696875 0.582926034375 0.4154904234375 0.5987901609375 0.4207425234375 0.60176995 0.42815485468750003 0.5995781046875
0 0.2208657734375 0.5203557296875 0.21721783593750002 0.52228434375 0.22054261562500002 0.5337665328125001 0.23469475312500002 0.5377974953125 0.23813598749999998 0.5509450671875 0.23495386875 0.5595352109375 0.2334923671875 0.5746991390625 0.23955965156249998 0.5893366062500001 0.24232836249999998 0.6108988328125 0.2519271296875 0.6219423015625 0.250995490625 0.6086192421875001 0.2507363734375 0.5868815281249999 0.24854993749999998 0.5736462125 0.24373745000000002 0.558921003125 0.23192604062500002 0.51623526875 0.22713976093750002 0.5199170093750001 0.2208657734375 0.5203557296875
0 0.26278069375 0.6328980265624999 0.26345321718750003 0.6244833703125 0.2614996890625 0.6145788203125 0.25852427499999997 0.608092778125 0.25645429375 0.5965228453125 0.2573597265625 0.5914389546875001 0.2567774515625 0.58311204375 0.25470747031249996 0.5715421109375 0.254008740625 0.5615498156250001 0.25024435 0.561813046875 0.252547240625 0.5767137453125 0.2534788796875 0.5900368031250001 0.257735296875 0.6148420531250001 0.257179228125 0.6249220906249999 0.2576450484375 0.6315836203125 0.26278069375 0.6328980265624999
0 0.23136997343750001 0.52631530625 0.22497952968749999 0.5250886453125 0.2184726328125 0.5221966 0.2134534421875 0.522547575 0.2150576046875 0.527455978125 0.22019324999999998 0.5287703859375 0.22795494375 0.5315746875 0.23183579375000002 0.5329768359375 0.23822623593749997 0.5342034984375 0.235367275 0.5293828390625 0.23136997343750001 0.52631530625
0 0.22072311249999998 0.500283396875 0.22448750468749998 0.500020165625 0.2295066953125 0.49966918906249996 0.23052858281250002 0.49625067968750003 0.22653128125 0.493183146875 0.21911895 0.49537499374999994 0.22072311249999998 0.500283396875
0 0.2434142921875 0.57233180625 0.24808411874999997 0.5669846828125 0.24294847343749998 0.5656702765625 0.237812828125 0.5643558703125 0.2369073953125 0.5694397609374999 0.2434142921875 0.57233180625
0 0.24767071093749998 0.597137053125 0.2468817328125 0.603886328125 0.24746400624999998 0.6122132390624999 0.25373799531249996 0.6117745203125 0.2519009234375 0.6035353515625 0.25131864843749996 0.595208440625 0.2508528296875 0.588546909375 0.25027055468750004 0.5802199984375 0.24992119062499998 0.5752238515625 0.24717868437499999 0.5720685734375001 0.24466908906249998 0.5722440625 0.241021153125 0.5741726765624999 0.23725676093749998 0.5744359078125 0.23623487187499997 0.5778544171875 0.23886092187500002 0.5793443125 0.2426253140625 0.5790810796875 0.24525136406249998 0.5805709734375 0.246739071875 0.5838139953125 0.2472048921875 0.5904755234375 0.24767071093749998 0.597137053125
0 0.24140835312500003 0.5256133546874999 0.2489371390625 0.525086890625 0.25246862187499997 0.5214928953125 0.2485877734375 0.52009074375 0.24105898906249998 0.5206172078125 0.2398041921875 0.5207049515625 0.24140835312500003 0.5256133546874999
0 0.2557817703125 0.6049375015625 0.25601467968749997 0.6082682671875 0.2586407296875 0.6097581609375 0.2595461640625 0.6046742703125 0.2578255453125 0.5981004828125001 0.257243271875 0.589773571875 0.2567774515625 0.58311204375 0.2550568359375 0.57653825625 0.2557293578125 0.5681236015625 0.25263748750000004 0.5599721765625 0.25138269062499996 0.560059921875 0.251964965625 0.5683868328125 0.2524307859375 0.5750483625 0.253013059375 0.5833752750000001 0.25359533437500004 0.5917021874999999 0.2541776078125 0.6000290984375 0.2557817703125 0.6049375015625
0 0.26184905468749997 0.6195749671875 0.2588736390625 0.613088925 0.2568298640625 0.61992594375 0.2576450484375 0.6315836203125 0.2610600765625 0.6263242421874999 0.26184905468749997 0.6195749671875
0 0.21223648125 0.4690798515625 0.20984334062499999 0.47092072187499995 0.2137241890625 0.472322871875 0.2163502390625 0.47381276562499997 0.2199981765625 0.471884153125 0.21851047031249998 0.46864113124999995 0.21600087499999998 0.46881661875 0.21223648125 0.4690798515625
0 0.2457550203125 0.5336770343749999 0.24951941249999998 0.533413803125 0.2532838046875 0.5331505703125 0.2530508953125 0.52981980625 0.24803170625 0.5301707828125 0.24426731249999997 0.530434015625 0.2457550203125 0.5336770343749999
0 0.24710006718750002 0.5168477234375 0.24949320625000002 0.5150068531249999 0.2444740171875 0.5153578296875 0.2394548265625 0.5157088046875 0.24219733125 0.51886408125 0.24710006718750002 0.5168477234375
0 0.3031147125 0.5966070828125 0.3040201453125 0.5915231921874999 0.3000228421875 0.588455659375 0.299673478125 0.5834595124999999 0.2959090859375 0.58372274375 0.2884967546875 0.5859145906250001 0.29010091718750003 0.5908229921875 0.2937488546875 0.5888943796875 0.2991174109375 0.59353955 0.299466775 0.598535696875 0.29867779687499996 0.6052849703125001 0.302325734375 0.6033563578125001 0.3031147125 0.5966070828125
0 0.307344925 0.60300538125 0.3050682390625 0.6065116328125 0.3042792609375 0.6132609062500001 0.30337382812499997 0.618344796875 0.304977990625 0.6232532015625 0.30839301875 0.6179938218750001 0.309181996875 0.6112445484375 0.307344925 0.60300538125
0 0.3100495921875 0.6597161265625 0.3061687453125 0.658313975 0.3078893625 0.6648877609375 0.312908553125 0.664536784375 0.3100495921875 0.6597161265625
0 0.31579371875 0.6877643953125 0.3193252015625 0.6841703984375 0.3152114453125 0.6794374828125 0.30995934531249997 0.67645769375 0.3090539109375 0.681541584375 0.31579371875 0.6877643953125
0 0.39849095625 0.5179761203125001 0.4028376234375 0.5260398000000001 0.405580128125 0.529195078125 0.4096938859375 0.5339279921875 0.412552846875 0.5387486531250001 0.4179214 0.5433938234375 0.41964201718750005 0.5499676078125 0.42512702812500003 0.5562781625000001 0.4284256 0.5493534 0.4268214375 0.544444996875 0.4251008203125 0.5378712125 0.4220089515625 0.5297197875 0.4201718796875 0.52148061875 0.41708001093749997 0.5133291953125 0.41124563593749996 0.5020224953125 0.40803731093750006 0.4922056890625 0.4048289859375 0.4823888828125 0.4002494109375 0.4709944390625 0.40071522968749995 0.4776559671875 0.41068956874999996 0.5121025343750001 0.412410184375 0.5186763203125 0.41561850937499994 0.528493125 0.4116212078125 0.5254255921875 0.4078568140625 0.525688825 0.39849095625 0.5179761203125001
0 0.4194353125 0.5650437937499999 0.425592846875 0.5629396921875001 0.41873658437500005 0.5550515 0.4123461421875 0.5538248375 0.41269550625000007 0.5588209843749999 0.41179007343749996 0.5639048765625 0.40677088437500003 0.5642558515625 0.401402328125 0.5596106796875 0.3974050265625 0.5565431484375 0.388388534375 0.5538265906250001 0.3808597484375 0.5543530546875 0.388970809375 0.562153503125 0.3943393625 0.5667986734375 0.3994750078125 0.56811308125 0.4059819046875 0.571005125 0.41123400468750004 0.5739849140625 0.4147654890625 0.5703909171875 0.4194353125 0.5650437937499999
0 0.42448071093750006 0.58309976875 0.42699030625 0.5829242812500001 0.4294999 0.58274879375 0.431776584375 0.5792425406249999 0.431543675 0.575911775 0.43096140156249996 0.5675848625000001 0.42617512187499995 0.5712666046875 0.426640940625 0.5779281328125 0.42389843593750004 0.5747728578125 0.41990113281249997 0.5717053234375 0.4177409015625 0.576876959375 0.41922861093749997 0.5801199796875001 0.4194615203125 0.5834507453125 0.422204025 0.5866060203125001 0.42506298437499995 0.59142668125 0.42745612499999996 0.589585809375 0.42596841718749995 0.5863427890625 0.42448071093750006 0.58309976875
0 0.44202166875 0.5634644015625 0.4389298015625 0.555312978125 0.442344828125 0.5500536 0.4357214765625 0.545496171875 0.43274606093749995 0.53901013125 0.43081874062500003 0.5475125296875001 0.43367769999999994 0.5523331890625001 0.43402706562500004 0.5573293359375 0.43700247968749995 0.5638153781249999 0.439861440625 0.5686360374999999 0.4437422875 0.5700381875 0.44202166875 0.5634644015625
0 0.47795660937499995 0.48229587812499997 0.479560771875 0.48720428125000004 0.48241973125 0.492024940625 0.4863005796875 0.4934270921875 0.485834759375 0.4867655609375 0.48172100156250003 0.482032646875 0.47795660937499995 0.48229587812499997
0 0.46141133125 0.4801057859375 0.4619936046875 0.488432696875 0.46394713281250005 0.498337246875 0.46441295312499997 0.5049987765624999 0.46362397343749995 0.5117480515625 0.4584883296875 0.51043364375 0.45358559375 0.512450003125 0.45781580625 0.5188482999999999 0.45565557500000003 0.5240199359375 0.45224054843749995 0.529279315625 0.448941975 0.5362040765625 0.44689819999999997 0.54304109375 0.44599276562499995 0.548124984375 0.44999006875 0.5511925171875001 0.45500925781249996 0.550841540625 0.4600284484375 0.550490565625 0.46618598125000005 0.5483864640625 0.471205171875 0.5480354875 0.4761079078125 0.546019128125 0.48226543906249997 0.5439150265625 0.4870517203125 0.5402332859375 0.493209253125 0.538129184375 0.495369484375 0.53295755 0.49023383750000005 0.5316431421875001 0.48305441875 0.537165753125 0.4756420875 0.5393576 0.4681133015625 0.5398840640625 0.46309411093749997 0.540235040625 0.46046806250000005 0.53874514375 0.45760910312499997 0.5339244859375001 0.46090767499999996 0.5269997234375 0.46581041093750003 0.524983365625 0.4716185796875 0.517883115625 0.4725240109375 0.512799225 0.4797034328125 0.5072766140625 0.4869993078125 0.5034193859375 0.49190204375 0.501403028125 0.4901814265625 0.4948292421875 0.48516223593749996 0.49518021718750005 0.481630753125 0.49877421406250005 0.4767280171875 0.500790571875 0.47205819218749995 0.506137696875 0.4691992328125 0.5013170359375 0.4673621609375 0.49307786875000004 0.465408634375 0.48317331875 0.46141133125 0.4801057859375
0 0.537322240625 0.591944378125 0.543712684375 0.5931710390625 0.552612721875 0.5942222140625 0.5604908703125 0.598691896875 0.5736211203125 0.60614136875 0.5887951453125 0.6067538234375001 0.597578728125 0.606139615625 0.586608709375 0.5935185078125 0.5791963796874999 0.5957103546875 0.5688086343750001 0.591416159375 0.562418190625 0.590189496875 0.5545400421875 0.5857198140625 0.5456400046875001 0.5846686390625 0.5379947640625 0.583529721875 0.530000159375 0.5773946546875 0.5234932609375 0.5745026109375 0.51447676875 0.5717860531250001 0.5080863265625 0.5705593921875 0.50032463125 0.567755090625 0.49142459374999997 0.5667039171875 0.4907520703125 0.575118571875 0.49600417031250005 0.5780983609375 0.5023946125000001 0.5793250234375 0.5102727625 0.58379470625 0.5166632046874999 0.58502136875 0.52705095 0.5893155640625001 0.537322240625 0.591944378125
0 0.6138270546875 0.6401474625 0.62158875 0.6429517625 0.626258575 0.637604640625 0.61951876875 0.6313818296875 0.6106187296875001 0.6303306562500001 0.6016022375000001 0.6276141 0.5913309484375 0.6249852859375 0.5811761125 0.6240218546875 0.56953356875 0.6198154046875 0.5648637437499999 0.6251625265625 0.5741131453125 0.6312098484375 0.58062004375 0.63410189375 0.5882652828125 0.6352408125 0.597165321875 0.6362919875 0.6074366125 0.6389208 0.6138270546875 0.6401474625
0 0.6487401078125 0.5623974453125 0.6359592203125 0.559944121875 0.6270591828125001 0.558892946875 0.6131399562500001 0.55819275 0.6043563734374999 0.5588069578125 0.604938646875 0.5671338687499999 0.613838684375 0.5681850421875 0.6214839249999999 0.5693239625000001 0.632777103125 0.568534265625 0.6430483921875 0.571163078125 0.651715521875 0.5688834875000001 0.6487401078125 0.5623974453125
0 0.43740425624999996 0.605625425 0.43442884218750005 0.599139384375 0.42964256093750003 0.6028211265625 0.423485028125 0.604925228125 0.42520564531250005 0.6114990140625001 0.43331670468750005 0.6192994609375 0.43880171562500003 0.6256100140624999 0.43935778281250004 0.6155299765625 0.43740425624999996 0.605625425
0 0.4883356703125 0.7208842796875 0.494376746875 0.7171147953125 0.4885423734375 0.70580809375 0.48122029062499994 0.6912583718749999 0.47515300624999995 0.6766209078125 0.46336780468749994 0.6523421234375 0.45616217812500004 0.639457784375 0.4505607125 0.6314818484375 0.4445196359375 0.6352513328125 0.453445878125 0.6547094578125 0.4591637984375 0.6643507750000001 0.4652310828125 0.6789882421875 0.47517921406249997 0.6950278578125 0.481362953125 0.7113307046874999 0.4883356703125 0.7208842796875
0 0.473289728125 0.6499747890625 0.4689430625 0.641911109375 0.46471285 0.6355128109375 0.46208679999999996 0.6340229171875 0.4593442953125 0.630867640625 0.45683470000000004 0.631043128125 0.45534699375 0.6278001078125001 0.45374283125000003 0.6228917046875 0.44860718593750004 0.6215772984375 0.44770175312499993 0.6266611890625 0.45169905468750005 0.6297287218750001 0.45455801406249996 0.63454938125 0.45730052031249996 0.6377046578125001 0.4614142765625 0.6424375734375001 0.46529512500000003 0.6438397234375 0.46940888125 0.6485726390625 0.473289728125 0.6499747890625
0 0.5005459109375 0.6430482750000001 0.49678151875000004 0.64331150625 0.4929006703125 0.6419093546875 0.493806103125 0.6368254640625 0.4947115359375 0.6317415734375 0.4971046765625 0.6299007015625 0.50189095625 0.6262189625000001 0.50040325 0.6229759421875001 0.4965224015625 0.6215737906250001 0.4950346953125 0.6183307703125 0.49103739218750003 0.6152632375 0.4887607078125 0.618769490625 0.4878552734375 0.62385338125 0.4882046390625 0.6288495281250001 0.48741566093750005 0.635598803125 0.48651022812500005 0.64068269375 0.488114390625 0.6455910968749999 0.4919952375 0.6469932468749999 0.4947377421875 0.6501485234375 0.49850213437499996 0.649885290625 0.5021500734375001 0.6479566765625 0.5005459109375 0.6430482750000001
0 0.49031245781250005 0.58686399375 0.4849439015625 0.5822188203125 0.47718220625 0.579414521875 0.47193010781250005 0.5764347328125 0.46976987656249997 0.5816063671875 0.475021978125 0.58458615625 0.4802740765625 0.5875659453125001 0.486780975 0.590457990625 0.4934043265625 0.5950154171875 0.4967029 0.5880906546875 0.49031245781250005 0.58686399375
0 0.535770490625 0.623849875 0.5354211265625 0.6188537265625 0.5311909140625 0.6124554296875 0.529470296875 0.60588164375 0.52547299375 0.6028141109375 0.521592146875 0.6014119609375 0.5138304515625001 0.598607659375 0.5154346140625 0.6035160625 0.5181771187499999 0.6066713406249999 0.5210360781250001 0.6114919984375 0.52503338125 0.6145595312500001 0.5306348453124999 0.6225354671875001 0.5348650578125 0.628933765625 0.535770490625 0.623849875
0 0.45735293125 0.6745185593749999 0.45930645937500003 0.6844231078125 0.46581335625 0.6873151531249999 0.46409273906250004 0.6807413671875 0.45735293125 0.6745185593749999
0 0.517492965625 0.6870484140625 0.5195629484375 0.6986183484375 0.525953390625 0.6998450093749999 0.5239998625 0.689940459375 0.522162790625 0.6817012921875001 0.516444871875 0.6720599734375 0.517492965625 0.6870484140625
0 0.5272198171875 0.627794846875 0.518992303125 0.6183290171875 0.5198074874999999 0.62998669375 0.525292496875 0.6362972484375 0.5271295703125001 0.644536415625 0.5315926906249999 0.6542654765625 0.53821604375 0.6588229046875 0.5386556578125 0.6470774828125 0.5329377375 0.6374361656249999 0.5272198171875 0.627794846875
0 0.5429761171874999 0.6367342140625001 0.53714174375 0.6254275125000001 0.5364692203125 0.63384216875 0.5463008968749999 0.648216403125 0.5429761171874999 0.6367342140625001
0 0.56555084375 0.7071172406249999 0.5705700328125001 0.706766265625 0.5711261015625 0.696686225 0.5640369296875 0.68546726875 0.5598067171875 0.679068971875 0.5591079875 0.6690766765625 0.550880475 0.6596108468749999 0.5459777390625 0.6616272046875 0.5425627093750001 0.666886584375 0.5446326921875 0.6784565171875 0.5452149671875001 0.686783428125 0.5485397453124999 0.6982656171875 0.555279553125 0.704488428125 0.56555084375 0.7071172406249999
0 0.660799003125 0.6987833140624999 0.653386671875 0.7009751609375 0.65726751875 0.7023773109375 0.664912759375 0.7035162296874999 0.6722086359375 0.6996590015625 0.676878459375 0.6943118765625 0.6739030453125 0.6878258374999999 0.664097575 0.691858553125 0.660799003125 0.6987833140624999
0 0.643904359375 0.6915970734375 0.6465304093750001 0.6930869687500001 0.6529208515625 0.69431363125 0.6524550328125 0.6876521015625 0.64845773125 0.6845845703125 0.6421837421875 0.6850232890625 0.643904359375 0.6915970734375
0 0.5805560015625 0.6692504125000001 0.576092878125 0.65952135 0.5740491046875 0.6663583671875 0.5692628234375 0.6700401078125 0.5757697203125 0.6729321515625 0.5805560015625 0.6692504125000001
0 0.5888737640625 0.661974675 0.5860148046875 0.657154015625 0.5807627046875 0.6541742265625 0.5823668671875 0.6590826296875 0.5828326875000001 0.665744159375 0.5888737640625 0.661974675
0 0.520145221875 0.7069452593750001 0.5148931218749999 0.7039654703125 0.5106629093749999 0.6975671718750001 0.5042724671875 0.6963405109374999 0.49627786093750004 0.69020544375 0.4994861859375 0.7000222515625001 0.5034834890625 0.703089784375 0.5087355875 0.706069571875 0.51570830625 0.715623146875 0.5223316578125 0.7201805734375 0.5257466859375 0.7149211953125 0.520145221875 0.7069452593750001
0 0.5685524640625 0.7320102328125 0.5726662203124999 0.7367431468750001 0.5763141593750001 0.7348145328125 0.5759647953125 0.729818384375 0.5729893796875001 0.7233323453125 0.5693414406249999 0.7252609578125 0.5685524640625 0.7320102328125
0 0.5292781703125 0.7113271984375 0.5283727359375 0.7164110890625001 0.5312316953125 0.7212317500000001 0.5321371296875 0.7161478578125 0.5292781703125 0.7113271984375
0 0.3429304984375 0.516840709375 0.3401879953125 0.5136854328125 0.3364236015625 0.5139486640625 0.3325427546875 0.5125465140625 0.3299167046875 0.51105661875 0.327407109375 0.5112321078125001 0.3236427171875 0.5114953390625 0.32399208281249997 0.5164914875 0.3278729296875 0.5178936375000001 0.3317537765625 0.5192957875 0.335634625 0.5206979390625001 0.33951547187500003 0.5221000874999999 0.3432798640625 0.52183685625 0.349553853125 0.5213981359375001 0.3466948921875 0.516577478125 0.3429304984375 0.516840709375
0 0.59729340625 0.56599495 0.5895317125 0.56319065 0.5843960671875 0.5618762421875 0.5791439671874999 0.558896453125 0.57686728125 0.56240270625 0.5848618859375 0.5685377734375 0.591368784375 0.57142981875 0.60050173125 0.57581175625 0.6077976078125 0.571954528125 0.60254550625 0.5689747390625 0.59729340625 0.56599495
0 0.6129594578125 0.5916758843750001 0.6081731765625 0.595357625 0.6033868984375 0.5990393671875001 0.604991059375 0.60394776875 0.608638996875 0.60201915625 0.613308821875 0.59667203125 0.6196992640625 0.5978986953125001 0.62574034375 0.5941292093749999 0.6203717890625 0.5894840390625 0.6129594578125 0.5916758843750001
0 0.23578068281250003 0.49923046875 0.2342929765625 0.4959874484375 0.23052858281250002 0.49625067968750003 0.2266477359375 0.4948485296875 0.2242545953125 0.4966894 0.22311625156249998 0.4984425265625 0.2269971 0.49984467656250003 0.23087794687500002 0.5012468265625001 0.23338754218750002 0.5010713390625 0.23578068281250003 0.49923046875
0 0.5776824656249999 0.574060384375 0.5830510203125 0.5787055546875 0.5878373015625 0.5750238140625 0.583956453125 0.5736216640625 0.579842696875 0.5688887484375 0.5736851640625 0.57099285 0.5776824656249999 0.574060384375
0 0.2502821859375 0.5082575796875 0.25130407187500003 0.5048390703125001 0.2535807578125 0.50133281875 0.25334784843749997 0.498002053125 0.25197659687499996 0.49642441406250004 0.2517436859375 0.49309364999999994 0.251394321875 0.48809750156250004 0.24853536250000002 0.48327684375 0.24751347343750002 0.486695353125 0.2480957484375 0.49502226406250005 0.2483286578125 0.4983530296875 0.247423225 0.5034369203125 0.2436588328125 0.5037001515624999 0.24001089375 0.505628765625 0.238872553125 0.50738189375 0.23796711875 0.512465784375 0.23808357343750003 0.514131165625 0.2383164828125 0.51746193125 0.2384329375 0.5191273140625 0.23878230312499998 0.5241234609375 0.2388987578125 0.5257888421875 0.2415248078125 0.5272787375 0.24426731249999997 0.530434015625 0.24473313281250003 0.53709554375 0.24598793125 0.5370078 0.2510071203125 0.5366568234375 0.251912553125 0.5315729328125001 0.25156318906249997 0.5265767859375 0.25007548125 0.523333765625 0.24960966093749998 0.516672234375 0.249260296875 0.5116760874999999 0.2502821859375 0.5082575796875
0 0.6383028953125 0.6836211390625 0.640463125 0.678449503125 0.636465821875 0.6753819703125 0.6312137234375 0.6724021812500001 0.6343055921875 0.6805536046875 0.6383028953125 0.6836211390625
0 0.6669303281250001 0.6782722609375 0.660656340625 0.67871098125 0.65210566875 0.6826559546875 0.659750909375 0.6837948734375 0.6647700984375 0.6834438984375 0.6711605421875 0.684670559375 0.6749249328125 0.684407328125 0.6770851640625 0.6792356921875 0.6732043156249999 0.6778335421875 0.6669303281250001 0.6782722609375
0 0.454464821875 0.48895916093749997 0.44921272031250004 0.48597937187499995 0.44623730625 0.47949333125000004 0.44314543593750005 0.47134190625 0.4387987703125 0.4632782265625 0.43468501093749995 0.45854531249999997 0.43526728593749997 0.4668722234375 0.43949749843749997 0.47327052187499996 0.44740185468749993 0.49614715625 0.4520978859375 0.5092069828125 0.45676771250000003 0.503859859375 0.45493064062500005 0.49562069218750004 0.454464821875 0.48895916093749997
