1 0.794224121875 0.4851455859375 0.80007570625 0.5064112109375001 0.80165795625 0.47622008437499996 0.799279865625 0.4551364984375 0.7931848578125 0.43851566249999996 0.79184603125 0.4640619984375 0.794224121875 0.4851455859375
1 0.85077371875 0.469479040625 0.8563818796874999 0.49538945312499993 0.8675654171874999 0.5146057421875 0.8766142859375 0.5080936546875 0.864424271875 0.47485198124999994 0.8567142296875 0.45581773124999997 0.847024015625 0.44133725312500005 0.85077371875 0.469479040625
1 0.92941418125 0.464285321875 0.9231974624999999 0.4499868796875 0.9154874203125001 0.43095262968750003 0.915641915625 0.461234775 0.9197567546875 0.48240937968750003 0.92941418125 0.464285321875
1 0.9303223015625001 0.3804970890625 0.8982744453124999 0.460324584375 0.9322549531250001 0.412039671875 0.9322135453125 0.410870253125 0.9303223015625001 0.3804970890625
1 0.9400453000000001 0.42758210781250006 0.9377889203124999 0.4041761265625 0.9322549531250001 0.412039671875 0.9336179437500001 0.45053299375 0.9400453000000001 0.42758210781250006
1 0.8299983265625 0.533595890625 0.8740255593749999 0.52425939375 0.9081191562500001 0.5050872078124999 0.9283187765625 0.48518687031249996 0.93721315 0.4483926375 0.9412952015625 0.43696270468750004 0.9346244218749999 0.464558378125 0.947357421875 0.4209790015625 0.9479331953125 0.376762490625 0.910698453125 0.3561809171875 0.88513409375 0.3455260546875 0.850918784375 0.3670206359375 0.81904878125 0.37699426406250003 0.7734065125 0.383917346875 0.7329744859375 0.39111348437500004 0.69382514375 0.44029475781249994 0.7029067999999999 0.466387209375 0.715096815625 0.49962888281250006 0.722441721875 0.5256303140624999 0.73112545625 0.526085409375 0.7394440578125 0.5335076875 0.7654952640625 0.5348729734375001 0.8299983265625 0.533595890625
0 0.738999428125 0.708142353125 0.7219970921875001 0.7002649796875 0.6930809515624999 0.687105684375 0.6719965640625001 0.69065824375 0.6549942296875 0.6827808703125 0.633268496875 0.6653408625 0.6022504750000001 0.65905773125 0.564042040625 0.6570553125 0.5228469578125 0.645581278125 0.5809226640625 0.66725508125 0.6255912421875001 0.6789111531249999 0.6835452359375 0.7029073484375 0.7174281953125 0.7209844890625 0.7525282703125 0.7158376875 0.7584687796875 0.7021763796875 0.738999428125 0.708142353125
0 0.5405795640625 0.639524284375 0.5645288859375001 0.6477657359375 0.5869848875 0.6512713781249999 0.575314503125 0.6413446656249999 0.5531019265625 0.6331942359375 0.529030890625 0.62727518125 0.5405795640625 0.639524284375
0 0.8282148703125 0.7337768921875 0.8366551812499999 0.7388767765625001 0.8453389171874999 0.7393318718749999 0.8610913515625 0.7378286484375 0.8686468968750001 0.726580753125 0.8675187093750001 0.7148777625 0.8592001078125 0.7074554859375 0.84963160625 0.6906526109375 0.8466449578124999 0.6811809953125 0.8350962875000001 0.6689318906249999 0.8230607703124999 0.6659723625 0.8163572046875001 0.6609634984375 0.8067887031250001 0.6441606234374999 0.8044433968750001 0.6556815765625 0.803713128125 0.6696159421875 0.806456353125 0.6837323453125 0.80883444375 0.7048159328125 0.8066108515625 0.714014490625 0.81307099375 0.72366814375 0.8282148703125 0.7337768921875
0 0.8818667453125 0.6737117984375 0.8900636328125 0.683456471875 0.9006058265625001 0.6816801906250001 0.902707709375 0.674804028125 0.8909156140625001 0.6671997125 0.9000861953125 0.6583652296875 0.8818667453125 0.6737117984375
