0 0.484464371875 0.6745641546875001 0.48926009062500003 0.6814023546875 0.49513840625 0.6932814078125 0.49730360312500005 0.7033631125 0.5043808484375 0.7169517171875001 0.5091765671874999 0.7237899171875 0.5059869390625 0.7070017078124999 0.5027391453125001 0.69187915 0.49931685468750003 0.6817535453125 0.494811965625 0.6665870875000001 0.4889336484375 0.654708034375 0.482764503125 0.6511572375 0.48104208125000003 0.6644385500000001 0.484464371875 0.6745641546875001
1 0.211703153125 0.3398410203125 0.152968665625 0.327783871875 0.13111373125 0.557160875 0.1963438078125 0.5994631421875 0.211703153125 0.3398410203125
0 0.33232021875 0.6342298296875 0.335800675 0.64268978125 0.3400372875 0.6294962671875 0.3417597109375 0.61621495625 0.34324946875 0.6095962484374999 0.3485686796875 0.6014435875 0.353829725 0.5949565765625 0.3592071015625 0.5851382625 0.364700809375 0.5719886468750001 0.35841533281250004 0.571769153125 0.35201352343750003 0.5748809625 0.3466943125 0.5830336234375 0.3426903640625 0.5895645328125 0.33988534375 0.5978049921874999 0.334275303125 0.6142859109375001 0.3326692140625 0.6242359203125 0.33232021875 0.6342298296875
1 0.23289927812500003 0.345584253125 0.2085265859375 0.3947636171875 0.20407036875 0.48633054531250003 0.214466634375 0.5850868625000001 0.30843540625 0.6333957531250001 0.3378008671875 0.5493694062500001 0.3684815875 0.46372130624999996 0.39018814375 0.3827628703125 0.23289927812500003 0.345584253125
0 0.2918023375 0.6411533265625 0.2915696734375 0.64781593125 0.292535940625 0.6561880875 0.29350220625 0.66456024375 0.29955502031250003 0.6714423421875 0.30584049687500003 0.6716618359375001 0.3110433765625 0.6668404765625 0.3037916328125 0.658248828125 0.301800934375 0.6431701671875001 0.2997520703125 0.629757159375 0.297645040625 0.6180098015625 0.2914758953125 0.6144590062499999 0.2925003265625 0.621165509375 0.293408428125 0.6312033171875 0.2918023375 0.6411533265625
1 0.479920303125 0.4442652765625 0.43999714062499995 0.506243065625 0.48687172500000003 0.56958421875 0.5321140984375 0.49945376562500005 0.479920303125 0.4442652765625
1 0.340001675 0.5944736890625 0.350116603125 0.593159228125 0.3578336734375 0.588425665625 0.3644099796875 0.5803169031250001 0.36978735625 0.570498590625 0.3775625921875 0.5640993765625 0.38767752031249997 0.562784915625 0.3940211640625 0.5613387578125 0.396826184375 0.5530982984375 0.3855704921875 0.5510375578125 0.3767126578125 0.55239591875 0.3677384921875 0.5570855828125 0.3587061609375 0.5634408953125 0.352188021875 0.5698840078125 0.34555355 0.5796584218749999 0.33909357500000004 0.5844358828125 0.340001675 0.5944736890625
1 0.4176733125 0.568835440625 0.45358303437499997 0.6217875937499999 0.4792128203125 0.572652128125 0.43090664375000004 0.5142640328125 0.3816247078125 0.555902815625 0.4176733125 0.568835440625
1 0.390608365625 0.44281411875 0.373894578125 0.48892557031250006 0.35335133750000003 0.5365709812499999 0.33497329374999996 0.5942980953125 0.31893494375000003 0.6571099609375 0.3361852828125 0.6677184515625 0.3517808609375 0.5815435671875 0.3783187484375 0.542445909375 0.4233640703125 0.5140006406250001 0.4537314109375 0.4733690265625 0.440834015625 0.44623571718750005 0.399023425 0.418092740625 0.390608365625 0.44281411875
1 0.22210298593750002 0.6187071796875 0.22426818124999998 0.6287888859375 0.23912066406250002 0.6359782765625 0.25014369375 0.644701621875 0.2612830546875 0.6500936640625 0.274878440625 0.65723915625 0.285959634375 0.6642968515625001 0.2921869453125 0.6661819953125 0.3035589703125 0.664911434375 0.306363990625 0.6566709734375 0.30928534218750003 0.6450992125 0.307410975 0.6266892484375 0.3078763015625 0.6133640375 0.3018234890625 0.6064819375 0.29433908125 0.6045528953125 0.2832578859375 0.5974952 0.2696625 0.5903497093750001 0.2560671140625 0.58320421875 0.23978303906249998 0.5809678828125 0.23086704062500002 0.58399189375 0.22674675937500002 0.59385410625 0.22388357499999997 0.6037602171875001 0.22210298593750002 0.6187071796875
0 0.2056182953125 0.47804618593750003 0.2243583921875 0.4820359703125 0.228536840625 0.47050810624999995 0.206083621875 0.464720975 0.2056182953125 0.47804618593750003
1 0.173198521875 0.32515495 0.16702937812500002 0.3216041515625 0.156972615625 0.3212529625 0.1543420921875 0.32449646875 0.1503963078125 0.3293617265625 0.151420740625 0.3360682296875 0.1575898859375 0.3396190265625 0.1625019359375 0.34312592343750004 0.1723842015625 0.34847406875 0.17478206093749998 0.35189316718749997 0.17975227656249998 0.3537344140625 0.1820919703125 0.358819165625 0.18282557187499998 0.3738539265625 0.1812194828125 0.3838039375 0.179729725 0.39042264375 0.17835629687500001 0.3937100484375 0.1857825375 0.3973047421875 0.193325109375 0.397568134375 0.20086768125 0.3978315265625 0.20607056093749998 0.39301016875 0.2101908421875 0.38314795625000003 0.21311219375 0.37157619531249997 0.213403021875 0.3632479375 0.2085491375 0.3580753875 0.2060931125 0.356321940625 0.1987250390625 0.35106159375 0.1912406328125 0.34913254843749997 0.190158034375 0.34409169687499996 0.1878765078125 0.3373412921875 0.1830226234375 0.33216874375 0.173198521875 0.32515495
0 0.222635971875 0.4953172828125 0.22304313125 0.48365772187499995 0.2093314140625 0.47984353437499994 0.20898241875 0.4898374421875 0.222635971875 0.4953172828125
0 0.1788121296875 0.48878387187500005 0.1836078484375 0.4956220734375 0.1883454015625 0.5041259250000001 0.187938240625 0.515785484375 0.192792125 0.520958034375 0.19381655625 0.5276645375 0.1935838921875 0.53432714375 0.19449199374999998 0.5443649500000001 0.195516425 0.5510714546875 0.19528376249999999 0.557734059375 0.1949347671875 0.5677279671875 0.195901034375 0.576100125 0.20355993749999998 0.5730322125 0.20510786250000002 0.5647478546875 0.20688844999999997 0.5498008921875 0.2042223140625 0.5180218187500001 0.2034887109375 0.5029870578125 0.203895871875 0.49132749843749995 0.203104103125 0.4779583890625 0.2035112640625 0.46629882968749997 0.1972257875 0.4660793359375 0.19579419375 0.471032390625 0.18945055156249999 0.47247854843750003 0.18310690937500002 0.47392470624999994 0.1743072421875 0.473617415625 0.17161855312500002 0.478526571875 0.17144405625 0.48352352656250003 0.1788121296875 0.48878387187500005
0 0.251342621875 0.646411171875 0.28213018125 0.6658308046875 0.2860759671875 0.660965546875 0.28408526875 0.6458868875 0.2756345953125 0.6355856875 0.2565455015625 0.6415898125 0.251342621875 0.646411171875
0 0.19952986718750002 0.43614150937499996 0.19982069687499998 0.4278132515625 0.20011152499999998 0.4194849953125 0.20154311875 0.414531940625 0.203032878125 0.40791323281249997 0.19508314375 0.41930940000000005 0.1947341484375 0.429303309375 0.195584084375 0.4410067671875 0.196375853125 0.4543758765625 0.1997981453125 0.46450148125 0.203860259375 0.456304921875 0.200379803125 0.44784496718750005 0.19952986718750002 0.43614150937499996
0 0.2556017875 0.596529428125 0.25227327499999996 0.61976075 0.2672420875 0.6236188390625 0.27524998749999996 0.61055701875 0.268289071875 0.5936371140625 0.2556017875 0.596529428125
0 0.2930012671875 0.6428628765625 0.2899861359375 0.6210777125 0.27981304218749997 0.6240578265625001 0.2811639171875 0.6574586499999999 0.28859015625 0.6610533453125 0.2930012671875 0.6428628765625
0 0.294513578125 0.599555940625 0.2981685328125 0.6030189390625 0.304337678125 0.6065697359375 0.30691003437500003 0.6049918828124999 0.3007990546875 0.5997754343749999 0.2970277703125 0.5996437390625 0.2935473125 0.591183784375 0.2900668546875 0.5827238312499999 0.2866445640625 0.572598228125 0.2818488453125 0.5657600265625 0.2757960328125 0.558877928125 0.2720829109375 0.5570805796875 0.2707094859375 0.560367984375 0.2743062734375 0.565496634375 0.2767041328125 0.5689157359375 0.2803009203125 0.5740443859375 0.2849803078125 0.5842138890624999 0.288460765625 0.5926738421875 0.294513578125 0.599555940625
0 0.3293407015625 0.6474672421875 0.33819853437499997 0.6461088828125 0.34164337968749997 0.6195462578125001 0.34994210625 0.59815618125 0.3580663375 0.5817630609375 0.36356004531249997 0.5686134453125 0.34721780625 0.5680427609375001 0.3275245 0.627391628125 0.3293407015625 0.6474672421875
0 0.2797192625 0.5907008984375001 0.28109269062500003 0.5874134953125 0.276180640625 0.5839065984375 0.266298375 0.578558453125 0.2601292296875 0.57500765625 0.25641610937500003 0.5732103093750001 0.2465338421875 0.567862165625 0.237734175 0.567554875 0.2277937453125 0.56387238125 0.2301334390625 0.5689571328125 0.2350454875 0.57246403125 0.245044084375 0.574480871875 0.2537274203125 0.578119465625 0.264924946875 0.5818458578125 0.27103592656250003 0.5870623046875 0.2797192625 0.5907008984375001
0 0.26004851093750003 0.6133615375 0.2635871328125 0.6201558390625 0.26735841875 0.620287534375 0.2687900125 0.6153344796875 0.267940078125 0.603631021875 0.2668574796875 0.59859016875 0.2594894046875 0.593329821875 0.250747903125 0.5913568796875001 0.2408074734375 0.5876743875 0.233323065625 0.5857453421875001 0.218237921875 0.5852185578125 0.2256641609375 0.588813253125 0.2344056625 0.5907861953125 0.24183190468750002 0.594380890625 0.2517141703125 0.5997290343749999 0.257883315625 0.60327983125 0.260281175 0.60669893125 0.26004851093750003 0.6133615375
0 0.2867965078125 0.604289503125 0.301590825 0.61314454375 0.3053039453125 0.6149418921875001 0.304337678125 0.6065697359375 0.2981685328125 0.6030189390625 0.2907422921875 0.5994242453124999 0.282117121875 0.59412 0.2760061421875 0.5889035515625001 0.2660657125 0.5852210578125 0.257382375 0.5815824640625 0.247500109375 0.5762343203125 0.237559678125 0.572551828125 0.22259086562500002 0.568693740625 0.2262458203125 0.572156740625 0.23612808593749998 0.5775048843749999 0.24606851562499998 0.5811873765625 0.25840680781250003 0.5882889703124999 0.268289071875 0.5936371140625 0.27440005312500004 0.5988535609375 0.2867965078125 0.604289503125
