1 0.5669924187500001 0.4901434734375 0.588363040625 0.4893971953125 0.6007592046875 0.48395291093750004 0.6117817484375 0.47521566093749995 0.6140628890625 0.4684541359375 0.59880295625 0.4639756234375 0.5887461921875 0.4643268140625 0.5761169765624999 0.46309736875 0.5650944328125 0.47183461875 0.5477864125 0.4807913609375 0.5353319828124999 0.4845672125 0.526532315625 0.4848745046875 0.5055695359375 0.49729980781250005 0.4947800421875 0.5127107859375 0.48890240625 0.524609303125 0.5141608390625 0.5270681921875 0.527697575 0.5182431453125 0.542491403125 0.5093742 0.5545962546875 0.49558775625000007 0.5669924187500001 0.4901434734375
1 0.9120705265625 0.3160578125 0.90292128125 0.30635450937500003 0.8888019171874999 0.2984952359375 0.90250455625 0.3665058625 0.91882210625 0.329185775 0.9120705265625 0.3160578125
1 0.8877689890625 0.377043240625 0.8868032078124999 0.38542930000000003 0.89452056875 0.3901712046875 0.8995489515624999 0.389995609375 0.9042860171875 0.381477853125 0.9027376078125 0.37317959218749996 0.8963356046875001 0.370062221875 0.8877689890625 0.377043240625
1 0.7927294171875 0.358646028125 0.78392975 0.3589533203125 0.77907615625 0.3641342109375 0.7759457624999999 0.3826186609375 0.777494171875 0.390916921875 0.7825808171874999 0.392409759375 0.7887497671875 0.3888534015625 0.7958262375 0.3752425515625 0.7991896828125 0.36343183125 0.7927294171875 0.358646028125
0 0.7425285546875 0.398819815625 0.7264776281249999 0.407732659375 0.7030006578125 0.4202457609375 0.7142562531250001 0.4181822390625 0.7229393953125001 0.4145380828125 0.7340784640625 0.4091376984375 0.7440187 0.40544964375000003 0.756356603125 0.3983369296875 0.757497171875 0.39495616718750004 0.7425285546875 0.398819815625
0 0.645190075 0.530844884375 0.6514172874999999 0.528956959375 0.666036328125 0.5150827171875 0.6596925890625001 0.513633778125 0.6523830687500001 0.5205709 0.64244283125 0.5242589546875001 0.645190075 0.530844884375
0 0.8762556515625001 0.335683628125 0.8539775125 0.3464843984375 0.8254721609375 0.35917309375 0.7994809968750001 0.371773990625 0.8022865031249999 0.38002835468749996 0.823249284375 0.3676030515625 0.8504392796875001 0.353289821875 0.866548465625 0.3460454109375 0.8762556515625001 0.335683628125
0 0.6499518296875 0.5590765328125 0.67822413125 0.5397141109375 0.6669685359375 0.5417776296875 0.659542490625 0.5453778875 0.6521747062500001 0.550646575 0.649718778125 0.55240280625 0.6499518296875 0.5590765328125
0 0.7978654406250001 0.4336376765625 0.8005544203125 0.438555175 0.8154065125000001 0.43135466093749997 0.8326562703124999 0.4207294859375 0.8598462640625 0.4064162578125 0.8597297390625 0.40307939375 0.834995671875 0.41563639375 0.7978654406250001 0.4336376765625
0 0.6485041421875 0.44553535312500003 0.6435340234375 0.44737938125000004 0.63365205 0.4527358671875 0.626226003125 0.45633612343749996 0.6289732453125 0.4629220546875 0.6485041421875 0.44553535312500003
0 0.7636661234375001 0.3913998078125 0.7474986734375 0.3969757875 0.736359603125 0.402376171875 0.720308678125 0.41128901874999996 0.7279095125 0.41269405781249996 0.7636661234375001 0.3913998078125
0 0.8115187 0.4281494921875 0.8027772953125 0.4301252171875 0.792953584375 0.4371501359375 0.7793585859375 0.44430674843749995 0.76450649375 0.4515072625 0.75468278125 0.45853217968750004 0.7450338609375 0.47056239531250005 0.7500039796875 0.46871836875 0.8123855390625 0.4276796265625 0.8115187 0.4281494921875
0 0.716344834375 0.5500761734374999 0.715495578125 0.561799096875 0.7230381515625 0.5615357046875 0.7214314765625 0.551569009375 0.716344834375 0.5500761734374999
0 0.741237884375 0.4339446859375 0.7435772875 0.42885159218749996 0.7373500734375 0.43073951875 0.737583125 0.437413246875 0.7414709359375 0.44061841562500004 0.741237884375 0.4339446859375
