0 0.4930467765625 0.4 0.49683944375 0.4 0.5006321109375 0.3966386546875 0.49936788906249996 0.389915965625 0.491782553125 0.38823529375 0.49051833125 0.3949579828125 0.4930467765625 0.4
0 0.43109987343749995 0.5008403359375 0.4298356515625 0.49915966406249995 0.42730720624999996 0.49915966406249995 0.42604298281249997 0.5008403359375 0.42604298281249997 0.50420168125 0.428571428125 0.505882353125 0.4298356515625 0.505882353125 0.43109987343749995 0.505882353125 0.43362831875 0.505882353125 0.43362831875 0.5025210078125 0.43109987343749995 0.5008403359375
0 0.43109987343749995 0.47226890781249997 0.43109987343749995 0.47394957968750007 0.43362831875 0.47563025156250005 0.43615676406250004 0.47563025156250005 0.43615676406250004 0.47226890781249997 0.43489254062500005 0.4705882359375 0.43236409531250003 0.4705882359375 0.43109987343749995 0.47226890781249997
0 0.4551201015625 0.49243697500000005 0.45638432343749996 0.49411764687500004 0.45764854687499995 0.49411764687500004 0.45891276875000003 0.49075630312499996 0.45764854687499995 0.4873949578125 0.45638432343749996 0.4873949578125 0.4551201015625 0.48907562968749996 0.4551201015625 0.49243697500000005
0 0.3109987359375 0.5243697484375 0.3109987359375 0.5294117640625 0.3122629578125 0.53445378125 0.3122629578125 0.5361344531250001 0.31352718125 0.5394957984375 0.31352718125 0.5411764703124999 0.314791403125 0.544537815625 0.31605562656249997 0.5462184875 0.31858407031249997 0.5462184875 0.31858407031249997 0.5411764703124999 0.31858407031249997 0.5361344531250001 0.31858407031249997 0.53445378125 0.31984829375 0.53445378125 0.31984829375 0.5260504203124999 0.31984829375 0.522689075 0.321112515625 0.521008403125 0.321112515625 0.517647059375 0.31984829375 0.5142857140625 0.31984829375 0.5126050421875 0.31858407031249997 0.509243696875 0.3173198484375 0.507563025 0.31352718125 0.509243696875 0.3122629578125 0.5126050421875 0.308470290625 0.5126050421875 0.30720606875 0.5159663859375 0.308470290625 0.517647059375 0.3097345125 0.51932773125 0.3109987359375 0.522689075 0.3109987359375 0.5243697484375
0 0.378002528125 0.6201680671875 0.378002528125 0.625210084375 0.38053097343750003 0.6235294125 0.38053097343750003 0.6201680671875 0.378002528125 0.6201680671875
0 0.4551201015625 0.4436974796875 0.4551201015625 0.44201680625 0.453855878125 0.440336134375 0.451327434375 0.440336134375 0.44753476562500005 0.4386554625 0.44374209843749995 0.436974790625 0.441213653125 0.4336134453125 0.438685209375 0.4336134453125 0.438685209375 0.436974790625 0.43994943124999997 0.4386554625 0.44374209843749995 0.44201680625 0.44753476562500005 0.4436974796875 0.451327434375 0.4436974796875 0.4551201015625 0.4436974796875
0 0.3603034140625 0.6554621843749999 0.3603034140625 0.6571428578125 0.3603034140625 0.6588235296875 0.3615676359375 0.6588235296875 0.3615676359375 0.6571428578125 0.3628318578125 0.6571428578125 0.3628318578125 0.6554621843749999 0.3615676359375 0.6554621843749999 0.3603034140625 0.6554621843749999
0 0.359039190625 0.425210084375 0.359039190625 0.42689075625 0.3603034140625 0.42689075625 0.3603034140625 0.425210084375 0.3603034140625 0.42352941250000004 0.359039190625 0.42352941250000004 0.359039190625 0.425210084375
0 0.44500632187500005 0.5277310921875 0.44879898906250004 0.5277310921875 0.44879898906250004 0.522689075 0.44500632187500005 0.521008403125 0.4424778765625 0.5243697484375 0.44374209843749995 0.5277310921875 0.44500632187500005 0.5277310921875
0 0.43615676406250004 0.5126050421875 0.438685209375 0.5109243703125 0.4374209859375 0.509243696875 0.43489254062500005 0.507563025 0.43236409531250003 0.509243696875 0.43362831875 0.5126050421875 0.43615676406250004 0.5126050421875
0 0.428571428125 0.51932773125 0.428571428125 0.517647059375 0.42730720624999996 0.5159663859375 0.4247787609375 0.5159663859375 0.42351453906250003 0.517647059375 0.4247787609375 0.51932773125 0.428571428125 0.51932773125
0 0.5309734515625 0.49411764687500004 0.53476611875 0.49411764687500004 0.5372945640625 0.49243697500000005 0.53476611875 0.48907562968749996 0.529709228125 0.48907562968749996 0.527180784375 0.49243697500000005 0.5309734515625 0.49411764687500004
0 0.38053097343750003 0.6722689078124999 0.38053097343750003 0.678991596875 0.384323640625 0.677310925 0.384323640625 0.6739495796875 0.38053097343750003 0.6722689078124999
0 0.365360303125 0.6722689078124999 0.3666245265625 0.6722689078124999 0.3678887484375 0.6705882359374999 0.3666245265625 0.6689075625 0.365360303125 0.6689075625 0.36409608125 0.6705882359374999 0.365360303125 0.6722689078124999
0 0.3312262953125 0.628571428125 0.333754740625 0.628571428125 0.333754740625 0.625210084375 0.333754740625 0.6201680671875 0.3312262953125 0.6184873953125 0.3299620734375 0.6235294125 0.3312262953125 0.628571428125
1 0.25916561250000003 0.5613445375 0.2604298359375 0.5815126046875 0.2616940578125 0.601680671875 0.27686472812499996 0.610084034375 0.27686472812499996 0.5966386546875 0.27812895000000004 0.563025209375 0.27812895000000004 0.5411764703124999 0.27560050625 0.5277310921875 0.2730720609375 0.5109243703125 0.27180783750000004 0.49411764687500004 0.26927939375 0.47563025156250005 0.2680151703125 0.4621848734375 0.2680151703125 0.45546218437499997 0.2680151703125 0.452100840625 0.2604298359375 0.4621848734375 0.25663716875000003 0.47394957968750007 0.25916561250000003 0.49243697500000005 0.2541087234375 0.505882353125 0.2541087234375 0.51932773125 0.257901390625 0.532773109375 0.2616940578125 0.5428571421874999 0.25916561250000003 0.5613445375
1 0.3097345125 0.4621848734375 0.29835651093750004 0.4571428578125 0.28824273125 0.4605042015625 0.3059418453125 0.505882353125 0.3109987359375 0.5411764703124999 0.31605562656249997 0.5411764703124999 0.31858407031249997 0.521008403125 0.31858407031249997 0.50420168125 0.3173198484375 0.48067226874999996 0.3097345125 0.4621848734375
0 0.4197218703125 0.6655462187500001 0.42604298281249997 0.6571428578125 0.3868520859375 0.5142857140625 0.3817951953125 0.5428571421874999 0.3855878640625 0.563025209375 0.390644753125 0.5966386546875 0.3994943109375 0.62689075625 0.40960809062500003 0.6571428578125 0.4197218703125 0.6655462187500001
0 0.36409608125 0.363025209375 0.36409608125 0.37310924375 0.3615676359375 0.3798319328125 0.3603034140625 0.3915966390625 0.3565107453125 0.38487395 0.3539823015625 0.37478991562499997 0.352718078125 0.3663865546875 0.3539823015625 0.389915965625 0.3539823015625 0.40672268906250003 0.352718078125 0.43025210156249993 0.359039190625 0.41176470624999995 0.36409608125 0.3949579828125 0.3666245265625 0.3798319328125 0.3678887484375 0.3647058828125 0.365360303125 0.34957983125 0.36409608125 0.3411764703125 0.3615676359375 0.34957983125 0.36409608125 0.363025209375
