1 0.8684210531250001 0.35664335625 0.889473684375 0.36829836875 0.8982456140625 0.347319346875 0.8947368421874999 0.3240093234375 0.8929824562500001 0.29370629375 0.8789473687499999 0.2983682984375 0.85087719375 0.29370629375 0.8596491234375 0.3240093234375 0.8684210531250001 0.35664335625
0 0.8192982453125 0.4988344984375 0.8140350875 0.48484848437499994 0.8017543859374999 0.49417249375 0.7877192984375 0.4825174828125 0.789473684375 0.4988344984375 0.8017543859374999 0.5104895109375 0.8192982453125 0.4988344984375
0 0.803508771875 0.31934731875 0.789473684375 0.3263403265625 0.789473684375 0.35664335625 0.803508771875 0.35664335625 0.803508771875 0.31934731875
0 0.8087719296874999 0.47785547812500007 0.810526315625 0.41958042031250004 0.7964912281250001 0.3706293703125 0.77894736875 0.340326340625 0.771929825 0.3613053609375 0.789473684375 0.40093240156250004 0.7929824562500001 0.44988345 0.7982456140624999 0.475524475 0.8087719296874999 0.47785547812500007
0 0.7736842109375 0.49417249375 0.7736842109375 0.4382284375 0.7596491234375 0.4428904421875 0.7578947375 0.5291375296874999 0.771929825 0.5268065265625 0.7736842109375 0.49417249375
0 0.768421053125 0.45221445156250006 0.7842105265625 0.4615384609375 0.7807017546874999 0.43589743593749997 0.768421053125 0.45221445156250006
0 0.738596490625 0.47319347343749996 0.731578946875 0.44755244687499995 0.72105263125 0.43589743593749997 0.710526315625 0.475524475 0.72105263125 0.5104895109375 0.738596490625 0.47319347343749996
1 0.561403509375 0.671328671875 0.56491228125 0.60606060625 0.5298245609375 0.559440559375 0.49473684218749997 0.571095571875 0.45087719374999996 0.7016317015625 0.5157894734374999 0.7039627046875 0.561403509375 0.671328671875
0 0.517543859375 0.6853146859375 0.5228070171875 0.6293706296875 0.5263157890625 0.5897435890625 0.5157894734374999 0.585081584375 0.49824561406249995 0.6200466203125 0.503508771875 0.6853146859375 0.517543859375 0.6853146859375
0 0.371929825 0.8041958046875 0.375438596875 0.734265734375 0.3578947375 0.734265734375 0.3473684203125 0.752913753125 0.3561403515625 0.8041958046875 0.371929825 0.8041958046875
0 0.31403508750000003 0.7179487171875001 0.3 0.7296037296875 0.27719298281250004 0.7272727265625 0.2877192984375 0.7645687640625 0.3192982453125 0.7435897437500001 0.31403508750000003 0.7179487171875001
0 0.35087719375000004 0.7202797203125 0.3333333328125 0.73193473125 0.3368421046875 0.7622377625000001 0.35087719375000004 0.7482517484375 0.35087719375000004 0.7202797203125
0 0.2596491234375 0.7179487171875001 0.24210526250000003 0.70629370625 0.23157894687499997 0.7202797203125 0.2473684203125 0.7389277390625 0.2596491234375 0.7179487171875001
0 0.289473684375 0.6573426578125 0.2666666671875 0.68065268125 0.25789473749999997 0.7109557109375 0.2877192984375 0.6923076921875 0.289473684375 0.6573426578125
0 0.30701754375 0.6480186484375 0.2912280703125 0.6620046625 0.296491228125 0.696969696875 0.30701754375 0.689976690625 0.30701754375 0.6480186484375
