0 0.44502975312500004 0.6737727078125 0.470544025 0.6612776046875 0.4506228359375 0.6572354218750001 0.425166921875 0.668059303125 0.42583568749999995 0.6848152578125 0.44502975312500004 0.6737727078125
0 0.5068091359375 0.5922670859375 0.5130709828125 0.5924857546875 0.5108580453125 0.5840421765625 0.5038107125 0.5704099984375001 0.49946999999999997 0.5869910171875 0.5068091359375 0.5922670859375
0 0.5758960953125001 0.552848153125 0.5622951125 0.5473534156250001 0.5277808125 0.5662272703125 0.5073927390625 0.5755548640625 0.5128959015625 0.597499421875 0.51944955 0.5893619796875 0.5285079390625 0.5813120031250001 0.5332256140625 0.58984305 0.5537304093750001 0.5771730125000001 0.5791279609375 0.568020353125 0.5758960953125001 0.552848153125
0 0.5928188624999999 0.5350332484375 0.5838188343749999 0.5414120015624999 0.5871674203125 0.55324175625 0.5986138265625 0.54862169375 0.5928188624999999 0.5350332484375
0 0.49375544062500004 0.6788207671875 0.507154540625 0.6541897718749999 0.5113785328125 0.640951196875 0.483184440625 0.6583724984375 0.47770807968750006 0.671567340625 0.48236739531249995 0.6817696062499999 0.4756970265625 0.69324949375 0.46538626875 0.7012557359375 0.463491934375 0.7195954437500001 0.47202507968749996 0.72658646875 0.49375544062500004 0.6788207671875
0 0.451578646875 0.7375852843749999 0.45848245781249997 0.719420509375 0.473600809375 0.6814634703125 0.47400933125 0.6697649171875 0.45085152031250003 0.7225005515625 0.451578646875 0.7375852843749999
0 0.4178230296875 0.7347332515625 0.4292110765625 0.7317844109375 0.445550240625 0.730681728125 0.44464803281250004 0.7206106609375 0.43457071562499994 0.7219320125 0.41697918281249996 0.7229909625000001 0.4178230296875 0.7347332515625
0 0.62619275625 0.5847232328125 0.6316691171875 0.5715283921875 0.6165823234375 0.572674809375 0.62619275625 0.5847232328125
0 0.6343757390625 0.601741590625 0.6398520999999999 0.5885467484375 0.6297747828125 0.5898681015625 0.6343757390625 0.601741590625
0 0.5272823703125 0.61640766875 0.52005995625 0.60778915625 0.52174765 0.6312737328125 0.5282429390625001 0.6248075125 0.5272823703125 0.61640766875
0 0.548747734375 0.6121374765625001 0.5603108609375 0.60417496875 0.5844560421875 0.5949785750000001 0.578485996875 0.586403796875 0.565787221875 0.5909801265625 0.5425442453125 0.6102475843749999 0.548747734375 0.6121374765625001
0 0.6352195859374999 0.613483878125 0.6306769906249999 0.5999391671875001 0.6222605671875 0.5896056984375 0.615329953125 0.572631075 0.6013204484375 0.5788348921875001 0.588329871875 0.5917673328124999 0.5983488265625 0.592117203125 0.608659584375 0.5841109609374999 0.6158819984374999 0.592729475 0.6216769625 0.6063179203125 0.6163173234375 0.61617031875 0.6247337468749999 0.6265037859375 0.6352195859374999 0.613483878125
1 0.944048625 0.3515270296875 0.9360990843750001 0.3278237828125 0.927682659375 0.317490315625 0.9134980734375 0.32870779843750003 0.8981778390624999 0.33653910468750003 0.8878087203125 0.34621656875 0.8822156390625 0.3627538546875 0.8901068203125 0.388128321875 0.881600478125 0.4162766953125 0.8864616765625 0.45660469531250003 0.8967724328125 0.4485984546875 0.9014049468750001 0.42366132343749996 0.9083087578125 0.40549654999999996 0.9224933453125 0.39427906562500004 0.9403183187499999 0.3865352265625 0.9419792109375 0.3748804046875 0.944048625 0.3515270296875
