1 0.6348733234374999 0.871021775 0.611028315625 0.871021775 0.5976155000000001 0.8726968171875 0.58122205625 0.8726968171875 0.5588673625 0.874371859375 0.5469448578125 0.874371859375 0.529061103125 0.871021775 0.5126676609375 0.8726968171875 0.508196721875 0.8777219437499999 0.5037257828125 0.88777219375 0.6050670640625 0.8894472359375 0.6125186296875 0.8777219437499999 0.6348733234374999 0.871021775
0 0.269746646875 0.7051926296875 0.2667660203125 0.6934673359375 0.2652757078125 0.7135678390625 0.2637853953125 0.7185929640625 0.26229508125 0.728643215625 0.2742175859375 0.7169179234375 0.27123695937500003 0.71524288125 0.269746646875 0.7051926296875
0 0.29210134062500004 0.6968174203124999 0.29210134062500004 0.7001675046875 0.2965722796875 0.695142378125 0.2965722796875 0.68676716875 0.2950819671875 0.673366834375 0.29210134062500004 0.6716917921875 0.29210134062500004 0.6968174203124999
0 0.2250372578125 0.7035175875 0.2235469453125 0.7085427140625 0.22801788437499998 0.7102177546874999 0.232488821875 0.7169179234375 0.23695976093749999 0.7185929640625 0.2354694484375 0.7135678390625 0.232488821875 0.7102177546874999 0.232488821875 0.7035175875 0.22801788437499998 0.7018425453125 0.2250372578125 0.7035175875
0 0.20864381562499998 0.6968174203124999 0.20566318906249997 0.6934673359375 0.2041728765625 0.7001675046875 0.20566318906249997 0.7051926296875 0.20864381562499998 0.7135678390625 0.2131147546875 0.711892796875 0.20864381562499998 0.7018425453125 0.20864381562499998 0.6968174203124999
0 0.168405365625 0.68676716875 0.16095379999999998 0.68174204375 0.15201192187499998 0.6783919593750001 0.17138599062499998 0.6917922953125 0.187779434375 0.7018425453125 0.1952309984375 0.706867671875 0.198211625 0.7035175875 0.187779434375 0.695142378125 0.17883755625 0.690117253125 0.17287630468749998 0.6884422109375 0.168405365625 0.68676716875
0 0.2444113265625 0.7135678390625 0.2429210140625 0.7135678390625 0.2414307 0.7219430484375 0.2444113265625 0.723618090625 0.2459016390625 0.7303182578125 0.2473919515625 0.728643215625 0.2459016390625 0.72026800625 0.2444113265625 0.7135678390625
0 0.1743666171875 0.6298157453125001 0.1743666171875 0.6180904515625001 0.1758569296875 0.6130653265625 0.1758569296875 0.6046901171875 0.1773472421875 0.5996649921875 0.1758569296875 0.5929648234375 0.1743666171875 0.5879396984375 0.1758569296875 0.5795644890625 0.17287630468749998 0.5695142375 0.17287630468749998 0.561139028125 0.169895678125 0.5762144046875 0.17138599062499998 0.594639865625 0.17287630468749998 0.6097152421875001 0.17138599062499998 0.6164154109375 0.17138599062499998 0.6214405359375 0.168405365625 0.6247906203125 0.17138599062499998 0.6348408703125 0.1743666171875 0.65326633125 0.1743666171875 0.6649916250000001 0.1758569296875 0.6716917921875 0.1773472421875 0.68174204375 0.18032786875 0.68676716875 0.18181818125 0.6850921265625 0.17883755625 0.6716917921875 0.17883755625 0.6649916250000001 0.1758569296875 0.6465661640625 0.1743666171875 0.6298157453125001
0 0.168405365625 0.6432160796875 0.169895678125 0.6365159125 0.1669150515625 0.6281407031249999 0.1669150515625 0.6247906203125 0.1654247390625 0.61976549375 0.1624441125 0.623115578125 0.16393442656249999 0.6331658296875 0.1654247390625 0.644891121875 0.168405365625 0.6683417078125 0.17138599062499998 0.6800670015625 0.17138599062499998 0.6716917921875 0.17138599062499998 0.661641540625 0.169895678125 0.6515912890625 0.168405365625 0.6432160796875
0 0.14605067031250002 0.6465661640625 0.14605067031250002 0.6549413734375 0.14605067031250002 0.67001675 0.150521609375 0.67001675 0.149031296875 0.6499162484375 0.14605067031250002 0.6465661640625
0 0.211624440625 0.7336683421875 0.21758569374999998 0.7386934671875001 0.2250372578125 0.740368509375 0.2235469453125 0.737018425 0.21907600624999998 0.7353433828125 0.211624440625 0.7336683421875
0 0.168405365625 0.5929648234375 0.1564828609375 0.5829145734375001 0.15499254843750002 0.58626465625 0.16393442656249999 0.594639865625 0.168405365625 0.5929648234375
0 0.169895678125 0.577889446875 0.169895678125 0.5695142375 0.17287630468749998 0.5628140703125 0.169895678125 0.5544388609374999 0.16393442656249999 0.5577889453125 0.1624441125 0.5678391953124999 0.169895678125 0.577889446875
0 0.1594634875 0.5745393640625001 0.169895678125 0.5829145734375001 0.169895678125 0.5795644890625 0.1624441125 0.572864321875 0.1594634875 0.5745393640625001
0 0.16393442656249999 0.59798995 0.1535022359375 0.5879396984375 0.15201192187499998 0.5912897828125 0.16095379999999998 0.5996649921875 0.16393442656249999 0.59798995
0 0.131147540625 0.7035175875 0.14008941875 0.7051926296875 0.1326378546875 0.6649916250000001 0.1251862890625 0.6599664984375 0.131147540625 0.7035175875
0 0.20566318906249997 0.7303182578125 0.2041728765625 0.7336683421875 0.20715350156249998 0.740368509375 0.20715350156249998 0.7554438859375 0.2041728765625 0.7638190953125 0.21013412812499999 0.7654941375 0.21013412812499999 0.7353433828125 0.20864381562499998 0.7336683421875 0.20566318906249997 0.7303182578125
0 0.1997019375 0.7303182578125 0.1967213109375 0.7303182578125 0.1967213109375 0.740368509375 0.198211625 0.745393634375 0.1997019375 0.7504187609375 0.2026825640625 0.7504187609375 0.20119225 0.7470686765625 0.20119225 0.7420435515625 0.198211625 0.740368509375 0.1997019375 0.7303182578125
0 0.1847988078125 0.723618090625 0.18181818125 0.7219430484375 0.18181818125 0.7269681734375 0.1847988078125 0.7303182578125 0.18330849531249999 0.740368509375 0.1847988078125 0.7470686765625 0.190760059375 0.745393634375 0.189269746875 0.7420435515625 0.187779434375 0.7319933 0.1862891203125 0.728643215625 0.1847988078125 0.723618090625
0 0.17883755625 0.7437185921875 0.17883755625 0.7470686765625 0.1758569296875 0.74874371875 0.1773472421875 0.75376884375 0.1862891203125 0.7470686765625 0.18181818125 0.7420435515625 0.17883755625 0.7437185921875
0 0.1654247390625 0.752093803125 0.1624441125 0.7571189281249999 0.168405365625 0.7587939703125001 0.1743666171875 0.752093803125 0.169895678125 0.752093803125 0.1654247390625 0.752093803125
0 0.20119225 0.8023450593750001 0.18330849531249999 0.8090452265625 0.2131147546875 0.8341708546875 0.21013412812499999 0.8274706875 0.2026825640625 0.8224455609374999 0.20119225 0.81574539375 0.20119225 0.8023450593750001
1 0.1430700453125 0.611390284375 0.14754098437500002 0.623115578125 0.16095379999999998 0.623115578125 0.16095379999999998 0.6097152421875001 0.14605067031250002 0.603015075 0.1430700453125 0.611390284375
0 0.1341281671875 0.606365159375 0.128166915625 0.589614740625 0.1251862890625 0.5996649921875 0.131147540625 0.611390284375 0.1341281671875 0.606365159375
