1 0.6214614421875 0.517948515625 0.6372052 0.47883513281249995 0.6612002140625 0.45441675625 0.6895867875 0.42922402968749995 0.7146174734375 0.410679259375 0.7178147828125 0.3838718578125 0.7143905984375001 0.32593215 0.702155225 0.30790216875 0.6818552453125 0.2569756015625 0.6669202875 0.21721548125 0.6477864921875 0.2306829890625 0.6401976234375 0.2582647421875 0.626960721875 0.2666549875 0.61366160625 0.281112425 0.6018056046875 0.29733414375 0.5894458 0.2914385484375 0.5797855796875 0.30727309062499997 0.56661089375 0.3095961421875 0.5521175234375 0.29802053125 0.5328251515625 0.2913285921875 0.5169228140625 0.3102825296875 0.5140085140624999 0.34511499218749997 0.514450103125 0.3732994984375 0.5099341093749999 0.3862082359375 0.5029734734375 0.42377291718750004 0.49475636874999995 0.441371740625 0.48098759687500003 0.4660056953125 0.46693581562500003 0.4826145890625 0.4561777046875 0.4986427203125 0.44796060000000004 0.5162415421875 0.4363876078125 0.5404883218750001 0.427825278125 0.556129278125 0.4238753046875 0.5850881343750001 0.4341356921875 0.6175975453125 0.4436434125 0.6522584109375 0.45471259999999997 0.60589431875 0.4676323453125 0.55718518125 0.49046725156250004 0.539027584375 0.513709596875 0.516760665625 0.555146425 0.5013792718750001 0.600035503125 0.5055765609375 0.6214614421875 0.517948515625
0 0.4656793453125 0.46264872968750004 0.47232890312500003 0.4554200125 0.48418490625 0.43919829374999997 0.49535045625 0.4190608390625 0.4995212234375 0.40419423437499996 0.4977950984375 0.39440489218749997 0.4876652234375 0.420415953125 0.476278878125 0.4264611546875 0.472108109375 0.4413277578125 0.4653963359375 0.45462367031250006 0.4487413328125 0.4757290625 0.43663647031249997 0.516219553125 0.45300846406249995 0.487089096875 0.4656793453125 0.46264872968750004
0 0.4838116125 0.47560145 0.48183662656250004 0.490080878125 0.48575853125 0.49948304375 0.49140656250000003 0.5186745515625 0.49366455781249996 0.512220184375 0.49015009374999996 0.4987086921875 0.48773351875 0.485003615625 0.48820317500000004 0.4748270984375 0.4838116125 0.47560145
0 0.456550996875 0.4622395640625 0.3950691296875 0.473080475 0.41661950000000003 0.4733180453125 0.443314096875 0.470629809375 0.456550996875 0.4622395640625
0 0.6890329265624999 0.55448361875 0.7007644984375 0.5503962859375 0.7004814875 0.5423712234375 0.6876520265625 0.5466521453125 0.683543475 0.5554515578125 0.6890329265624999 0.55448361875
0 0.7202154484375 0.5772476703125 0.712530215625 0.578602784375 0.715292015625 0.5942657296875 0.7200288031250001 0.595449246875 0.7202154484375 0.5772476703125
0 0.6514777781250001 0.4763184921875 0.64043665625 0.4843215609375 0.6433228875 0.4878501234375 0.6514155609375 0.48238568437499996 0.6514777781250001 0.4763184921875
0 0.7051719671875001 0.3699512 0.701187846875 0.36661622656250004 0.6913409796875001 0.400652346875 0.6708885015625 0.40022119062500006 0.660820840625 0.42016505625 0.662829975 0.437979459375 0.6648671765625 0.4174328375 0.6722694015624999 0.4080526625 0.6923766546875 0.40652595312499995 0.7051719671875001 0.3699512
0 0.5141731734375 0.43592929375 0.546702446875 0.4342309875 0.566464475 0.4307464078125 0.586005709375 0.41316957499999996 0.6031023015625 0.4202486890625 0.61812754375 0.41558059218750004 0.63989870625 0.42991041562500004 0.6410588109375001 0.4236496359375 0.6189424234375001 0.40736194374999996 0.6039171828125001 0.41203004062500004 0.5879184796875 0.4047573390625 0.5687224718749999 0.42429203906249996 0.55849623125 0.42407646093749995 0.5500583328124999 0.42758303125 0.51608594375 0.42751705781249993 0.5141731734375 0.43592929375
0 0.562287628125 0.37495815625 0.5534422875 0.38257405 0.55667374375 0.38806048125000003 0.5647664171875 0.3825960421875 0.562287628125 0.37495815625
0 0.55770941875 0.393934084375 0.5445347328125 0.3962571375 0.5481114140625001 0.403701434375 0.5576472046875 0.40000127812499997 0.55770941875 0.393934084375
1 0.447677590625 0.5082164828125 0.45849791562500003 0.486121159375 0.4696012515625 0.472050896875 0.479261471875 0.45621635468750005 0.49666914218749997 0.4329595046875 0.5061085671875001 0.40303270781249995 0.4988929890625 0.3942113046875 0.48606352968750005 0.398492225 0.47235697187500003 0.41705898750000003 0.4607839796875 0.44130576718750003 0.452629090625 0.452837396875 0.4310787234375 0.452599828125 0.41536303124999996 0.4533521875 0.40385225468749997 0.47153177343749997 0.41135084062500005 0.4883782390625 0.41486530781250003 0.501889728125 0.4278533453125 0.5177682546875 0.4351311390625 0.5205224640624999 0.447677590625 0.5082164828125
1 0.6786139625 0.5018147625 0.68115496875 0.50338545625 0.6815624078125 0.49927613125 0.6790214015625 0.49770543749999996 0.6786139625 0.5018147625
1 0.710860225 0.49209139375 0.71340123125 0.4936620875 0.7152517875 0.49131704374999996 0.713463446875 0.48759489531250005 0.710860225 0.49209139375
1 0.72469729375 0.5320451015625001 0.7218110624999999 0.528516540625 0.7203057312500001 0.532819453125 0.7228467375000001 0.5343901468750001 0.72469729375 0.5320451015625001
1 0.6777649328125 0.4777395796875 0.6748787015625 0.47421101875 0.6744712625 0.4783203421875 0.6759143765625 0.4800846234375 0.6777649328125 0.4777395796875
1 0.7683860375 0.439554484375 0.7648093578124999 0.4321101875 0.7636492515625 0.43837096718749996 0.7654375921875001 0.4420931171875 0.7683860375 0.439554484375
1 0.745924425 0.42130892500000006 0.7437286453125 0.4216961 0.7444190953125001 0.4256118375 0.746614875 0.4252246609375 0.745924425 0.42130892500000006
1 0.7485898625 0.41074523125000006 0.74639408125 0.41113240781249993 0.74708453125 0.4150481453125 0.7492803125 0.41466096874999997 0.7485898625 0.41074523125000006
1 0.7491217328124999 0.3945015234375 0.7469259515625 0.3948886984375 0.747616403125 0.3988044359375 0.749812184375 0.39841726093749996 0.7491217328124999 0.3945015234375
1 0.7504684859374999 0.3700391640625 0.7493705953124999 0.3702327515625 0.7497158203125001 0.3721906203125 0.7508137109375 0.3719970328125 0.7504684859374999 0.3700391640625
1 0.740338609375 0.396050225 0.738142828125 0.3964374 0.7388332796875 0.40035313749999996 0.7410290609375 0.3999659625 0.740338609375 0.396050225
1 0.7308028203125 0.3997503828125 0.7319007125 0.3995567953125 0.7315554875 0.3975989265625 0.7304575953125 0.3977925140625 0.7308028203125 0.3997503828125
1 0.73497966875 0.45553863281250007 0.731685996875 0.45611939531249995 0.732376446875 0.46003513281249997 0.73567011875 0.45945437031249997 0.73497966875 0.45553863281250007
