0 0.1706233390625 0.5716683578125 0.17084240781249999 0.5591179687500001 0.16944791718750002 0.5486317828125 0.1706233390625 0.5716683578125
0 0.18496280625 0.5635491781249999 0.184853271875 0.5698243734374999 0.18467071562499998 0.5802830296875 0.186320784375 0.5761270953125 0.18496280625 0.5635491781249999
0 0.197287090625 0.58050325 0.1971410453125 0.5888701765625 0.1970315109375 0.5951453718749999 0.20033165 0.5868335 0.197287090625 0.58050325
0 0.236567215625 0.5895583640625001 0.23506319062499997 0.5853473734375 0.234880634375 0.5958060296875 0.236567215625 0.5895583640625001
0 0.212619421875 0.6058793046875001 0.21089633124999999 0.6142187031249999 0.21548142656249997 0.6226682109375 0.21405042500000002 0.614273759375 0.212619421875 0.6058793046875001
0 0.18144359999999998 0.5844114406250001 0.181334065625 0.590686634375 0.1828015796875 0.5969893578125001 0.18448815937500002 0.5907416890625 0.18144359999999998 0.5844114406250001
0 0.1873501625 0.607530596875 0.18910976562499998 0.5970994671875001 0.1860286953125 0.5928609484375 0.18588264999999998 0.601227875 0.187240628125 0.6138057921875 0.1873501625 0.607530596875
0 0.1579339421875 0.5756316015625 0.15158924375 0.577613221875 0.1514066859375 0.58807188125 0.15771487343749999 0.588181990625 0.1579339421875 0.5756316015625
0 0.13024081406250002 0.5353932078125 0.13640295625 0.5438702421875 0.14120711875 0.5397693625 0.1349354421875 0.537567521875 0.13508148749999999 0.52920059375 0.1287733 0.529090484375 0.13024081406250002 0.5353932078125
0 0.145536634375 0.5628609921875001 0.139228446875 0.5627508812500001 0.1390824015625 0.571117809375 0.1438135421875 0.5712003906249999 0.145536634375 0.5628609921875001
0 0.12837167656249998 0.5520995328125 0.12364053593749999 0.55201695 0.12345797968750001 0.5624756078125001 0.1297661671875 0.5625857171875001 0.12837167656249998 0.5520995328125
0 0.1443612125 0.5398244171875 0.159949125 0.55055835 0.1772601296875 0.552952884375 0.1758291265625 0.5445584296875 0.155437053125 0.537925378125 0.13662202343750002 0.5313198531250001 0.1443612125 0.5398244171875
1 0.24386120937500003 0.5331917203125001 0.25874834375 0.49369656875 0.2501623359375 0.4433298453125 0.21975324999999998 0.3779356171875 0.2160514859375 0.40925653593750005 0.21704435156250002 0.44275176875 0.214079875 0.5222100421875 0.2128750015625 0.5912371828125 0.23921015156249997 0.6188976609375 0.24456198437499999 0.58342080625 0.24386120937500003 0.5331917203125001
1 0.08904091875 0.36519218124999997 0.0917203640625 0.392439746875 0.09135525156249999 0.4133570625 0.09579430156249999 0.430173496875 0.097225303125 0.4385679515625 0.09861979374999999 0.44905413593750004 0.0999047515625 0.465815515625 0.098145146875 0.47624664687499996 0.10548271093749999 0.5077602578125 0.1100312953125 0.5183014984375001 0.11608390312500001 0.5330537296875 0.1190919515625 0.541475709375 0.1267216078125 0.55625546875 0.1296566328125 0.5688609125 0.1405134046875 0.5795122625 0.149975684375 0.5796774265625 0.1610515234375 0.5777783875 0.1782164828125 0.5885398484375 0.1922273484375 0.599246253125 0.19993002499999998 0.6098425468750001 0.213940890625 0.6205489531249999 0.22013954375 0.62693425625 0.2297478703125 0.6187324953125 0.2330845203125 0.6083288921875 0.23513621406250002 0.5811639093750001 0.2230309984375 0.5516594484375 0.2153283203125 0.541063153125 0.21565692187500002 0.5222375687499999 0.2113639171875 0.4970542078125 0.21642365937500002 0.47831120625 0.21675226093750002 0.459485621875 0.22004534062499997 0.3612017640625 0.202989915625 0.344165109375 0.176435696875 0.329055021875 0.146654365625 0.3180733421875 0.1200636359375 0.30505498593749997 0.1075567953125 0.298559571875 0.102533565625 0.3152108421875 0.0943927515625 0.3297153265625 0.08904091875 0.36519218124999997
