0 0.524052896875 0.2640847421875 0.503533978125 0.2693664484375 0.5111380765625 0.2866895 0.5271962609374999 0.2911706625 0.524052896875 0.2640847421875
0 0.5167878828125 0.3139506875 0.505976271875 0.30647813749999997 0.49854171562499994 0.322749584375 0.4850426703125 0.35370914999999997 0.46906925624999996 0.3660252375 0.48282261562500006 0.38545742031249997 0.49456898593750004 0.379562278125 0.503607296875 0.3583655796875 0.5087691015625 0.3385769421875 0.5167878828125 0.3139506875
0 0.6035557015624999 0.4778565078125 0.6251789234375 0.49280160625 0.6568279140625 0.5084477781250001 0.647768978125 0.4759108046875 0.61134079375 0.4565721765625 0.58050971875 0.42922927499999997 0.551484015625 0.41208740937500005 0.5033094609375001 0.398643925 0.5042969171875 0.4205416921875 0.5476922765625 0.4302927203125 0.5797765734375 0.45772325468749997 0.6035557015624999 0.4778565078125
0 0.6433609421875001 0.5209391328125 0.6291402015625 0.508190796875 0.615153153125 0.4921005375 0.591374025 0.4719672859375 0.5643873859374999 0.4616845359375 0.5443358453125 0.46028239531250004 0.514927534375 0.46662162656249995 0.517518746875 0.48359414375 0.5340443140625 0.4813914578125 0.5609461828125 0.47487695937499996 0.5911082609375 0.49377741875 0.6077185984375 0.508371984375 0.6277380625 0.528242334375 0.6433609421875001 0.5209391328125
0 0.6075834078125 0.25817183906249996 0.600148853125 0.2744432859375 0.6234926749999999 0.28279217343749996 0.6440115937499999 0.2775104671875 0.6553226578125 0.2598309609375 0.645530578125 0.25578796875 0.6303750796875 0.2564073234375 0.6075834078125 0.25817183906249996
0 0.63277385 0.38418910624999997 0.64046271875 0.41830940625 0.661300096875 0.426483028125 0.67683820625 0.40238257656250004 0.6724416203125 0.375209021875 0.6516363140625 0.34856719062499997 0.6350259781250001 0.333972625 0.618883021875 0.31269421406250003 0.5905583890625 0.28552658124999997 0.574999659375 0.2558933609375 0.5628179828125 0.25000413906249996 0.551273228125 0.27102556875 0.55814418125 0.3168426015625 0.5918001609375 0.357816096875 0.6084104953125 0.3724106625 0.63277385 0.38418910624999997
0 0.6326157578125 0.278392725 0.6125642203125 0.27699058593750003 0.5945517421875001 0.282447559375 0.6087724828125001 0.2951958953125 0.620051471875 0.29598459843749997 0.636226503125 0.29879479999999997 0.6575312624999999 0.30028457343750004 0.6701803187500001 0.29948995 0.65392051875 0.2798825 0.6326157578125 0.278392725
0 0.557177346875 0.3486785046875 0.558377871875 0.313500678125 0.5452293609375001 0.339447359375 0.541788159375 0.352639784375 0.5295744078125 0.3652187734375 0.51884756875 0.3745434734375 0.520185559375 0.39142835625 0.5318150859374999 0.38720417500000004 0.55463883125 0.3669714484375 0.557177346875 0.3486785046875
1 0.4653393875 0.5454315609375 0.49125379999999996 0.51701929375 0.4903511140625 0.511918775 0.4772667515625 0.500929034375 0.458468434375 0.49961452812499996 0.44191079375 0.5202854234375 0.43523000625 0.5617965609375 0.43571800781250003 0.6088463859375 0.440581975 0.62933609375 0.45309356406249995 0.576478759375 0.4653393875 0.5454315609375
0 0.4485480578125 0.569444378125 0.4311198078125 0.56654654375 0.4304187375 0.5765723140625 0.426860690625 0.5914357 0.43525062812500004 0.61553023125 0.4414846609375 0.6344366124999999 0.448483909375 0.6063807999999999 0.45082081093750004 0.57296156875 0.4485480578125 0.569444378125
0 0.7775816234375 0.6545805359375 0.7888606140625 0.655369240625 0.7892432234375 0.6318881453125 0.7781979234375 0.62775751875 0.7702959859375 0.6507128109375 0.7775816234375 0.6545805359375
0 0.7419392796875 0.6420133890625 0.7628935046875001 0.648516046875 0.7543867203125 0.6260924765625 0.7419392796875 0.6420133890625
0 0.9248448515625001 1 0.8996298015624999 0.908268271875 0.899641253125 0.8360663890625 0.8022726109375 0.8057498609374999 0.829014109375 0.8915764171875 0.846462984375 0.948207921875 0.8556291093749999 1 0.9248448515625001 1
0 0.867758571875 0.8237621421875 0.8474733437499999 0.8257019265625001 0.8668238125000001 0.8371298359375 0.8822129999999999 0.8331685546875001 0.867758571875 0.8237621421875
1 0.9200456046875001 0.634318209375 0.8406894390625 0.5985447078125 0.7652097828125 0.56136314375 0.7725389453125 0.474560778125 0.7995691093749999 0.3941734359375 0.8089373343749999 0.31423018125 0.690889403125 0.3815364125 0.64422238125 0.4185723078125 0.6378279796874999 0.492006984375 0.6505824296875 0.5617432796874999 0.7079854625 0.6413182374999999 0.808795309375 0.6584423421875 0.9186961609375001 0.6896352078125 0.9200456046875001 0.634318209375
0 0.847324425 0.845841096875 0.8355780546875 0.851736240625 0.8474091953125 0.862638346875 0.8710714796874999 0.8844425609375 0.8687139546875 0.8641281203125001 0.847324425 0.845841096875
0 0.865675984375 0.907573121875 0.8538448421875 0.8966710140625 0.8425658531250001 0.8958823109375 0.854046459375 0.911797303125 0.8617674015624999 0.9274493937500001 0.881702096875 0.9305224953125 0.87535121875 0.9132870765625001 0.865675984375 0.907573121875
0 0.8560534484375 0.9371246281250001 0.8451249921875 0.9313230390625 0.8548849984375 0.95383424375 0.8720795578124999 0.960074 0.8951896906249999 0.9717648109375 0.869605190625 0.941430521875 0.8560534484375 0.9371246281250001
0 0.45458275312499996 0.3750870359375 0.425758665625 0.373071459375 0.450907859375 0.39162138281250003 0.47731027656249997 0.4102589421875 0.49485537187500006 0.41148581406250007 0.499666640625 0.3967100625 0.4923810046875 0.3928423359375 0.45458275312499996 0.3750870359375
0 0.8934468875 1 0.8827422500000001 0.9876857234375 0.871027953125 0.975112653125 0.8539502375 0.9672019359374999 0.8619896421875 0.9963093531249999 0.8689417171875 1 0.8934468875 1
0 0.467094340625 0.3222297015625 0.45913970937500004 0.30991953437499997 0.4363480375 0.31168405 0.3693751640625 0.29692605781250003 0.30059692031249996 0.271967028125 0.28054538125 0.2705648875 0.3214022265625 0.298608859375 0.3744728203125 0.3140738421875 0.4224136859375 0.3308592515625 0.45852340937499997 0.3367425546875 0.467094340625 0.3222297015625
0 0.31737907656250003 0.12201865625 0.3425603453125 0.12210037031250001 0.36194288750000003 0.11506006875000001 0.38199442499999997 0.116462209375 0.397818921875 0.12428529375 0.4222991203125 0.13439277656249998 0.44736354375 0.1361454515625 0.468349840625 0.12417990000000001 0.4151944765625 0.0919176671875 0.3955782421875 0.10229989375 0.3755267046875 0.100897753125 0.3567283859375 0.099583246875 0.3325666484375 0.1029310890625 0.3161579296875 0.1034628125 0.30065189531250003 0.10909505312500001 0.31737907656250003 0.12201865625
0 0.411984684375 0.29990560624999996 0.447627028125 0.312472753125 0.47158715000000007 0.2939986234375 0.46406782187499995 0.2934728203125 0.4151074265625 0.2732578546875 0.3252581109375 0.243467128125 0.2940444265625 0.23960532343750002 0.255311415625 0.23521771406249997 0.2720385953125 0.24814131874999998 0.308031475 0.25569558125 0.3491220109375 0.28039762968750004 0.411984684375 0.29990560624999996
1 0.2213369765625 0.1807888921875 0.2258183328125 0.224759696875 0.22805901093749997 0.24674509687500001 0.227612253125 0.3071626140625 0.23658641875000003 0.3229023390625 0.2445089765625 0.3536807171875 0.24820449218750001 0.3908800390625 0.256243896875 0.41998745625 0.2638479953125 0.43731050937499993 0.2696146453125 0.46290073437499996 0.28395223125 0.47397810937499996 0.3073808234375 0.499124246875 0.323640625 0.518731696875 0.3415041828125 0.5334138953124999 0.363679553125 0.5584723968749999 0.3809909609375 0.56304119375 0.3928541765625 0.555475090625 0.415561075 0.536913325 0.441124953125 0.5135139421875 0.458617353125 0.47947535625000004 0.4781488140625 0.45229588125 0.49156308906249996 0.40453906718750005 0.5085033375 0.3603870765625 0.5222681484375 0.3076173765625 0.5273451796875 0.27103148906249996 0.5300326156249999 0.23259937343749998 0.5268044796875 0.1887162046875 0.5213883640625 0.15811309375 0.5142516453125 0.1341061953125 0.4525574203125 0.0978886046875 0.4193046734375 0.087167684375 0.3853508578125 0.0864725359375 0.328488525 0.0892128625 0.2647758609375 0.099869828125 0.24230265156250003 0.11508966875 0.22790091875 0.1409487171875 0.2213369765625 0.1807888921875
0 0.44139071718749995 0.49170380937499997 0.411929709375 0.46277757968750005 0.3792611875 0.443701853125 0.35466414375 0.43526533125 0.39266401093750003 0.46814692031250005 0.414956228125 0.49153446250000005 0.43188502656249994 0.5195843531250001 0.44628675781249993 0.49372530625 0.44139071718749995 0.49170380937499997
1 0.41886253125 0.6697956265625 0.42830407499999995 0.6788515046875 0.44240796875 0.6932708015625 0.46050521718750004 0.704611078125 0.4563102484375 0.6925638109375 0.45383587968750005 0.6739203328125 0.4487382234375 0.6567725484375 0.4394455984375 0.6275774984375 0.442100959375 0.6076135921875 0.446476921875 0.581053475 0.4627161 0.5469272546874999 0.47277394375000004 0.5291601140625 0.4913706453125 0.5153483328124999 0.5127922500000001 0.5151671453125 0.5342138546874999 0.51498595625 0.5477655984375 0.5192918515625 0.566330225 0.52394828125 0.5855638484375 0.537047153125 0.6095766671875 0.55383848125 0.6266543828125 0.5617492000000001 0.6410240421875 0.5543583640625 0.659971278125 0.5355336984375 0.6661846859375 0.50070640625 0.6744692328124999 0.45427001718750004 0.6865982109375001 0.42489377968750003 0.6955196781249999 0.40536804374999996 0.6959022874999999 0.3818869484375 0.6662396625 0.33783443125 0.67163515625 0.31470387031249997 0.6672706453125 0.26906210625 0.6485044 0.24927938749999998 0.621985140625 0.23231279218749998 0.60126460625 0.22246820937499998 0.5814467578125 0.21772414687500002 0.5588567015625 0.23461495000000002 0.46042272500000003 0.48967639218750003 0.432118715625 0.5162424296875 0.413022559375 0.55520626875 0.40986774375 0.6003222312500001 0.4087840640625 0.6338290953125 0.40898568125 0.6489553828125 0.41886253125 0.6697956265625
0 0.600222171875 0.36344241875 0.6385405015625001 0.40977933125000005 0.6631054703125 0.4366840640625 0.6744486078125 0.40053634687499995 0.6780387296875 0.36720475 0.6345585984375 0.3406564734375 0.59189638125 0.3024114640625 0.60673341875 0.28833678125 0.6319146875 0.2884184953125 0.663595753125 0.28559645312500004 0.6281870984375 0.26968738281250004 0.5832727515625 0.28165885468749996 0.554267671875 0.3182506625 0.5289054125 0.3567763328125 0.5076533484375 0.39055201875 0.5374121953125 0.3791999015625 0.561404390625 0.3422575609375 0.600222171875 0.36344241875
