0 0.45728542968749997 0.6771839374999999 0.48186593593750005 0.6629394859375 0.4617113046875 0.66029678125 0.4370724359375 0.6728700109375 0.43890840937500003 0.6895384984375 0.45728542968749997 0.6771839374999999
0 0.513228775 0.591567346875 0.519490621875 0.5913486781249999 0.51669408125 0.5830800359375 0.5087129828125 0.5699726609375 0.505539478125 0.5868160828125 0.513228775 0.591567346875
0 0.5793977171875 0.5474251734375 0.5654465734375 0.542892578125 0.5323329203125 0.5641280531249999 0.512645171875 0.574855125 0.519665703125 0.5963623453125 0.5256357484375 0.587787565625 0.5341105328125 0.57912531875 0.5394118125 0.5873064953125 0.5589828421874999 0.573236978125 0.58368006875 0.562334971875 0.5793977171875 0.5474251734375
0 0.59503655625 0.5284731921875 0.5865034109375 0.5354642171874999 0.5906690421875 0.5470315703125 0.6017652859375 0.5416243 0.59503655625 0.5284731921875
0 0.506244559375 0.6788207671875 0.5178928484374999 0.653315096875 0.5211830734375 0.6398141203125001 0.49427290937499996 0.6591597046875 0.48973031406249995 0.6727044171875 0.4950899546875 0.6825568140625 0.48923662968750004 0.6944740375 0.4795094765625 0.70318001875 0.4788990703125 0.7216071953125 0.4878990984375 0.727985946875 0.506244559375 0.6788207671875
0 0.468269709375 0.740384240625 0.47388959374999995 0.7217821296875 0.48632336875000004 0.68286295 0.4859148453125 0.6711643953124999 0.466492096875 0.7253869765625 0.468269709375 0.740384240625
0 0.4343973734375 0.7398938296875001 0.44555197656249995 0.73615778125 0.46177442187500006 0.733918021875 0.46017188906250006 0.723934421875 0.4502112921875 0.7259555140625 0.43273648124999997 0.7282390078125001 0.4343973734375 0.7398938296875001
0 0.6317953515625 0.5757140890625 0.6363379453125 0.5621693796875 0.6213678734375 0.5643654046875 0.6317953515625 0.5757140890625
0 0.641145540625 0.5921201765624999 0.6456881359375 0.5785754640625 0.635727540625 0.58059655625 0.641145540625 0.5921201765624999
0 0.5353361015625 0.614220984375 0.5275300828125 0.606127275 0.5308518671875 0.6294369171875001 0.536880271875 0.622533359375 0.5353361015625 0.614220984375
0 0.5564513015625 0.6084638453125 0.567430825 0.5997141296875 0.5908756828125 0.58885585625 0.5843220328125 0.580718415625 0.5719734203125 0.5861694187500001 0.5501310921875 0.607011290625 0.5564513015625 0.6084638453125
0 0.6428064328125 0.6037749953125 0.637330071875 0.590580153125 0.6282133234375 0.5808589578125 0.620115503125 0.5644091390625 0.60657288125 0.571575096875 0.5945160703125 0.5853822125 0.604535025 0.5850323421875 0.614262178125 0.5763263609375 0.622068196875 0.5844200703125 0.628796928125 0.597571178125 0.6241376125 0.607773446875 0.633254359375 0.6174946421875 0.6428064328125 0.6037749953125
1 0.9326099937500001 0.3209134359375 0.9230263624999999 0.29782246093750003 0.9139096140625 0.288101265625 0.9005420734375 0.30028089062499996 0.8858054421875 0.30916180625 0.8761366484374999 0.319539009375 0.871710775 0.33642616406250003 0.8813527656250001 0.361188359375 0.8748306749999999 0.38986153749999997 0.882493171875 0.4297522 0.892220325 0.4210462203125 0.8951020281250001 0.3958466875 0.9007219109375001 0.3772445765625 0.914089453125 0.36506495 0.9313308234375001 0.3560965671875 0.9321746703124999 0.344354278125 0.9326099937500001 0.3209134359375
