1 0.3266848453125 0.5333345281249999 0.25188834375 0.46329147812500004 0.19679721875 0.44341204218749997 0.1653098421875 0.480407196875 0.1493052203125 0.512822734375 0.162000625 0.530929715625 0.19329038437499999 0.569802721875 0.249073446875 0.6321007937500001 0.29235872343749997 0.6004237203125 0.3519728703125 0.584363359375 0.37519303125 0.5543747156250001 0.3266848453125 0.5333345281249999
1 0.18431957968749998 0.772990165625 0.21728566875 0.75977898125 0.21264396562500001 0.7180567984375 0.2148501109375 0.68437511875 0.23327439375 0.6348865921875 0.2119954703125 0.621992303125 0.18539880625 0.6174340468749999 0.174866103125 0.619291246875 0.15353578750000002 0.6138043921875 0.14068620781250002 0.6179197125 0.12198907031249999 0.61196855625 0.126682165625 0.6462833078125 0.1424377765625 0.6971433671875 0.149764046875 0.7309938171875 0.18431957968749998 0.772990165625
1 0.197556446875 0.5709000921875 0.12492264687500002 0.5208212265625 0.11218379999999999 0.5563601046875 0.11745810000000001 0.60166993125 0.1489534265625 0.6109131999999999 0.19166544531250002 0.6144794765625 0.2297437125 0.622561996875 0.213149934375 0.5977440296875 0.197556446875 0.5709000921875
0 0.1774478875 0.62623438125 0.1873479921875 0.6207895390625 0.1692834515625 0.618426025 0.154800984375 0.620979675 0.16033224375 0.62925233125 0.1774478875 0.62623438125
0 0.30862825312500003 0.577209440625 0.29841185000000003 0.5808604609375 0.2999933453125 0.5898295671875 0.2875114546875 0.5883312734375 0.25786253124999997 0.597258365625 0.255015840625 0.581113975 0.2351642390625 0.59941109375 0.2459618484375 0.6067551484375 0.259127728125 0.6044336484375 0.27355880312499997 0.609287434375 0.2906744453125 0.6062694843750001 0.30620859375 0.594282428125 0.317792978125 0.582991825 0.30862825312500003 0.577209440625
0 0.22762445312500001 0.5489519546875 0.213774584375 0.5550932468750001 0.2195707515625 0.57256715625 0.23242033125 0.5684518359374999 0.22762445312500001 0.5489519546875
0 0.38145967187499996 0.5514201453124999 0.3568121921875 0.55021738125 0.34627948750000004 0.5520745812500001 0.3280607734375 0.57193336875 0.333275734375 0.578412203125 0.3483907984375 0.579446196875 0.35534142812499997 0.5726718328125 0.3603428734375 0.562541978125 0.3721921640625 0.560452628125 0.38145967187499996 0.5514201453124999
0 0.1407810421875 0.5568664171875 0.1485777875 0.5702883875 0.15574193281249998 0.5801227124999999 0.150262065625 0.5644426234375 0.1428330125 0.5454070421874999 0.135301175 0.541186328125 0.1407810421875 0.5568664171875
1 0.390181465625 0.43150829843749994 0.43816778593750005 0.48038440156249995 0.4670892765625 0.5289229625 0.48804394999999995 0.4937850046875 0.5053651609375 0.46113731874999997 0.5121022765625 0.4377542671875 0.455326871875 0.42372059218749997 0.390181465625 0.43150829843749994
1 0.41858109218750006 0.5078827734375 0.38034865 0.5220225578125001 0.4110651515625 0.5961389140625 0.44634016875000004 0.5344311828125 0.41858109218750006 0.5078827734375
1 0.4546073875 0.5274246703125 0.44486940625000004 0.5568856359375001 0.44129528125000006 0.5982068984375 0.4602059359375 0.6207667421874999 0.49734325312500005 0.669706225 0.5185193906250001 0.6974153828125 0.5411149015625 0.7100775234375 0.5549133796875 0.7113436640625 0.5828780234375001 0.7082623359375 0.6131595453124999 0.7029228875 0.638174715625 0.6985120375 0.656606946875 0.6952619375 0.6720897015625 0.6906823171875 0.6618139578125 0.655502346875 0.6437928625 0.5994929734375 0.62803725 0.5486329125 0.6207109796875 0.5147824625 0.6117518234375 0.47937034218749996 0.6014246859375 0.45159780468750005 0.578461484375 0.44454927812499995 0.535278990625 0.46141148281250005 0.49631116875 0.48677849218749997 0.4546073875 0.5274246703125
