0 0.27775459687500004 0.36565629374999997 0.2808032296875 0.369681496875 0.284412975 0.3655328140625 0.2901764765625 0.36354205156249997 0.2950451015625 0.3596840015625 0.2948782203125 0.35466341562500003 0.286960965625 0.35449626093750003 0.280833465625 0.358063675 0.27775459687500004 0.36565629374999997
0 0.27743653125 0.418724821875 0.2743879 0.41469961718750004 0.2709752703125 0.41225106250000004 0.2688215171875 0.41009314375 0.27494901562499996 0.4065257296875 0.28160739375 0.4064022515625 0.28773489375 0.40283483750000004 0.28594513906249996 0.3991002671875 0.28001475781249996 0.39607044375 0.276602128125 0.393621890625 0.27030774687500003 0.39216871875 0.26815399375000004 0.3900107984375 0.268881990625 0.3868574984375 0.2707019828125 0.3789742453125 0.267289353125 0.37652569062499996 0.2586441015625 0.3795118359375 0.2542761203125 0.39843164375 0.25282012656249997 0.40473824531249997 0.2486492625 0.417060815625 0.25438252656250004 0.426687875 0.2594180296875 0.42785041250000005 0.26518153125 0.42585965000000003 0.2709450328125 0.42386888593750005 0.2750856609375 0.42316413906249994 0.27743653125 0.418724821875
0 0.4064332421875 0.42857782499999997 0.41398649687500005 0.43032163125 0.42514950156250003 0.42791675468749996 0.43183811875 0.416175453125 0.42302598593749996 0.4141410125 0.41762648281250003 0.41455512499999997 0.4106041046875 0.416255253125 0.4015948546875 0.42081805 0.4064332421875 0.42857782499999997
0 0.46171738125 0.4131095078125 0.45469500468749996 0.4148096359375 0.4528750125 0.4226928890625 0.46006427031249997 0.4260133453125 0.4647660125 0.4171347109375 0.46171738125 0.4131095078125
0 0.45536252812500005 0.43489198125 0.45122190156249997 0.435596728125 0.44724815468749995 0.44132206093750004 0.450660784375 0.443770615625 0.45678828281249995 0.44020320156250003 0.45536252812500005 0.43489198125
0 0.44089330000000004 0.46310453437500004 0.4342349203125 0.4632280140625 0.4320509296875 0.4726879171875 0.4361915578125 0.47198317031250003 0.44106018125 0.468125121875 0.44089330000000004 0.46310453437500004
0 0.42668166406249997 0.4614842078125 0.4281376578125 0.4551776046875 0.42383015156250003 0.45086176718750004 0.419325525 0.4531431640625 0.41876441093750005 0.46131705156249997 0.423435915625 0.4640562390625 0.42668166406249997 0.4614842078125
0 0.394466071875 0.3942619453125 0.38744369375 0.395962075 0.3796933203125 0.40081550625 0.3706840703125 0.4053783 0.36438969062500004 0.40392512812500003 0.3571701953125 0.41222249531250005 0.3548193234375 0.4166618125 0.36237258125 0.41840561875000004 0.36813608124999997 0.41641485468750006 0.3771453296875 0.41185205937499997 0.3857905828125 0.40886591406250006 0.39443583437499996 0.40587976875000004 0.40433996250000004 0.40318425781249995 0.4061599546875 0.39530100625000003 0.394466071875 0.3942619453125
0 0.3697287171875 0.4267466625 0.37386934374999997 0.4260419140625 0.37837397031250003 0.42376051718749996 0.3782070890625 0.4187399296875 0.37028983437499996 0.418572775 0.3632674578125 0.42027290468749995 0.3655880921875 0.427451409375 0.3697287171875 0.4267466625
0 0.37204935156249996 0.4339251671875 0.3774488546875 0.43351105468749995 0.37890484999999996 0.427204453125 0.3754922203125 0.4247558984375 0.3693647203125 0.4283233125 0.36522409375 0.42902805937500005 0.36664985 0.4343392796875 0.37204935156249996 0.4339251671875
0 0.37976948906249997 0.4406895609375 0.37473398593749996 0.43952702343750005 0.36645273125 0.4409365171875 0.3603252328125 0.44450393125 0.3516799796875 0.44749007656249995 0.34177585312500003 0.45018558750000004 0.3360123515625 0.45217635156249997 0.338696984375 0.45777820625 0.3408507375 0.45993612656250005 0.346614240625 0.4579453625 0.3536366171875 0.45624523281249996 0.358505240625 0.45238718437500003 0.36516361875 0.45226370625 0.3709271203125 0.45027294375000004 0.379208371875 0.4488634484375 0.37976948906249997 0.4406895609375
0 0.269291921875 0.4367727265625 0.272006790625 0.4307567578125 0.2673352859375 0.42801756874999997 0.26246666093750004 0.4318756171875 0.269291921875 0.4367727265625
0 0.2862486640625 0.4207592625 0.2813800390625 0.42461731093750005 0.28568754687500003 0.42893315000000004 0.29108705 0.4285190375 0.29254304375 0.422212434375 0.2862486640625 0.4207592625
0 0.3030844578125 0.45121709374999996 0.30758908281249997 0.44893569375000003 0.31282170468750004 0.44350099531250003 0.31086506875 0.43474583906250003 0.3025838140625 0.43615533281249996 0.2923156890625 0.44042749531250003 0.2967900765625 0.4497639203125 0.3030844578125 0.45121709374999996
0 0.1361859734375 0.5538438734375 0.1491387328125 0.5551735671875 0.15940685937500002 0.5509014062500001 0.1693109859375 0.5482058953125 0.16592859375 0.5341395171875 0.154431828125 0.526503221875 0.13985619375 0.5264595453124999 0.1306498265625 0.5376195765625 0.1361859734375 0.5538438734375
0 0.18872500625 0.556009346875 0.19501938593749998 0.55746251875 0.20870014218750002 0.5556389109375 0.216450515625 0.5507854812499999 0.20081312499999998 0.5438539328124999 0.1831888609375 0.5397850515625 0.1840535 0.553270159375 0.18872500625 0.556009346875
0 0.2849909390625 0.5583058546874999 0.27329705625 0.5572667953125 0.260678059375 0.5659782734375 0.2593889453125 0.5773054609375 0.2678370796875 0.580916553125 0.2770132109375 0.5813743437500001 0.289601971875 0.5842806875 0.29894498281250004 0.589759065625 0.3020238515625 0.5821664453125 0.304571840625 0.5711298921875 0.2972157015625 0.56278885 0.2849909390625 0.5583058546874999
0 0.413730059375 0.5979917390625 0.41376029531249997 0.5863739156250001 0.405676159375 0.5811861734375 0.39686402656249997 0.5791517328125 0.3889467734375 0.5789845765625 0.3813935171875 0.5772407687500001 0.372581384375 0.5752063281249999 0.3646641296875 0.5750391734375 0.353865125 0.5758674 0.354198884375 0.585908571875 0.357414396875 0.5949543609375 0.3588401546875 0.60026558125 0.3631476609375 0.6045814218750001 0.37321866875 0.606906496875 0.386171428125 0.608236190625 0.398593309375 0.6061219484375 0.4047208078125 0.6025545343750001 0.413730059375 0.5979917390625
0 0.442350446875 0.594635159375 0.437678940625 0.5918959703125 0.431384559375 0.5904427984375 0.42687993437499994 0.592724196875 0.43009544687499995 0.6017699859375 0.44089445312500003 0.6009417609375001 0.442350446875 0.594635159375
0 0.4410613328125 0.605962346875 0.43099032499999995 0.603637271875 0.42539370468750004 0.6106486203125 0.431490965625 0.6186990296875 0.4401362171875 0.6157128843749999 0.4410613328125 0.605962346875
0 0.507296815625 0.6694139140625001 0.5139854328125 0.6576726140625 0.5093139265625 0.6549334250000001 0.5030195453124999 0.653480253125 0.4951022921875 0.653313096875 0.48897479062500004 0.6568805109375 0.49596693125 0.6667982046875001 0.507296815625 0.6694139140625001
0 0.5532077078125 0.66008504375 0.5531774703125001 0.6717028671875 0.56288448125 0.6756045921875 0.57152973125 0.6726184468749999 0.5819647390625 0.6733668734375 0.5841487296875 0.66390696875 0.5753365984375 0.661872528125 0.56867821875 0.66199600625 0.5611249625 0.6602522 0.5532077078125 0.66008504375
0 0.1405998859375 0.58641594375 0.142586759375 0.583553278125 0.1492451390625 0.5834298 0.1559035171875 0.5833063203125 0.16219789843750002 0.5847594921875 0.171374028125 0.5852172828125 0.1827039125 0.5878329921875001 0.19025716875 0.5895768 0.1929720375 0.5835608328124999 0.1823701515625 0.5777918203125 0.1701453890625 0.573308825 0.16043837968750002 0.5694071 0.1503673703125 0.567082025 0.145862746875 0.569363421875 0.1435118734375 0.5738027390625 0.13433574375 0.5733449484375 0.130559115625 0.5724730453125 0.1287391234375 0.5803562999999999 0.130695759375 0.5891114546875 0.132288396875 0.5994432609375 0.1346090296875 0.6066217671875 0.1383856578125 0.6074936703125 0.14361827968750002 0.602058971875 0.1418285265625 0.5983244015625 0.1407667671875 0.5914365296875 0.1405998859375 0.58641594375
0 0.2222901859375 0.5886687734375 0.2147369296875 0.5869249671875 0.2030430484375 0.5858859078124999 0.1976435453125 0.5863000203125 0.194928675 0.5923159874999999 0.19006004999999998 0.5961740359375 0.1976133078125 0.59791784375 0.2051665640625 0.59966165 0.2156015703125 0.600410075 0.2240497046875 0.6040211656250001 0.2341207125 0.6063462421875 0.23845845781250002 0.5990442578125 0.2382915765625 0.5940236718749999 0.23362007187499997 0.591284484375 0.2222901859375 0.5886687734375
0 0.29149813125 0.616271490625 0.2882523828125 0.6188435218749999 0.291301015625 0.622868728125 0.295805640625 0.6205873296875 0.30084114375 0.6217498671875 0.3071355234375 0.6232030390625 0.320983159375 0.6264000171874999 0.33410280000000003 0.6327502984375 0.3517270640625 0.63681918125 0.3769045859375 0.6426318703125 0.399928353125 0.6462866390625 0.428882503125 0.65297123125 0.43699687656249997 0.6465411484375 0.42728986406249997 0.6426394234374999 0.41758285468749995 0.638737696875 0.408406725 0.6382799078125 0.3970768390625 0.635664196875 0.3853829578125 0.6346251374999999 0.37603994687500003 0.6291467609375 0.3672278140625 0.6271123203125 0.360569434375 0.6272357984375 0.35301617812499997 0.6254919921875 0.3463578 0.6256154703125001 0.339168540625 0.6222950125 0.333602159375 0.6176885390625 0.3276717765625 0.6146587171875 0.3222722734375 0.6150728296875 0.315083015625 0.6117523734375 0.3087886359375 0.6102992015625001 0.30213025781249997 0.6104226781250001 0.29888450781250003 0.6129947109375 0.2983536296875 0.609550775 0.296199875 0.60739285625 0.294046121875 0.6052349359375 0.289374615625 0.6024957484375 0.28433911093750003 0.601333209375 0.27678585624999996 0.599589403125 0.2692326 0.5978455968749999 0.26131534375 0.597678440625 0.25555184375 0.5996692046875001 0.2488934640625 0.5997926828125 0.24743747031250002 0.6060992859375001 0.25300385468750003 0.6107057578124999 0.2603902296875 0.6074289796875 0.2708252375 0.608177403125 0.2738738671875 0.6122026093749999 0.2769224984375 0.6162278125 0.2832168796875 0.617680984375 0.2868266265625 0.6135323015624999 0.29149813125 0.616271490625
0 0.3072721671875 0.6398414484375 0.313566546875 0.6412946203125001 0.318071171875 0.6390132234375 0.31879916875 0.6358599203125 0.312504790625 0.6344067484375 0.3049515328125 0.6326629421875001 0.3038595375 0.6373928953125 0.3072721671875 0.6398414484375
0 0.48415210000000003 0.7122304374999999 0.48882360625 0.7149696249999999 0.4938591109375 0.7161321625 0.4996226109375 0.7141414 0.5019734828125 0.7097020828125 0.49478422499999997 0.706381625 0.4881258453125 0.7065051046875 0.48272634375 0.7069192171875 0.48415210000000003 0.7122304374999999
0 0.542727921875 0.745681965625 0.542197040625 0.74223803125 0.5420301609375 0.7372174453125 0.536630659375 0.7376315578125 0.5355386640625001 0.742361509375 0.5310340375 0.7446429078125 0.52222190625 0.7426084671875001 0.5130457749999999 0.7421506765625 0.509269146875 0.7412787734374999 0.5081771515625 0.746008725 0.5112257828125 0.7500339281249999 0.5175201625 0.7514871000000001 0.521296790625 0.7523590046875 0.5292140453124999 0.752526159375 0.536767303125 0.754269965625 0.54180280625 0.755432503125 0.5466714296874999 0.75157445625 0.5481274234375 0.745267853125 0.542727921875 0.745681965625
0 0.4702439890625 0.73226910625 0.46593648125 0.727953265625 0.4612649765625 0.7252140765624999 0.45371172031249996 0.7234702703125 0.45046597187500004 0.7260423031250001 0.448479096875 0.72890496875 0.44092584218750003 0.7271611625000001 0.438241209375 0.7215593078125 0.4342977 0.71566681875 0.4283673171875 0.7126369953125 0.42333181406250003 0.7114744578125001 0.41703743437499996 0.7100212859374999 0.41037905468749997 0.7101447640624999 0.4067693078125 0.714293446875 0.40567731250000005 0.7190233984375001 0.4040544375 0.720309415625 0.4029624421875 0.7250393671875 0.40925682343750003 0.7264925390625 0.414656325 0.7260784250000001 0.42472733281249997 0.7284035015625 0.44324647500000003 0.73433966875 0.453317484375 0.73666474375 0.462493615625 0.737122534375 0.46789311875 0.7367084234375 0.4702439890625 0.73226910625
0 0.3370002453125 0.6948646187499999 0.33196474062500003 0.6937020796875 0.3314338625 0.69025814375 0.32964410625 0.686523575 0.3220908515625 0.6847797671875 0.3174193453125 0.6820405796875 0.3141735953125 0.6846126124999999 0.31092784687499997 0.68718464375 0.3058923421875 0.68602210625 0.297080209375 0.683987665625 0.288268078125 0.6819532234375 0.2839605703125 0.6776373859375 0.279289065625 0.674898196875 0.2787581859375 0.6714542625 0.27445067968750003 0.667138421875 0.2697791734375 0.6643992328125 0.263848790625 0.6613694109375 0.2584492890625 0.6617835234375 0.25089603125000004 0.6600397171875 0.247119403125 0.6591678140624999 0.24334277499999998 0.658295909375 0.2370483953125 0.6568427375 0.23327176718749998 0.6559708343749999 0.2282362625 0.654808296875 0.2266133890625 0.6560943140625 0.22462651562499997 0.65895698125 0.21922701249999998 0.6593710921875 0.21651214375 0.6653870609375 0.21363039218750002 0.66638244375 0.20948976562500002 0.6670871890625001 0.2037262640625 0.669077953125 0.198857640625 0.6729360015625 0.19435301562500001 0.6752174 0.19362501875 0.6783707015625 0.1963096515625 0.68397255625 0.20942929062500001 0.6903228359375 0.2137367984375 0.694638675 0.21678542968749998 0.6986638796875 0.2191060640625 0.7058423859375 0.230966828125 0.7119020296875 0.24014295937500002 0.712359821875 0.2441167046875 0.7066344875 0.2549157109375 0.7058062609375 0.2628329640625 0.70597341875 0.2682324671875 0.7055593046874999 0.27578572343749996 0.7073031125 0.2892693609375 0.7120767421875 0.299173490625 0.70938123125 0.30709074375 0.7095483875 0.317161753125 0.7118734625 0.3301145125 0.71320315625 0.33246538281250004 0.7087638390625 0.3378648859375 0.7083497249999999 0.34667701875 0.7103841656250001 0.35151540625 0.718143940625 0.3599635375 0.7217550328125 0.367152796875 0.725075490625 0.379210678125 0.7245378984374999 0.3855050578125 0.7259910703125 0.3921634375 0.72586759375 0.397198940625 0.72703013125 0.3945143078125 0.721428275 0.3902068015625 0.7171124359375 0.3909347984375 0.7139591359375 0.3916627953125 0.710805834375 0.3886141640625 0.7067806296875 0.378907153125 0.702878903125 0.3709898984375 0.7027117484375001 0.3618137671875 0.7022539562500001 0.351742759375 0.69992888125 0.3454483796875 0.6984757078125 0.33951799843749997 0.6954458875 0.3370002453125 0.6948646187499999
0 0.1318336859375 0.6358733812499999 0.132364565625 0.6393173171875 0.1375669515625 0.645500440625 0.141510459375 0.6513929296875001 0.1472739609375 0.6494021671875 0.1433304515625 0.643509678125 0.1377640671875 0.6389032046875001 0.1341845578125 0.6314340640625 0.1318336859375 0.6358733812499999
0 0.17410459375 0.642311015625 0.1667182171875 0.645587796875 0.16777997656250002 0.6524756671875 0.16794685625 0.6574962531249999 0.1693726125 0.6628074749999999 0.174408115625 0.6639700125 0.18249225156249999 0.6691577546875 0.1852071234375 0.6631417859375001 0.1873911140625 0.6536818828125 0.1829167265625 0.6443454578125001 0.17410459375 0.642311015625
0 0.3039043171875 0.551047546875 0.308939821875 0.5522100859375 0.31271645000000003 0.5530819890625 0.3168570765625 0.552377240625 0.3184799515625 0.5510912265625 0.31291356875 0.5464847515625 0.3037374359375 0.5460269609374999 0.3004916875 0.54859899375 0.3039043171875 0.551047546875
0 0.1252200875 0.5496515125 0.1192594671875 0.5582395124999999 0.12211098125 0.568861953125 0.1345026234375 0.5783655343749999 0.144072990625 0.565628853125 0.132045346875 0.5545486203125 0.1252200875 0.5496515125
