0 0.6323296359375 0.6989473687500001 0.616481775 0.6926315796875 0.606973059375 0.688421053125 0.5974643421875 0.6863157890625 0.586370840625 0.6757894734375001 0.5800316953125 0.669473684375 0.5673534078125 0.6652631578125 0.5625990484375001 0.6631578953124999 0.5594294765625001 0.6673684203125 0.584786053125 0.6863157890625 0.5768621234375 0.690526315625 0.5752773375 0.6947368421875 0.5768621234375 0.70105263125 0.5832012671875 0.7031578953125 0.5974643421875 0.7073684203124999 0.613312203125 0.7157894734375 0.6244057046875 0.72 0.6275752765625 0.7221052625 0.6386687796875 0.728421053125 0.65134706875 0.7305263156249999 0.66402535625 0.73894736875 0.687797146875 0.74105263125 0.713153725 0.7368421046875 0.7083993656249999 0.7326315796875 0.687797146875 0.728421053125 0.6941362921875001 0.728421053125 0.69889065 0.7221052625 0.6973058640625001 0.7136842109375 0.67828843125 0.7073684203124999 0.660855784375 0.7052631578125 0.6434231375 0.7031578953125 0.6323296359375 0.6989473687500001
0 0.448494453125 0.5621052625 0.44690966718749997 0.5663157890625 0.44690966718749997 0.570526315625 0.44374009531249997 0.5726315796875 0.4374009515625 0.5747368421875 0.43898573750000003 0.5747368421875 0.448494453125 0.5768421046875 0.45641838281249997 0.5810526312500001 0.45641838281249997 0.5768421046875 0.45007923906249997 0.570526315625 0.448494453125 0.5621052625
0 0.5103011093750001 0.591578946875 0.5071315375000001 0.591578946875 0.5023771796875 0.5936842109375 0.5055467515625 0.5957894734375 0.5087163234375 0.5957894734375 0.5134706812500001 0.5978947375 0.5134706812500001 0.5936842109375 0.5103011093750001 0.591578946875
0 0.52773375625 0.768421053125 0.5213946125 0.7621052625 0.5134706812500001 0.7536842109374999 0.5134706812500001 0.76 0.52773375625 0.768421053125
0 0.545166403125 0.7726315796875001 0.54041204375 0.7747368421874999 0.5499207609375001 0.7873684203125 0.557844690625 0.789473684375 0.5641838359375 0.7978947375 0.5879556265625 0.8042105265625 0.5752773375 0.7978947375 0.5610142625 0.7852631578125 0.5530903328125001 0.77894736875 0.545166403125 0.7726315796875001
0 0.46592710000000004 0.6526315796875 0.47860538750000003 0.6547368421875001 0.483359746875 0.6568421046874999 0.4928684625 0.66105263125 0.5055467515625 0.6673684203125 0.5166402531250001 0.671578946875 0.5213946125 0.6673684203125 0.5134706812500001 0.6568421046874999 0.5007923937500001 0.648421053125 0.49445324843750005 0.6463157890625 0.48652931875 0.6421052625 0.480190175 0.6378947375 0.47543581562500004 0.6336842109374999 0.4580031703125 0.629473684375 0.45958795625000004 0.64 0.46275752812500004 0.650526315625 0.46592710000000004 0.6526315796875
0 0.5166402531250001 0.6989473687500001 0.5182250390625 0.688421053125 0.5087163234375 0.6821052625 0.5071315375000001 0.6926315796875 0.5071315375000001 0.6968421046875 0.5166402531250001 0.6989473687500001
0 0.5594294765625001 0.4736842109375 0.5499207609375001 0.4757894734375 0.551505546875 0.48 0.55467511875 0.4842105265625 0.5625990484375001 0.4821052625 0.5625990484375001 0.4757894734375 0.5594294765625001 0.4736842109375
0 0.5356576859375 0.5515789468750001 0.5229793984375 0.5473684203125 0.5118858953125 0.5452631578125 0.5103011093750001 0.5515789468750001 0.5198098250000001 0.5578947375000001 0.5324881140625 0.5621052625 0.551505546875 0.5663157890625 0.5562599046875001 0.5663157890625 0.548335975 0.5557894734375 0.5356576859375 0.5515789468750001
0 0.654516640625 0.8042105265625 0.6529318546875 0.8126315796875 0.6703645015624999 0.8147368421875001 0.6893819328124999 0.8168421046875001 0.7004754359375001 0.8147368421875001 0.7083993656249999 0.8063157890625 0.7115689374999999 0.789473684375 0.7147385109375 0.7747368421874999 0.7147385109375 0.768421053125 0.7147385109375 0.7578947375 0.7147385109375 0.7452631578125 0.7115689374999999 0.73894736875 0.6973058640625001 0.73894736875 0.675118859375 0.7452631578125 0.66402535625 0.74105263125 0.667194928125 0.7621052625 0.66402535625 0.77894736875 0.6576862125 0.7936842109375 0.654516640625 0.8042105265625
0 0.6418383515625 0.5536842109375 0.63708399375 0.5431578953125 0.6212361328125 0.5368421046875 0.625990490625 0.549473684375 0.6339144218749999 0.5578947375000001 0.6418383515625 0.5536842109375
1 0.4580031703125 0.6231578953125 0.47860538750000003 0.629473684375 0.489698890625 0.6252631578125001 0.5023771796875 0.61894736875 0.5023771796875 0.608421053125 0.5007923937500001 0.5936842109375 0.5023771796875 0.5810526312500001 0.5118858953125 0.5621052625 0.52773375625 0.5599999999999999 0.5562599046875001 0.568421053125 0.578446909375 0.5747368421875 0.5879556265625 0.5747368421875 0.5832012671875 0.5621052625 0.5736925515625 0.549473684375 0.5610142625 0.5347368421875001 0.5467511890625001 0.5242105265625 0.5324881140625 0.5136842109375 0.5182250390625 0.5073684203125 0.5039619656250001 0.49894736875 0.48811410468750005 0.49052631562500004 0.4611727421875 0.4736842109375 0.4405705234375 0.4568421046875 0.4199683046875 0.46315789531249996 0.400950871875 0.5221052625 0.4231378765625 0.5515789468750001 0.4405705234375 0.5810526312500001 0.4580031703125 0.6231578953125
0 0.5832012671875 0.5747368421875 0.5832012671875 0.568421053125 0.5800316953125 0.5621052625 0.5736925515625 0.5536842109375 0.5752773375 0.5599999999999999 0.5800316953125 0.568421053125 0.5832012671875 0.5747368421875
0 0.25515055468750003 0.42105263125 0.25515055468750003 0.4273684203125 0.25990491250000003 0.4273684203125 0.26465927031250003 0.429473684375 0.26782884375 0.4273684203125 0.26782884375 0.42315789531250003 0.26148969843750003 0.42315789531250003 0.25832012656250003 0.42105263125 0.25832012656250003 0.4147368421875 0.25673534062500003 0.410526315625 0.25356576875000003 0.4147368421875 0.25515055468750003 0.42105263125
0 0.545166403125 0.5242105265625 0.537242471875 0.5157894734374999 0.5198098250000001 0.5031578953125 0.5007923937500001 0.50105263125 0.5087163234375 0.5157894734374999 0.530903328125 0.5263157890625 0.545166403125 0.5242105265625
0 0.7448494453125 0.77894736875 0.7385103015625 0.7978947375 0.7464342312500001 0.8042105265625 0.7543581609375 0.791578946875 0.7543581609375 0.7621052625 0.7543581609375 0.7431578953125 0.7511885890625 0.728421053125 0.7448494453125 0.70105263125 0.7337559421875001 0.6926315796875 0.7083993656249999 0.6947368421875 0.722662440625 0.6968421046875 0.7369255156250001 0.709473684375 0.7448494453125 0.7178947375 0.7480190171875 0.76 0.7448494453125 0.77894736875
0 0.5419968296875 0.49894736875 0.5293185421875 0.49052631562500004 0.5166402531250001 0.4821052625 0.5118858953125 0.4821052625 0.5229793984375 0.49052631562500004 0.530903328125 0.49894736875 0.5419968296875 0.49894736875
0 0.8684627578124999 0.6442105265625 0.8700475437499999 0.64 0.866877971875 0.6378947375 0.8652931859375 0.6378947375 0.8637083999999999 0.6442105265625 0.866877971875 0.6463157890625 0.8684627578124999 0.6442105265625
0 0.8684627578124999 0.6863157890625 0.8700475437499999 0.6821052625 0.8684627578124999 0.6799999999999999 0.8652931859375 0.6778947375000001 0.8605388265625 0.6778947375000001 0.858954040625 0.6863157890625 0.8637083999999999 0.688421053125 0.8684627578124999 0.6863157890625
0 0.537242471875 0.6947368421875 0.5340729 0.6842105265625 0.530903328125 0.6757894734375001 0.5198098250000001 0.671578946875 0.5229793984375 0.6821052625 0.5261489703125 0.688421053125 0.52773375625 0.6947368421875 0.537242471875 0.6947368421875
0 0.599049128125 0.7578947375 0.605388271875 0.768421053125 0.6339144218749999 0.7747368421874999 0.6244057046875 0.7663157890625001 0.616481775 0.7621052625 0.599049128125 0.7578947375
0 0.7305863703125001 0.7663157890625001 0.7353407296875 0.7663157890625001 0.7448494453125 0.7663157890625001 0.7527733750000001 0.7642105265625 0.7591125203125 0.7578947375 0.7416798734375 0.7578947375 0.7353407296875 0.76 0.7147385109375 0.7578947375 0.7179080828125 0.7663157890625001 0.7210776546875 0.7663157890625001 0.7305863703125001 0.7663157890625001
0 0.5974643421875 0.7178947375 0.646592709375 0.7431578953125 0.646592709375 0.7305263156249999 0.599049128125 0.711578946875 0.5974643421875 0.7178947375
0 0.6212361328125 0.7326315796875 0.6148969890625 0.728421053125 0.61014263125 0.7326315796875 0.6212361328125 0.7326315796875
0 0.7527733750000001 0.74105263125 0.7511885890625 0.728421053125 0.7464342312500001 0.7263157890625 0.7432646593750001 0.7242105265625 0.7480190171875 0.73894736875 0.7496038031250001 0.7452631578125 0.7527733750000001 0.7494736843750001 0.7527733750000001 0.74105263125
0 0.52773375625 0.671578946875 0.572107765625 0.7031578953125 0.5800316953125 0.6968421046875 0.5293185421875 0.6652631578125 0.52773375625 0.671578946875
0 0.7416798734375 0.7936842109375 0.7448494453125 0.7936842109375 0.7480190171875 0.7873684203125 0.7511885890625 0.7873684203125 0.7527733750000001 0.78105263125 0.7543581609375 0.7747368421874999 0.7543581609375 0.768421053125 0.7527733750000001 0.7663157890625001 0.7496038031250001 0.7663157890625001 0.7432646593750001 0.770526315625 0.7416798734375 0.77894736875 0.7400950875000001 0.7873684203125 0.7416798734375 0.7936842109375
0 0.5293185421875 0.66105263125 0.5293185421875 0.65894736875 0.5261489703125 0.6463157890625 0.524564184375 0.6526315796875 0.524564184375 0.65894736875 0.5229793984375 0.66105263125 0.5261489703125 0.6652631578125 0.52773375625 0.6673684203125 0.5293185421875 0.66105263125
0 0.8700475437499999 0.6799999999999999 0.866877971875 0.6757894734375001 0.8621236140624999 0.6799999999999999 0.8637083999999999 0.6842105265625 0.8700475437499999 0.6799999999999999
0 0.5134706812500001 0.4842105265625 0.5182250390625 0.48631578906249995 0.5103011093750001 0.49263157968750004 0.5213946125 0.49052631562500004 0.5324881140625 0.49473684218749997 0.5229793984375 0.4842105265625 0.5134706812500001 0.4842105265625
