0 0.54463276875 0.43520000000000003 0.5604519781249999 0.4176 0.56836158125 0.4096 0.569491525 0.40800000000000003 0.5615819203125 0.4128 0.5209039546875001 0.45439999999999997 0.502824859375 0.47519999999999996 0.497175140625 0.48319999999999996 0.501694915625 0.48 0.527683615625 0.4528 0.54463276875 0.43520000000000003
0 0.4937853109375 0.3872 0.4903954796875 0.3872 0.48587570625 0.3872 0.48474576249999995 0.392 0.4892655375 0.3952 0.4926553671875 0.3968 0.4960451984375 0.39039999999999997 0.4937853109375 0.3872
0 0.583050846875 0.5072 0.5807909609374999 0.504 0.5785310734375 0.5072 0.5762711859375 0.512 0.5751412421875 0.5152 0.5774011296875 0.5168 0.5785310734375 0.512 0.583050846875 0.5072
0 0.5197740109375 0.5424 0.5163841812500001 0.5424 0.5152542375 0.5488000000000001 0.5163841812500001 0.5536 0.5209039546875001 0.5584 0.525423728125 0.5584 0.517514125 0.5488000000000001 0.5197740109375 0.5424
0 0.13333333281249998 0.5968 0.13333333281249998 0.592 0.13446327656249998 0.584 0.1322033890625 0.5888 0.1322033890625 0.5936 0.131073446875 0.5984 0.13333333281249998 0.6 0.13333333281249998 0.5968
0 0.54237288125 0.3776 0.5333333328125 0.3872 0.526553671875 0.392 0.5209039546875001 0.3984 0.51299435 0.4032 0.5050847453125 0.4112 0.497175140625 0.4176 0.49152542343750005 0.4208 0.48587570625 0.42560000000000003 0.4790960453125 0.43360000000000004 0.47118644062500004 0.44320000000000004 0.46440677968750005 0.4528 0.4632768359375 0.45439999999999997 0.46101694843749996 0.45759999999999995 0.4587570625 0.4624 0.45536723125 0.46559999999999996 0.4542372875 0.4704 0.4508474578125 0.472 0.4497175140625 0.47519999999999996 0.4497175140625 0.4768 0.4497175140625 0.48 0.4497175140625 0.4816 0.45536723125 0.47519999999999996 0.45988700624999995 0.46559999999999996 0.47118644062500004 0.45119999999999993 0.4813559328125 0.44160000000000005 0.4926553671875 0.4304 0.5062146890625 0.4176 0.5084745765625 0.41600000000000004 0.51412429375 0.4128 0.5186440671875 0.4112 0.5209039546875001 0.4048 0.5220338984375 0.4032 0.5242937859375 0.4 0.526553671875 0.3968 0.5367231640625 0.3872 0.5502824859375 0.376 0.5661016953125 0.3632 0.5740113 0.3584 0.5796610171875 0.3552 0.5932203390625 0.3488 0.5785310734375 0.3488 0.5740113 0.3536 0.5615819203125 0.3632 0.5525423734375 0.37120000000000003 0.54237288125 0.3776
0 0.127683615625 0.5888 0.128813559375 0.5824 0.127683615625 0.5776 0.125423728125 0.5808 0.125423728125 0.5871999999999999 0.125423728125 0.592 0.127683615625 0.592 0.127683615625 0.5888
0 0.5977401125 0.3552 0.6 0.3488 0.5966101687500001 0.3488 0.5943502828125 0.352 0.5898305078125 0.3584 0.5932203390625 0.3584 0.5977401125 0.3552
0 0.1627118640625 0.4768 0.160451978125 0.47359999999999997 0.158192090625 0.4704 0.154802259375 0.4704 0.1525423734375 0.472 0.153672315625 0.47519999999999996 0.153672315625 0.4768 0.157062146875 0.48 0.16158192031250002 0.48 0.1627118640625 0.48 0.1638418078125 0.4816 0.1627118640625 0.4768
0 0.5649717515625 0.3776 0.555932203125 0.384 0.5468926546875 0.3888 0.54237288125 0.3936 0.5367231640625 0.3984 0.5344632765624999 0.4 0.5378531078125001 0.4 0.5468926546875 0.3936 0.5521657249999999 0.3914666671875 0.5480225984375 0.3936 0.5457627125 0.3984 0.54237288125 0.4 0.54011299375 0.4032 0.5367231640625 0.4064 0.5322033890625 0.40800000000000003 0.526553671875 0.4144 0.5231638421875 0.4144 0.5186440671875 0.4192 0.5152542375 0.4224 0.51299435 0.42400000000000004 0.5084745765625 0.4288 0.502824859375 0.43200000000000005 0.499435028125 0.43520000000000003 0.497175140625 0.44000000000000006 0.4903954796875 0.4464 0.48700564999999996 0.45119999999999993 0.4813559328125 0.45439999999999997 0.48022598906249997 0.45759999999999995 0.4790960453125 0.4608 0.48474576249999995 0.45599999999999996 0.497175140625 0.44320000000000004 0.5096045203124999 0.43200000000000005 0.5209039546875001 0.4208 0.531073446875 0.4128 0.5412429375000001 0.4048 0.5378531078125001 0.4096 0.5344632765624999 0.4128 0.5299435031249999 0.41600000000000004 0.526553671875 0.4208 0.5220338984375 0.42400000000000004 0.5186440671875 0.4272 0.51412429375 0.43200000000000005 0.5096045203124999 0.43520000000000003 0.5050847453125 0.44000000000000006 0.500564971875 0.44480000000000003 0.497175140625 0.44800000000000006 0.4937853109375 0.45119999999999993 0.4903954796875 0.45599999999999996 0.48700564999999996 0.45919999999999994 0.48361581875 0.4624 0.48248587499999995 0.46559999999999996 0.4892655375 0.4624 0.500564971875 0.45119999999999993 0.5096045203124999 0.4384 0.5163841812500001 0.43360000000000004 0.5299435031249999 0.4208 0.5457627125 0.4048 0.557062146875 0.3952 0.569491525 0.384 0.5796610171875 0.3776 0.5920903953125001 0.3664 0.5977401125 0.36160000000000003 0.60338983125 0.3568 0.6056497171874999 0.3536 0.6067796609375 0.3488 0.6022598875 0.3488 0.59887005625 0.3584 0.5932203390625 0.36 0.5819209046875 0.368 0.57288135625 0.3728 0.5649717515625 0.3776
0 0.45988700624999995 0.4928 0.45762711874999995 0.4992 0.4542372875 0.5024 0.4497175140625 0.5072 0.4485875703125 0.5104 0.4632768359375 0.4928 0.47118644062500004 0.4816 0.4768361578125 0.4768 0.4813559328125 0.47359999999999997 0.48248587499999995 0.4688 0.48248587499999995 0.46719999999999995 0.474576271875 0.47359999999999997 0.46892655312500003 0.48 0.4632768359375 0.4864 0.45988700624999995 0.4928
0 0.44406779687500003 0.4992 0.4474576265625 0.496 0.4485875703125 0.4896 0.4497175140625 0.4864 0.4485875703125 0.48 0.44406779687500003 0.48319999999999996 0.44067796562500006 0.488 0.43954802187500003 0.4928 0.44406779687500003 0.4992
0 0.44067796562500006 0.5264 0.442937853125 0.5248 0.44406779687500003 0.5216000000000001 0.44632768437500003 0.5184 0.44632768437500003 0.5152 0.44067796562500006 0.5168 0.4384180796875 0.5216000000000001 0.4384180796875 0.5264 0.44067796562500006 0.5264
0 0.5096045203124999 0.41600000000000004 0.5062146890625 0.4192 0.502824859375 0.4208 0.497175140625 0.42560000000000003 0.4960451984375 0.43200000000000005 0.498305084375 0.43360000000000004 0.5050847453125 0.43200000000000005 0.51299435 0.42400000000000004 0.5209039546875001 0.41600000000000004 0.526553671875 0.4144 0.528813559375 0.4112 0.5333333328125 0.40800000000000003 0.5344632765624999 0.4048 0.5367231640625 0.4016 0.5355932203125 0.4 0.525423728125 0.4048 0.5197740109375 0.4096 0.5152542375 0.4128 0.5096045203124999 0.41600000000000004
