0 0.1913043484375 0.3178654296875 0.18260869531249999 0.3132250578125 0.1756521734375 0.3132250578125 0.18260869531249999 0.3248259859375 0.194782609375 0.3248259859375 0.1913043484375 0.3178654296875
0 0.179130434375 0.3387471 0.1773913046875 0.3294663578125 0.1721739125 0.320185615625 0.1704347828125 0.3294663578125 0.1704347828125 0.3433874703125 0.17391304375 0.35266821406250004 0.179130434375 0.3387471
0 0.16521739062500002 0.33178654218750003 0.166956521875 0.3480278421875 0.1704347828125 0.357308584375 0.1704347828125 0.334106728125 0.1704347828125 0.3178654296875 0.16521739062500002 0.3178654296875 0.16521739062500002 0.33178654218750003
0 0.16173912968749998 0.3549883984375 0.1582608703125 0.334106728125 0.154782609375 0.3178654296875 0.15304347812500002 0.30626450156249996 0.15304347812500002 0.3248259859375 0.1565217390625 0.3433874703125 0.16173912968749998 0.3712296984375 0.16173912968749998 0.3549883984375
0 0.1443478265625 0.320185615625 0.14782608749999998 0.3248259859375 0.1513043484375 0.3178654296875 0.1443478265625 0.320185615625
0 0.1426086953125 0.3294663578125 0.1426086953125 0.3085846875 0.139130434375 0.3016241296875 0.1373913046875 0.3085846875 0.1373913046875 0.3178654296875 0.1426086953125 0.3294663578125
0 0.1286956515625 0.2714617171875 0.12521739062499998 0.296983759375 0.1286956515625 0.30626450156249996 0.1304347828125 0.287703015625 0.1286956515625 0.2714617171875
0 0.300869565625 0.42227378125000004 0.30434782656250003 0.4524361953125 0.30956521718749996 0.44547563749999997 0.30608695625000004 0.3758700703125 0.300869565625 0.40371229687500004 0.2904347828125 0.38979118281249997 0.300869565625 0.42227378125000004
0 0.3634782609375 0.4245939671875 0.3686956515625 0.4245939671875 0.37391304375 0.3781902546875 0.366956521875 0.3828306265625 0.3617391296875 0.3828306265625 0.3617391296875 0.39211136875 0.3634782609375 0.399071925 0.3634782609375 0.4245939671875
0 0.35130434843749997 0.40603248281250004 0.354782609375 0.38979118281249997 0.3478260875 0.399071925 0.3356521734375 0.39675174062499996 0.326956521875 0.40603248281250004 0.3356521734375 0.40603248281250004 0.3426086953125 0.40603248281250004 0.35130434843749997 0.40603248281250004
0 0.325217390625 0.4408352671875 0.32 0.4245939671875 0.314782609375 0.43387470937500006 0.32 0.43851508125 0.325217390625 0.4408352671875
0 0.31652173906250003 0.40603248281250004 0.3182608703125 0.3944315546875 0.3113043484375 0.3851508125 0.30956521718749996 0.39675174062499996 0.31652173906250003 0.40603248281250004
0 0.325217390625 0.431554525 0.3304347828125 0.43387470937500006 0.3304347828125 0.410672853125 0.340869565625 0.41763341093750006 0.354782609375 0.426914153125 0.36 0.43387470937500006 0.353043478125 0.457076565625 0.3582608703125 0.4617169375 0.366956521875 0.43851508125 0.37391304375 0.43387470937500006 0.36521739062499997 0.426914153125 0.35130434843749997 0.41531322499999995 0.3356521734375 0.40835266875 0.3182608703125 0.40371229687500004 0.32173912968749996 0.41299303906249996 0.325217390625 0.41763341093750006 0.325217390625 0.431554525
0 0.17391304375 0.3016241296875 0.166956521875 0.29930394374999997 0.16521739062500002 0.3085846875 0.1721739125 0.310904871875 0.17391304375 0.3016241296875
0 0.1513043484375 0.310904871875 0.14782608749999998 0.3016241296875 0.14608695625 0.310904871875 0.14608695625 0.3178654296875 0.1513043484375 0.3178654296875 0.1513043484375 0.310904871875
0 0.1756521734375 0.2946635734375 0.1756521734375 0.287703015625 0.1686956515625 0.287703015625 0.16173912968749998 0.280742459375 0.16173912968749998 0.2900232015625 0.166956521875 0.2946635734375 0.1756521734375 0.2946635734375
1 0.16173912968749998 0.3248259859375 0.1634782609375 0.357308584375 0.17391304375 0.3642691421875 0.180869565625 0.3480278421875 0.180869565625 0.3178654296875 0.17391304375 0.2714617171875 0.16521739062500002 0.2552204171875 0.1634782609375 0.273781903125 0.16173912968749998 0.2946635734375 0.16173912968749998 0.3248259859375
1 0.1634782609375 0.25290023125 0.1443478265625 0.227378190625 0.126956521875 0.22273781874999998 0.12 0.2412993046875 0.12 0.264501159375 0.12521739062499998 0.3085846875 0.13391304375 0.30626450156249996 0.1443478265625 0.327146171875 0.14782608749999998 0.3480278421875 0.1495652171875 0.3874709984375 0.1513043484375 0.40371229687500004 0.1634782609375 0.40603248281250004 0.16 0.33178654218750003 0.16173912968749998 0.30626450156249996 0.1634782609375 0.25290023125
1 0.2834782609375 0.3225058 0.299130434375 0.334106728125 0.30434782656250003 0.3225058 0.30608695625000004 0.280742459375 0.2956521734375 0.250580046875 0.29391304375 0.2668213453125 0.2904347828125 0.2900232015625 0.2834782609375 0.3225058
1 0.29391304375 0.41531322499999995 0.30434782656250003 0.450116009375 0.3286956515625 0.43851508125 0.30608695625000004 0.3387471 0.2834782609375 0.3248259859375 0.2834782609375 0.350348028125 0.286956521875 0.3781902546875 0.29391304375 0.41531322499999995
0 0.4643478265625 0.46403712343750003 0.4556521734375 0.4593967515625 0.4573913046875 0.473317865625 0.4643478265625 0.473317865625 0.4643478265625 0.46403712343750003
0 0.41913043437499997 0.40603248281250004 0.4104347828125 0.40139211093749994 0.4034782609375 0.39675174062499996 0.405217390625 0.40603248281250004 0.4104347828125 0.40835266875 0.41913043437499997 0.40603248281250004
0 0.4034782609375 0.48723897968749996 0.4104347828125 0.5104408359375 0.420869565625 0.5127610203125 0.40695652187500003 0.473317865625 0.39304347812499996 0.450116009375 0.37391304375 0.4361948953125 0.37739130468750004 0.45475638125 0.38608695625 0.46867749375 0.4034782609375 0.48723897968749996
0 0.4643478265625 0.5174013921875 0.445217390625 0.51508120625 0.4295652171875 0.5174013921875 0.4434782609375 0.5220417640624999 0.459130434375 0.5243619484375001 0.4643478265625 0.5174013921875
0 0.434782609375 0.53132250625 0.4434782609375 0.5336426921874999 0.4434782609375 0.542923434375 0.4504347828125 0.542923434375 0.45391304374999997 0.5290023203125 0.4313043484375 0.5174013921875 0.4104347828125 0.5081206500000001 0.41391304375000004 0.519721578125 0.4226086953125 0.5243619484375001 0.434782609375 0.53132250625
0 0.46086956562500003 0.5522041765625 0.4713043484375 0.5522041765625 0.4782608703125 0.5498839906249999 0.486956521875 0.5406032484375001 0.486956521875 0.53132250625 0.48 0.5359628765625 0.47652173906249995 0.53132250625 0.4713043484375 0.5382830625 0.46782608750000004 0.53132250625 0.46086956562500003 0.53132250625 0.45391304374999997 0.5359628765625 0.4556521734375 0.5475638046875 0.46086956562500003 0.5522041765625
0 0.4956521734375 0.5359628765625 0.49217391250000003 0.5382830625 0.4904347828125 0.54524361875 0.4956521734375 0.542923434375 0.4956521734375 0.5359628765625
0 0.4504347828125 0.584686775 0.4434782609375 0.584686775 0.44695652187499996 0.6055684453125 0.4521739125 0.6055684453125 0.4504347828125 0.584686775
0 0.49217391250000003 0.589327146875 0.5026086953125 0.5939675171875 0.5026086953125 0.584686775 0.4817391296875 0.5754060328125 0.46956521718750005 0.5661252906249999 0.4556521734375 0.56148491875 0.46260869531250004 0.573085846875 0.47304347812499997 0.580046403125 0.49217391250000003 0.589327146875
0 0.4365217390625 0.626450115625 0.44173912968750007 0.6566125296875 0.44000000000000006 0.6148491875000001 0.434782609375 0.584686775 0.4278260875 0.5568445468750001 0.4226086953125 0.5359628765625 0.41565217343749994 0.5243619484375001 0.420869565625 0.5475638046875 0.42608695625 0.568445475 0.4313043484375 0.5986078890625001 0.4365217390625 0.626450115625
0 0.4713043484375 0.5939675171875 0.4713043484375 0.6148491875000001 0.4834782609375 0.6148491875000001 0.48 0.600928075 0.4713043484375 0.5939675171875
0 0.48 0.6310904875000001 0.47304347812499997 0.6334106734375 0.47304347812499997 0.665893271875 0.48 0.665893271875 0.48 0.6310904875000001
0 0.49217391250000003 0.6774942 0.5043478265625 0.6751740140625 0.500869565625 0.603248259375 0.4904347828125 0.600928075 0.486956521875 0.6171693734375 0.4886956515625 0.642691415625 0.49217391250000003 0.6774942
0 0.5373913046875 0.6566125296875 0.5252173906250001 0.6566125296875 0.5095652171875 0.649651971875 0.513043478125 0.665893271875 0.5286956515625 0.6682134578125 0.5373913046875 0.6566125296875
0 0.5269565218750001 0.6055684453125 0.5443478265625 0.6102088171875 0.5634782609375 0.6148491875000001 0.5582608703124999 0.600928075 0.5339130437499999 0.596287703125 0.514782609375 0.589327146875 0.5113043484375 0.596287703125 0.5165217390625 0.600928075 0.5269565218750001 0.6055684453125
0 0.5321739125 0.5707656609375 0.514782609375 0.5661252906249999 0.500869565625 0.5638051046875 0.5043478265625 0.573085846875 0.5234782609375 0.57772621875 0.5373913046875 0.5870069609375 0.565217390625 0.6171693734375 0.6034782609375 0.6148491875000001 0.5704347828125 0.5870069609375 0.5495652171875001 0.57772621875 0.5321739125 0.5707656609375
0 0.46782608750000004 0.7331786546875 0.4886956515625 0.749419953125 0.5043478265625 0.7633410671874999 0.52 0.772621809375 0.5373913046875 0.7795823671875 0.553043478125 0.7795823671875 0.5565217390625 0.765661253125 0.5217391296875 0.754060325 0.4886956515625 0.735498840625 0.4521739125 0.71461716875 0.46782608750000004 0.7331786546875
0 0.29739130468749997 0.5522041765625 0.2956521734375 0.53132250625 0.29739130468749997 0.4988399078125 0.3026086953125 0.4593967515625 0.29391304375 0.4524361953125 0.2886956515625 0.4825986078125 0.286956521875 0.5243619484375001 0.29739130468749997 0.5522041765625
1 0.44869565156249996 0.426914153125 0.4556521734375 0.41531322499999995 0.43826087031250005 0.380510440625 0.40869565156250004 0.3642691421875 0.3756521734375 0.373549884375 0.394782609375 0.39675174062499996 0.4278260875 0.41763341093750006 0.44869565156249996 0.426914153125
1 0.37739130468750004 0.40139211093749994 0.3686956515625 0.3758700703125 0.3565217390625 0.45475638125 0.3721739125 0.4593967515625 0.3756521734375 0.426914153125 0.37739130468750004 0.40139211093749994
1 0.340869565625 0.426914153125 0.34608695625 0.42923433906249997 0.354782609375 0.426914153125 0.36 0.419953596875 0.3617391296875 0.40835266875 0.36 0.3851508125 0.353043478125 0.38979118281249997 0.354782609375 0.39675174062499996 0.3495652171875 0.40603248281250004 0.3426086953125 0.410672853125 0.339130434375 0.40371229687500004 0.33391304375 0.40603248281250004 0.3286956515625 0.41299303906249996 0.3321739125 0.42227378125000004 0.340869565625 0.426914153125
