0 0.7376315453125 0.33176923125 0.69977559375 0.3409604140625 0.7034719046875 0.351670503125 0.7289699296875 0.3438969 0.765771440625 0.3328512671875 0.7744676875 0.3460407109375 0.7973122953125 0.32097243125 0.7746822359375 0.3106384125 0.7376315453125 0.33176923125
0 0.6745844671875 0.3808440203125 0.6890166421874999 0.35781822343749997 0.6942542109375001 0.341773353125 0.6643123328125 0.369092421875 0.6606506515625 0.3836994453125 0.6745844671875 0.3808440203125
0 0.7098216328125 0.37967527031250003 0.7337553140625 0.38177855312500003 0.7253082484375 0.3585039234375 0.6845612453125 0.3689246515625 0.6829969 0.378801534375 0.7098216328125 0.37967527031250003
0 0.6212880734375 0.44496270156250006 0.6518091203124999 0.4565465265625 0.6904703296875 0.459294978125 0.7028167140625 0.44943835937500004 0.6959570796875 0.4331649234375 0.6778285921875 0.44548062968749996 0.651003859375 0.44460689374999995 0.6212880734375 0.44496270156250006
0 0.5800542546874999 0.48399283750000005 0.5956447625 0.538772828125 0.6024928515625 0.5466072265624999 0.6188078140625 0.5542535890625 0.6282285125 0.5203094015625 0.6405633515625 0.5020137453125 0.6131825390625 0.47911519062499996 0.5800542546874999 0.48399283750000005
0 0.7537781328125 0.408574040625 0.733030859375 0.42891218125 0.719653125 0.45379242656249996 0.6989058515625 0.47413056718749996 0.6973761390625 0.5093245640624999 0.70998324375 0.4978217984375 0.764050265625 0.4203256390625 0.7537781328125 0.408574040625
0 0.4204210203125 0.47895871874999996 0.44276726875000005 0.47406080624999997 0.4133006640625 0.4643314296875 0.376487609375 0.466938025 0.40938980156250004 0.4890236375 0.4204210203125 0.47895871874999996
0 0.4808724 0.45478443906250005 0.498207171875 0.43896813593750006 0.46192710937500003 0.4467214734375 0.4808724 0.45478443906250005
0 0.47510183906250003 0.465682565625 0.48037403906250004 0.4749548078125 0.5129924203125 0.48180849531250003 0.5434903796875 0.4765142453125 0.5463468015624999 0.44996758750000004 0.481926840625 0.45663888750000003 0.47510183906250003 0.465682565625
0 0.5077779390625 0.5147314390625 0.5277430390625 0.499331740625 0.4938210359375 0.500708790625 0.45622580937499996 0.5082538265625 0.48043175781249997 0.517149996875 0.5077779390625 0.5147314390625
0 0.3126929890625 0.5462683687500001 0.2982146390625 0.5355380140625 0.285323721875 0.5318088515625 0.2843039125 0.555271515625 0.2845877234375 0.5705034437500001 0.2898830109375 0.5966537625 0.3046105421875 0.5972989328125 0.2964242015625 0.57237815625 0.305085815625 0.5602504875000001 0.3126929890625 0.5462683687500001
0 0.3117078109375 0.5950481453124999 0.2938400484375 0.60571770625 0.2838632703125 0.6176370734375001 0.2886140234375 0.6302016125 0.3099404625 0.648766365625 0.3162324703125 0.6345759453125 0.332512803125 0.61690519375 0.339598528125 0.60621536875 0.32853267812500003 0.5909631765625 0.3117078109375 0.5950481453124999
0 0.3683291359375 0.6546393390625 0.38069860625 0.6616607953125 0.40146896718749997 0.65820073125 0.414076071875 0.6466979640625 0.39145755625 0.6448029859375 0.3648935484375 0.642283103125 0.3683291359375 0.6546393390625
0 0.37657995781250003 0.534450325 0.3839264078125 0.5221143546875 0.3665685484375 0.52105258125 0.3423856875 0.529034484375 0.361591703125 0.535451303125 0.37657995781250003 0.534450325
0 0.4024656875 0.617859990625 0.3811623359375 0.6161733125 0.35539204375 0.6171540249999999 0.40721644062499995 0.630424528125 0.452453471875 0.6342144875 0.4774300484375 0.6297331796875001 0.4842550515625 0.620689503125 0.4605936375 0.6253791109375 0.4337689046875 0.624505375 0.4024656875 0.617859990625
1 0.8893391609375 0.3102364265625 0.9038175109375001 0.3209667796875 0.9201209296874999 0.3201741046875 0.9363897187499999 0.294064315625 0.9292693609375 0.2794370265625 0.885903571875 0.29788018906249997 0.8893391609375 0.3102364265625
1 0.9307461375000001 0.39779185625 0.9396684765625001 0.3840180390625 0.941221275 0.3657021171875 0.9264937468750001 0.36505694843750003 0.9280927218749999 0.380497178125 0.9307461375000001 0.39779185625
1 0.795794125 0.3646054640625 0.8346583437499999 0.323512578125 0.8498842328125 0.3039873796875 0.8233317687499999 0.3099065328125 0.782573221875 0.311888221875 0.7631295687499999 0.323995628125 0.769467753125 0.34356135781249997 0.795794125 0.3646054640625
