0 0.347114978125 0.5445874546875 0.35136209531249996 0.557823853125 0.35560921093750003 0.57106025 0.3617638421875 0.591721128125 0.3643669203125 0.6062453484375 0.37570657500000004 0.6075554578125 0.3755274 0.593680721875 0.3724922375 0.580769065625 0.3678130359375 0.56914523125 0.36036214843750003 0.5533220453125 0.348411234375 0.5397497640625 0.347114978125 0.5445874546875
0 0.459489546875 0.7941974187499999 0.4426800328125 0.7782122031250001 0.47716300624999997 0.8300431453125 0.49543715937500005 0.8539514390624999 0.5150075671875001 0.8730220421875 0.5382875671875 0.86370483125 0.5297090328125 0.84239446875 0.5499538687500001 0.820165603125 0.533418625 0.8140066562499999 0.5044266453125 0.8252500296875 0.4750763171875 0.808743928125 0.459489546875 0.7941974187499999
0 0.5418496890625 0.8940410921874999 0.5498169640625 0.9030892796875 0.56115661875 0.9043993921875 0.5673006828125 0.900860665625 0.5782925546875 0.8986209078125 0.5698088890624999 0.896347715625 0.5548333796875 0.89406338125 0.5418496890625 0.8940410921874999
0 0.2843358125 0.4880139875 0.28702319374999996 0.4973757734375 0.293862821875 0.5009367874999999 0.302778571875 0.5015974140624999 0.31048237031250003 0.5019332999999999 0.318966034375 0.5042064921875 0.3302213859375 0.5106790359375 0.33412071875 0.5203655625 0.3443432921875 0.5403881015625001 0.3549136484375 0.5639605109375 0.361848146875 0.5865586953124999 0.3655788734375 0.606570090625 0.37570657500000004 0.6075554578125 0.37665505 0.5991678968749999 0.3641771796875 0.5681710062499999 0.35447099375 0.541373471875 0.340264784375 0.5168268390625 0.33281389687499996 0.5010036515625 0.3153196109375 0.4790326625 0.301724659375 0.46674820156249996 0.28892014375 0.4806006515625 0.2843358125 0.4880139875
0 0.595143878125 0.8357309125000001 0.58631243125 0.8299078515625 0.5692607984375 0.8305239015625 0.5821601859375 0.8357086234375 0.5857117390625 0.8418452828125 0.58320353125 0.8463582328125 0.5863229984375 0.854107453125 0.5911708078125 0.8554064203125 0.6140187234375001 0.8477017734375 0.6103828671875 0.8467275484375 0.5941111015625 0.84928090625 0.5926356703125 0.8402438625 0.595143878125 0.8357309125000001
0 0.530214853125 0.81141986875 0.5216468843750001 0.8143091109375 0.5236387046875 0.8165711578125 0.546750096875 0.8175788140625 0.5500381734374999 0.81500316875 0.542418678125 0.8095048515625001 0.5335872312500001 0.803681790625 0.51973936875 0.8068846296875 0.5221632734375 0.8075341125 0.530214853125 0.81141986875
0 0.47065002656250005 0.7816327937499999 0.46892168593749994 0.78808305 0.47117698125 0.7990573999999999 0.46858447031250006 0.8087327828124999 0.47698383125 0.8161684078125001 0.4832121984375 0.80746725 0.48502484375000005 0.795854559375 0.48848152499999997 0.7829540484375 0.4866583140625 0.770367134375 0.47852243124999994 0.7716438125 0.47065002656250005 0.7816327937499999
0 0.509990915625 0.6832886796875 0.5189909703125 0.6787868718750001 0.5105073046874999 0.67651368125 0.509990915625 0.6832886796875
0 0.5488262203125001 0.8146784265625 0.54484258125 0.8101543343750001 0.524502875 0.8133460296875 0.5186222875000001 0.8255970578125 0.5052065109375 0.827187334375 0.4961221546875 0.8368515750000001 0.49223338749999995 0.8513646500000001 0.51387991875 0.8675348656249999 0.52080385 0.8659334453125 0.527812084375 0.8591695921875001 0.536896440625 0.8495053531250001 0.5407009046875 0.840154709375 0.5470135765624999 0.8262911171875 0.5488262203125001 0.8146784265625
0 0.6292577109375 0.8586984125000001 0.6202576578125 0.8632002171875 0.6055456265625 0.8696281875 0.58849399375 0.8702442375 0.57300209375 0.8747349 0.5595863171875 0.8763251765625 0.5643498218749999 0.8827865765625 0.5806215890625 0.8802332203125 0.5996650406249999 0.8818792156249999 0.6159368046875 0.879325859375 0.6327249609375001 0.869997503125 0.638605546875 0.8577464750000001 0.6292577109375 0.8586984125000001
0 0.5351152640625 0.7349575890625 0.5344197 0.7278578515625 0.5293084125 0.71784658125 0.522300178125 0.7246104359375 0.5294032828125 0.7368837515625 0.5351152640625 0.7349575890625
0 0.5779236390625 0.8466718296875 0.5838990953125001 0.8534579703125 0.5928148453125 0.8541185984374999 0.602942546875 0.8551039671874999 0.6123746859375 0.848989596875 0.606747009375 0.8457533249999999 0.5958394421875 0.84283065 0.5779236390625 0.8466718296875
0 0.40360260937500003 0.663423721875 0.4030862203125 0.67019871875 0.49571096875 0.6881040828125 0.4966594421875 0.679716521875 0.40360260937500003 0.663423721875
0 0.46508551875000004 0.7248348796874999 0.45850937031249994 0.7299861703125 0.46206092187500003 0.736122828125 0.47019680625 0.73484615 0.4827484125 0.7364810015625001 0.4926126359375 0.72875406875 0.4817050671875 0.7258313937499999 0.47400126875000004 0.7254955078124999 0.46508551875000004 0.7248348796874999
0 0.58931589375 0.7702206953124999 0.5915606234374999 0.7569954421875 0.596745646875 0.7376446734375001 0.5852268171875 0.7224598265625 0.5837513859375 0.7134227828124999 0.5799363546875 0.698573821875 0.5725803390624999 0.7017878046875 0.5704199140624999 0.709850625 0.5654878015625 0.7137140921875 0.567058103125 0.7417883078124999 0.5642969843750001 0.7617885578125 0.573560515625 0.7659990546875 0.58931589375 0.7702206953124999
0 0.7925549296875001 0.7728282046875 0.796707175 0.7670274312500001 0.787791425 0.76636680625 0.7783592875 0.7724811765624999 0.7714353546875 0.774082596875 0.7571554078125 0.778898 0.7481553546875 0.7833998046875 0.738375434375 0.78596430625 0.728943296875 0.792078678125 0.7208074125 0.7933553546875001 0.70938345625 0.7972076796875001 0.6946714234375 0.803635646875 0.7040192578125 0.8026837109375 0.71501113125 0.80044395 0.740715034375 0.7917762234375 0.756206934375 0.7872855609375 0.7676308921875 0.7834332374999999 0.782342925 0.7770052703125 0.7925549296875001 0.7728282046875
