0 0.5164512171875 0.7182223140625 0.5176563109375001 0.7130024734375 0.5137457203125 0.7047689 0.4933845953125 0.6872393625 0.49288127812500004 0.6944539046875 0.51284070625 0.7137233890625 0.5164512171875 0.7182223140625
0 0.5009834453125 0.7952894765625 0.49436258437499997 0.79376093125 0.5012835250000001 0.799024128125 0.5035920968750001 0.7940590453125 0.5088094015625 0.791598184375 0.5082092406250001 0.7841288828125 0.5004849015625 0.7823455781249999 0.49998158593750003 0.7895601234375 0.5017868421875 0.7918095843749999 0.5009834453125 0.7952894765625
0 0.502826890625 0.636271396875 0.5022267328125001 0.6288020953125 0.49931799843749997 0.626297875 0.49068864687499997 0.6334690625 0.4887817734375 0.636694196875 0.495504253125 0.6327481453125 0.502826890625 0.636271396875
0 0.4458716640625 0.5204918359375 0.43504013124999996 0.5069950640625 0.41939299375 0.4942192078125 0.43132800312499997 0.5079707375 0.43925080312500003 0.5189632890625 0.4458716640625 0.5204918359375
0 0.3247797421875 0.5365200234375 0.3229744859375 0.5342705624999999 0.32267440625 0.5305359125 0.3263865359375 0.5295602374999999 0.3286951078125 0.52459515625 0.3283950265625 0.52086050625 0.32538467656250003 0.5238308828125 0.324982978125 0.5255708296875 0.32056907031250004 0.5245517984375 0.3189622765625 0.531511584375 0.31845896093750004 0.538726128125 0.3168521671875 0.545685915625 0.31705063125 0.5548951640625 0.320661140625 0.5593940875000001 0.320157825 0.5666086296875 0.31844941250000003 0.5790430140625 0.320956446875 0.58328718125 0.32306178281250003 0.5892712921875 0.3229649390625 0.5745874484375 0.32346825468749996 0.567372903125 0.32286809375000003 0.5599036015625 0.3226696328125 0.5506943546875 0.321266075 0.5467049453125 0.32467812500000004 0.5419946203125 0.3247797421875 0.5365200234375
0 0.3184732828125 0.4782508 0.3453584265625 0.48262503749999996 0.34907055468750003 0.4816493640625 0.3221854125 0.4772751265625 0.3184732828125 0.4782508
0 0.3308925125 0.56542155625 0.3321944515625 0.5748855625 0.3375086 0.5871085468749999 0.340122025 0.5657196718749999 0.3396234828125 0.5527757734375001 0.3384231625 0.5378371703125 0.3355144296875 0.53533295 0.3331042390625 0.5457726296875001 0.33099413125 0.559946959375 0.3308925125 0.56542155625
0 0.3444438640625 0.5318964140625 0.345344103125 0.5431003671875 0.34835445468750004 0.5401299890625 0.34775429375 0.5326606875000001 0.34715413281249996 0.5251913859374999 0.3472557515625 0.5197167890625 0.3451504171875 0.5137326765625 0.34294346249999996 0.5132231609375 0.3417383671875 0.518443 0.3427402265625 0.52417235625 0.34153513125 0.5293921953125 0.3444438640625 0.5318964140625
1 0.337435625 0.4716324875 0.3435531703125 0.48037557656249996 0.33923610625 0.49404039062500005 0.3386311734375 0.50672953125 0.34755583125 0.5234514406249999 0.34925946875 0.5311754984375 0.3521682015625 0.53367971875 0.371343328125 0.4757953234375 0.379982228125 0.428307253125 0.36112627812500003 0.409292525 0.3534940109375 0.44235151093749997 0.34376117968750003 0.44926793906249995 0.32791558125 0.427282834375 0.3132703 0.420236334375 0.3086483828125 0.450324940625 0.322490265625 0.46085133437500003 0.337435625 0.4716324875
1 0.44316139374999997 0.5271968640625 0.4482770796875 0.5302105984375001 0.46713302968750003 0.549225325 0.4793681203125 0.56671150625 0.48928986406249997 0.6093212109375 0.496515659375 0.598160615625 0.494913640625 0.584961959375 0.4925082234375 0.5752431953125 0.49542650468750005 0.5374305296874999 0.500348503125 0.5110765734375 0.50226015 0.4876929953125 0.4975509359375 0.4627808703125 0.48742595624999996 0.4311203609375 0.4884325890625 0.4166912734375 0.4759990375 0.3899958453125 0.459151578125 0.3622813859375 0.452733953125 0.34980364375 0.444811153125 0.3388110921875 0.42885915937499997 0.342459028125 0.417117840625 0.3580751890625 0.409790425 0.3747103828125 0.4069785375 0.3868900078125 0.3934319609375 0.4002567078125 0.37968214843750003 0.42457260156250004 0.39843648125 0.449061925 0.405555884375 0.4635343703125 0.420293234375 0.5054231609375 0.42510406562499997 0.5248606859375 0.44316139374999997 0.5271968640625
1 0.37455691562500004 0.4618757515625 0.364616075 0.4998998171875 0.36641655625 0.5223077234375 0.3672151796875 0.538986271875 0.3761398375 0.55570818125 0.39189336875 0.5428509953125 0.4010260375 0.528465265625 0.41296582031250006 0.5220583515625 0.42400058906250004 0.524605928125 0.4189912953125 0.495959153125 0.40064343437499994 0.44957144062500004 0.38008384687499996 0.42283265468750003 0.37455691562500004 0.4618757515625
1 0.3401029296875 0.6463534421875 0.3300700203125 0.649535221875 0.3238460828125 0.6664251703125 0.3298620109375 0.680642859375 0.3342759171875 0.6816618890624999 0.339391603125 0.684675625 0.345615540625 0.667785675 0.34923082499999997 0.65212615625 0.3497341421875 0.6449116125 0.3401029296875 0.6463534421875
0 0.1996074109375 0.414154734375 0.18877587812500002 0.40065796093749995 0.18436197031249998 0.39963893125 0.1698183109375 0.3871178328125 0.16610618125 0.3880935046875 0.19990749218749998 0.417889384375 0.1996074109375 0.414154734375
0 0.30643665468750003 0.4699738671875 0.3090453078125 0.46874343749999997 0.30653827499999997 0.464499271875 0.30282614531249996 0.46547494375 0.3027245265625 0.47094954062500005 0.30643665468750003 0.4699738671875
0 0.32165345156249997 0.6054403265625 0.321251753125 0.6071802749999999 0.31232232031249996 0.610616809375 0.308910271875 0.6153271328125001 0.30961205 0.6173218390625 0.31563275156250004 0.6113810828124999 0.31934487968749997 0.610405409375 0.32486226406249996 0.6116791984375001 0.3245621828125 0.6079445484375 0.3242621046875 0.604209896875 0.322558465625 0.5964858375000001 0.321053290625 0.5979710265625 0.32165345156249997 0.6054403265625
1 0.3578649515625 0.6247965265625 0.3587699671875 0.6158420375 0.35174740781249997 0.6160534375 0.346626946875 0.6331981437499999 0.3505375375 0.64143171875 0.3578649515625 0.6247965265625
1 0.357071103125 0.5879595328125 0.36158662812500003 0.5835039671875 0.36550199375000003 0.5715791 0.358382590625 0.5571066546875 0.3525603515625 0.5722566578125 0.357071103125 0.5879595328125
