0 0.6645728640625 0.40201005 0.7135678390625 0.41541038593749996 0.7424623109375 0.4120603015625 0.7663316578125 0.4120603015625 0.7927135671875 0.41541038593749996 0.8165829140625 0.42043551093750003 0.8266331656249999 0.41038525937500003 0.80527638125 0.39698492500000004 0.7638190953125 0.38525963124999996 0.70477386875 0.38525963124999996 0.672110553125 0.38525963124999996 0.6645728640625 0.40201005
0 0.8140703515625001 0.44723618125 0.8153266328125 0.4371859296875 0.7914572859375 0.42043551093750003 0.7675879390625 0.41876046875000006 0.75376884375 0.4237855953125 0.773869346875 0.44221105468750005 0.7864321609375 0.44723618125 0.8140703515625001 0.44723618125
0 0.8592964828125 0.51926298125 0.8819095484374999 0.5209380234375 0.873115578125 0.5025125625 0.8555276375 0.49916247968749994 0.8341708546875 0.494137353125 0.820351759375 0.49748743749999996 0.825376884375 0.5142378562500001 0.8417085421875001 0.5159128984375 0.8592964828125 0.51926298125
0 0.8178391953125 0.5376884421875 0.8291457281250001 0.5376884421875 0.824120603125 0.5209380234375 0.8103015078125001 0.5125628140625 0.7939698500000001 0.5092127296875 0.773869346875 0.5025125625 0.7587939703125001 0.5092127296875 0.773869346875 0.5242881078125 0.798994975 0.530988275 0.8178391953125 0.5376884421875
0 0.7964824125 0.477386934375 0.821608040625 0.4740368515625 0.8429648234375 0.469011725 0.8592964828125 0.46063651562499996 0.8454773875000001 0.44723618125 0.8316582921875 0.45058626406249996 0.8153266328125 0.45226130624999994 0.8040201 0.4539363484375 0.7814070359375 0.46063651562499996 0.7964824125 0.477386934375
0 0.6369346734375 0.4338358453125 0.65201005 0.4338358453125 0.673366834375 0.4338358453125 0.6645728640625 0.4170854265625 0.65075376875 0.41373534375 0.6369346734375 0.41373534375 0.6180904515625001 0.41876046875000006 0.6369346734375 0.4338358453125
0 0.6344221109375 0.46063651562499996 0.64824120625 0.4589614734375 0.670854271875 0.45728643281250003 0.6834170859375 0.4489112234375 0.673366834375 0.4405360140625 0.6608040203125001 0.4405360140625 0.6419597984375 0.4405360140625 0.6281407031249999 0.4405360140625 0.620603015625 0.4539363484375 0.6344221109375 0.46063651562499996
0 0.7437185921875 0.510887771875 0.7525125625 0.510887771875 0.7600502515625001 0.5092127296875 0.7625628140625 0.49748743749999996 0.7562814078125 0.5025125625 0.74623115625 0.5008375203125001 0.7386934671875001 0.5008375203125001 0.726130653125 0.5041876046875 0.7437185921875 0.510887771875
0 0.6645728640625 0.48743718593749996 0.674623115625 0.48743718593749996 0.6871859296875 0.48576214375 0.69723618125 0.4840871015625 0.6922110546875 0.472361809375 0.6834170859375 0.4740368515625 0.674623115625 0.4740368515625 0.6608040203125001 0.4740368515625 0.65201005 0.48073701875 0.6645728640625 0.48743718593749996
0 0.54522613125 0.6968174203124999 0.5364321609375 0.6800670015625 0.521356784375 0.6750418765624999 0.526381909375 0.68174204375 0.5339195984375 0.6917922953125 0.54522613125 0.6968174203124999
0 0.5075376890625 0.7051926296875 0.5150753765625 0.7102177546874999 0.521356784375 0.711892796875 0.520100503125 0.6984924625 0.5100502515625001 0.6917922953125 0.5 0.68676716875 0.49371859218749997 0.6917922953125 0.5075376890625 0.7051926296875
0 0.3643216078125 0.5812395312499999 0.3555276375 0.572864321875 0.3429648234375 0.5711892796875 0.3417085421875 0.5829145734375001 0.35175879375 0.594639865625 0.3831658296875 0.6130653265625 0.3994974875 0.623115578125 0.40703517656250005 0.6298157453125001 0.420854271875 0.6281407031249999 0.4170854265625 0.6130653265625 0.41331658281249994 0.606365159375 0.40201005 0.59798995 0.3907035171875 0.5963149078125001 0.37185929687499997 0.5912897828125 0.3643216078125 0.5812395312499999
0 0.3567839203125 0.611390284375 0.3505025125 0.5929648234375 0.3429648234375 0.5879396984375 0.3379396984375 0.5812395312499999 0.32160804062500004 0.5762144046875 0.324120603125 0.5829145734375001 0.326633165625 0.594639865625 0.3379396984375 0.5996649921875 0.34798995 0.603015075 0.3567839203125 0.611390284375
0 0.30527638125 0.5929648234375 0.3128140703125 0.5879396984375 0.3065326640625 0.5711892796875 0.2902010046875 0.5711892796875 0.280150753125 0.5661641546875 0.271356784375 0.556113903125 0.2587939703125 0.5577889453125 0.2600502515625 0.5711892796875 0.272613065625 0.5812395312499999 0.278894471875 0.5845896140625 0.30527638125 0.5929648234375
0 0.4824120609375 0.5360134000000001 0.478643215625 0.5259631484375 0.47487437187500003 0.5410385265625 0.48115577812500004 0.5494137359375 0.48618090468749997 0.5460636515624999 0.4824120609375 0.5360134000000001
0 0.40075376875 0.422110553125 0.4158291453125 0.427135678125 0.42462311562500005 0.43048576250000004 0.43592964843750004 0.4254606359375 0.428391959375 0.42043551093750003 0.419597990625 0.4120603015625 0.4082914578125 0.4120603015625 0.3994974875 0.41038525937500003 0.3944723625 0.4170854265625 0.40075376875 0.422110553125
0 0.42462311562500005 0.4757118921875 0.4170854265625 0.4757118921875 0.4170854265625 0.47906197656250005 0.42871500312500005 0.485845896875 0.43090452187499995 0.48073701875 0.42462311562500005 0.4757118921875
0 0.42871500312500005 0.485845896875 0.425879396875 0.49246231093750004 0.4371859296875 0.4907872703125 0.42871500312500005 0.485845896875
0 0.6381909546875 0.7939698500000001 0.629396984375 0.7705192624999999 0.6080402015625 0.7638190953125 0.6080402015625 0.7788944718749999 0.6281407031249999 0.7889447234375 0.6381909546875 0.7939698500000001
0 0.5351758796875 0.3902847578125 0.5477386937500001 0.39698492500000004 0.5590452265625 0.4003350078125 0.5665829140625 0.3986599671875 0.5640703515625 0.38525963124999996 0.5502512562499999 0.3835845890625 0.5364321609375 0.37855946406249996 0.5276381906250001 0.360134003125 0.525125628125 0.34673366875 0.5150753765625 0.3400335015625 0.5175879390625 0.3634840875 0.523869346875 0.3835845890625 0.5351758796875 0.3902847578125
0 0.526381909375 0.45058626406249996 0.5288944718749999 0.48576214375 0.5414572859375 0.5092127296875 0.5439698500000001 0.494137353125 0.5414572859375 0.4824120609375 0.5414572859375 0.469011725 0.5427135671875 0.4589614734375 0.5540201 0.455611390625 0.5628140703125 0.455611390625 0.572864321875 0.4539363484375 0.5640703515625 0.4321608046875 0.55276381875 0.4237855953125 0.5376884421875 0.40703517656250005 0.521356784375 0.39698492500000004 0.521356784375 0.41876046875000006 0.526381909375 0.45058626406249996
0 0.49371859218749997 0.6214405359375 0.5087939703125001 0.644891121875 0.530150753125 0.6515912890625 0.5477386937500001 0.65326633125 0.5439698500000001 0.639865996875 0.5314070359375 0.6281407031249999 0.521356784375 0.6247906203125 0.5087939703125001 0.623115578125 0.49371859218749997 0.6214405359375
1 0.0854271359375 0.16080402031250002 0.180904521875 0.18425460625 0.2889447234375 0.22613065312499997 0.42462311562500005 0.2412060296875 0.5087939703125001 0.2412060296875 0.5 0.20603015 0.420854271875 0.16917922968750002 0.3128140703125 0.164154103125 0.228643215625 0.12227805624999999 0.1356783921875 0.1021775546875 0.0100502515625 0.070351759375 0.0025125625 0.075376884375 0.0113065328125 0.1323283078125 0.0854271359375 0.16080402031250002
