0 0.56862573125 0.27300867968750003 0.5474760046875 0.2742781515625 0.551635 0.292733859375 0.5665431046875 0.3001967375 0.56862573125 0.27300867968750003
0 0.5519793234375 0.3205722171875 0.5427921828125 0.31117400625 0.5323894828125 0.3257279203125 0.5132310890625 0.35354293281250004 0.49520113125 0.3625848671875 0.5049939671875 0.384284290625 0.5176493703125 0.380738771875 0.5305661421875 0.36165610625 0.5394089609375 0.3432159625 0.5519793234375 0.3205722171875
0 0.6058782703125 0.4980227046875 0.6242525515625 0.5168191265625001 0.65233463125 0.5382167453125 0.6496504812499999 0.5045490421875 0.61758156875 0.47861489375 0.59253421875 0.4458915109375 0.567312621875 0.423526225 0.5225883062500001 0.40113759687500006 0.51937933125 0.42282145625 0.5601168125 0.44067355468749997 0.5863776374999999 0.47372208593750004 0.6058782703125 0.4980227046875
0 0.6367316234375 0.5479089796875 0.6252046546875001 0.532681421875 0.6145447546875 0.5142179296875 0.595044121875 0.4899173109375 0.5705153421875 0.47467419062499994 0.5510997484375 0.469471796875 0.5210221671874999 0.4700831890625 0.5203272640625001 0.4872383 0.5369695015625 0.48822931093750005 0.5646201328125 0.48696762031249996 0.5906216703125 0.511276021875 0.6041420546875 0.52877184375 0.6200022625 0.552097015625 0.6367316234375 0.5479089796875
0 0.6517497859375 0.28314278593750003 0.6413470875 0.29769670000000004 0.662668975 0.31034640625 0.6838186984375 0.309076934375 0.6982953562499999 0.29388050312499997 0.689454625 0.288043375 0.674459396875 0.28575954531250003 0.6517497859375 0.28314278593750003
0 0.6524321796875 0.4116513234375 0.6534693234375 0.44661184374999996 0.672364259375 0.45861125156250004 0.6922154734375 0.43791840468750004 0.6930846234375 0.41040519687500004 0.6777450703125 0.3802830109375 0.6642246875 0.3627871875 0.652438434375 0.3388195 0.6298180343750001 0.3067464171875 0.620199446875 0.274688896875 0.6093652984375 0.2665835046875 0.594021575 0.2850158671875 0.5920239890625 0.3313021515625 0.6172435015625 0.3779447109375 0.6307638828125001 0.3954405359375 0.6524321796875 0.4116513234375
0 0.67246389375 0.30776855468750003 0.6530483 0.3025661625 0.6343255234375 0.30448593281249997 0.645852490625 0.3197134921875 0.6567737625000001 0.3226398375 0.6721154 0.32848474843750003 0.6927444687500001 0.334012290625 0.7053127484374999 0.3356458203125 0.6930929640625 0.313296096875 0.67246389375 0.30776855468750003
0 0.585000340625 0.362368659375 0.5928910546874999 0.32806621874999997 0.5750332578124999 0.3510273328125 0.569138046875 0.3633207625 0.5547485125 0.373338146875 0.54243951875 0.3804447484375 0.540531140625 0.397274709375 0.5527530109375001 0.39534715625 0.57901800625 0.3798411390625 0.585000340625 0.362368659375
1 0.45730744999999995 0.5379832984374999 0.4881670578125 0.515037746875 0.48825418125000003 0.5098587 0.47750715625 0.49657425625 0.45930503749999996 0.4916970140625 0.439107415625 0.50882878125 0.42462867343750005 0.5483024875 0.4161301796875 0.5945809890625 0.41699516093750005 0.61562233125 0.43936253125 0.566123459375 0.45730744999999995 0.5379832984374999
0 0.43624276249999994 0.558350996875 0.4196876515625 0.5521809359375001 0.41708645468750005 0.561888734375 0.41075771093749996 0.5758001312500001 0.41439604843750005 0.601052853125 0.4169080375 0.6208013796875 0.4291319921875 0.5945965515625 0.437802646875 0.5622372265625 0.43624276249999994 0.558350996875
0 0.7429863109375 0.7047055265625 0.7539075828125 0.7076318734375 0.7587635671874999 0.684655196875 0.748709359375 0.6784929187500001 0.736572528125 0.6995186984374999 0.7429863109375 0.7047055265625
0 0.7103967421874999 0.68556839375 0.7297252140625 0.695949834375 0.725653340625 0.672315078125 0.7103967421874999 0.68556839375
0 0.8161422171874999 1 0.8143862171875 0.9770201937499999 0.8281742265625001 0.9061470500000001 0.7383791875 0.8578087078125 0.748252890625 0.94716090625 0.75392281875 1 0.8161422171874999 1
0 0.7992250828125 0.8879853640625001 0.7789424234375 0.886018903125 0.7957568203125 0.90092909375 0.8116191140625 0.8999769890625 0.7992250828125 0.8879853640625001
1 0.8866990609375 0.7119988859374999 0.8156267984375001 0.6617407734375 0.7486284921874999 0.6108401421874999 0.7723856687499999 0.52703105 0.814257840625 0.4532782484375 0.8387078375 0.37659131874999996 0.7099861453125 0.42013633749999996 0.657109746875 0.44758729218750004 0.63682083125 0.51845265625 0.636034634375 0.5893413640625 0.6771993937499999 0.6784073203125 0.7728896453125 0.7144522328125 0.8748194296875 0.76604206875 0.8866990609375 0.7119988859374999
0 0.7749535046875 0.9057596468750001 0.7622981015625 0.9093051671874999 0.7718316515625 0.9222644578124999 0.7908987515625 0.9481830453125 0.7924607203125 0.927792 0.7749535046875 0.9057596468750001
0 0.7811888687499999 0.969859121875 0.7716553187499999 0.9568998296875 0.7607340484375 0.9539734843750001 0.768967 0.9717866765625001 0.7735595265625 0.98862441875 0.7925415890624999 0.995444778125 0.7895960671875 0.9773142187499999 0.7811888687499999 0.969859121875
0 0.4792517140625 0.36871601875 0.45134179531249996 0.3612375796875 0.4724894359375 0.38424538125 0.4948505515625 0.407578334375 0.511839196875 0.41213042812499995 0.5193814140625 0.39854418125 0.5129676328125 0.3933573515625 0.4792517140625 0.36871601875
0 0.5016190828125 0.31921714687499997 0.49615949062500003 0.30561533750000003 0.47344988125 0.3029985765625 0.4105234453125 0.2757327046875 0.34777125781249996 0.238108734375 0.32835566250000003 0.2329063421875 0.3631108109375 0.2682309203125 0.4122554921875 0.2935381140625 0.4561127421875 0.3191626765625 0.490436440625 0.331827946875 0.5016190828125 0.31921714687499997
0 0.3928565765625 0.09411752343749999 0.41755960312499996 0.0990025484375 0.4379293875 0.0957899609375 0.45734498125 0.10099235312499999 0.471386021875 0.1116911625 0.49348785156249997 0.126283984375 0.51775734375 0.132786975 0.5406412 0.1250456390625 0.494618371875 0.0832336328125 0.47338152187500004 0.089682153125 0.453965928125 0.08447976093750001 0.4357638078125 0.0796025171875 0.41140719062500003 0.0782785734375 0.3951984890625 0.075669596875 0.3789026625 0.078239665625 0.3928565765625 0.09411752343749999
0 0.45178158437500004 0.286787790625 0.484371153125 0.3059249234375 0.511416090625 0.292362021875 0.5041352421874999 0.29041112343750003 0.4599315828125 0.2612254796875 0.37741739218750003 0.2148380359375 0.3475140578125 0.20509132968750002 0.3103298765625 0.193393728125 0.324283790625 0.2092715859375 0.3581739578125 0.2235548203125 0.393796171875 0.255643465625 0.45178158437500004 0.286787790625
1 0.28736515156250003 0.13348228906249998 0.2833741484375 0.17750030781249998 0.281378646875 0.19950931562500002 0.269411890625 0.2587315484375 0.27521789375 0.275894440625 0.2771221015625 0.3076190296875 0.2736517546875 0.3448400328125 0.2759894953125 0.3749466546875 0.28014849062499997 0.3934023640625 0.280926346875 0.4196227546875 0.2928868484375 0.433232346875 0.3110868828125 0.462386865625 0.3233066671875 0.48473658750000004 0.3380405265625 0.502557559375 0.35502708437499997 0.531386928125 0.371148665625 0.5391749546875 0.38423760156250003 0.5340114687499999 0.4100690625 0.5201234171875 0.43962807187499997 0.502031765625 0.46329395624999997 0.4719562703125 0.48765265781249995 0.4490029375 0.5099329046875 0.404683115625 0.534986509375 0.364574671875 0.5585673546875001 0.31540095 0.5705320234375 0.2804559921875 0.5805032765625 0.24324276875 0.585707753125 0.1995499 0.5862304968750001 0.16847561093750002 0.58380563125 0.1435480375 0.5301555453125 0.096224053125 0.49955939374999997 0.07935518281250001 0.46636204687499994 0.07219411249999999 0.4100215546875 0.064034246875 0.34544602812499997 0.0623384640625 0.32048163125 0.072990584375 0.3014103609375 0.0956265484375 0.28736515156250003 0.13348228906249998
0 0.44405052187500005 0.48067305468750005 0.42065018125 0.4466568578125 0.3922216921875 0.42169815625 0.36968632968750004 0.40872330156250003 0.40071392968749997 0.448251478125 0.418134021875 0.47546288125 0.42939961875000004 0.506227584375 0.4484708890625 0.48359162031249997 0.44405052187500005 0.48067305468750005
1 0.387954721875 0.65119424375 0.39549485624999997 0.661885271875 0.4065882890625 0.6787307953124999 0.4221892140625 0.6933158359375 0.4203700453125 0.6806894734375 0.4214984796875 0.6619163968749999 0.41976643437499994 0.6441109859374999 0.41621521875 0.613679215625 0.4226310875 0.5945887703125 0.431994559375 0.569351609375 0.45444696718750005 0.538950965625 0.4677101515625 0.523429384375 0.48860059062500005 0.5134197828125 0.5096631921875 0.5173293578125 0.5307257953125 0.521238934375 0.54320695 0.5280515125 0.5605420046875 0.5361646875 0.5769228703125 0.5526928437499999 0.59729056875 0.57375753125 0.6125450828125001 0.5847814890625 0.6280609687500001 0.580268303125 0.65025200625 0.5654048031250001 0.6629966171875 0.5324029609375 0.6799894328125 0.4884005046875 0.69750081875 0.461878309375 0.709984059375 0.4444136125 0.71484004375 0.4214369359375 0.6941280203125 0.3725338921875 0.7038379046875 0.3508578140625 0.7082624390625 0.3052218296875 0.6936157046875 0.2822218078125 0.6708210578125 0.260506821875 0.652359653125 0.2468894484375 0.6338111234375 0.23845112343750002 0.6084131937499999 0.25072120781249996 0.463119709375 0.482314365625 0.430266684375 0.5029916515624999 0.4040867265625 0.5375958953125 0.39238134375 0.581280984375 0.3849241625 0.6139654578125 0.38223584375 0.628852303125 0.387954721875 0.65119424375
0 0.6244372234375 0.3850746578125 0.6532100375 0.4378717140625 0.6721900140625 0.46896934687499997 0.69022205625 0.4356501375 0.7001061843749999 0.4036159640625 0.6624905562500001 0.369259053125 0.6279096562500001 0.323576378125 0.645159671875 0.312591328125 0.669862696875 0.317476353125 0.7015001625 0.32075119218750003 0.669777659375 0.29837812656249996 0.6234042515625 0.3015595875 0.58795003125 0.3319446703125 0.5557027031249999 0.3649231671875 0.52839639375 0.3940232140625 0.5597745734374999 0.3885579234375 0.5903748953125 0.35687224375 0.6244372234375 0.3850746578125
