1 0.40355677187500005 0.6398210296875 0.42407660781249995 0.6331096203125 0.44459644374999996 0.628635346875 0.4596443234375 0.6331096203125 0.4787961703125 0.6465324390625 0.4952120390625 0.6711409390624999 0.50068399375 0.6935123046875 0.508891928125 0.71588366875 0.5157318734375 0.7382550328125 0.5253077968750001 0.7583892624999999 0.5348837203125 0.7561521250000001 0.5485636109375001 0.749440715625 0.5649794796875 0.7472035796875 0.5649794796875 0.736017896875 0.5458276328125 0.71588366875 0.5389876874999999 0.6935123046875 0.528043775 0.6756152125 0.508891928125 0.6510067109375 0.49794801718750004 0.6331096203125 0.491108071875 0.615212528125 0.480164159375 0.5883668906249999 0.46785225781250006 0.55257270625 0.45417236718750004 0.5503355703125 0.4295485640625 0.5592841156249999 0.4076607390625 0.57941834375 0.37893296875 0.601789709375 0.3584131328125 0.6219239375 0.3447332421875 0.66219239375 0.3529411765625 0.6912751671875 0.3693570453125 0.66219239375 0.3857729140625 0.6465324390625 0.40355677187500005 0.6398210296875
1 0.5266757859375 0.6733780765625 0.5485636109375001 0.7069351234375 0.5704514359374999 0.7337807609375 0.5813953484375001 0.7382550328125 0.6032831734374999 0.7293064874999999 0.623803009375 0.7203579421875 0.6456908343750001 0.7114093953125 0.6634746921875 0.7114093953125 0.6716826265625 0.695749440625 0.6689466484375 0.66219239375 0.662106703125 0.6219239375 0.6593707249999999 0.57941834375 0.6443228453125001 0.545861296875 0.6142270859375001 0.521252796875 0.5786593703125 0.49888143124999995 0.5403556765624999 0.5167785234375 0.48837209374999996 0.5234899328125 0.47606019218749995 0.5503355703125 0.4924760609375 0.5973154359375 0.508891928125 0.6398210296875 0.5266757859375 0.6733780765625
1 0.6470588234375 0.47651006718750005 0.6347469218749999 0.467561521875 0.6251709984375 0.47651006718750005 0.6347469218749999 0.49888143124999995 0.6484268125 0.50111856875 0.651162790625 0.48098434062499995 0.6470588234375 0.47651006718750005
0 0.6443228453125001 0.4854586125 0.6388508890625 0.48098434062499995 0.63201094375 0.48098434062499995 0.6333789328125 0.48769575 0.640218878125 0.4899328859375 0.6443228453125001 0.4854586125
0 0.629274965625 0.5503355703125 0.615595075 0.5503355703125 0.6060191515625 0.55480984375 0.6128590968750001 0.574944071875 0.6347469218749999 0.5704697984375 0.6388508890625 0.5592841156249999 0.629274965625 0.5503355703125
0 0.6347469218749999 0.615212528125 0.6251709984375 0.6129753921875001 0.6114911078125 0.6129753921875001 0.61012311875 0.6375838921875 0.6265389875 0.6420581656250001 0.6388508890625 0.628635346875 0.6347469218749999 0.615212528125
0 0.6675786593749999 0.6979865765625 0.6689466484375 0.6912751671875 0.66484268125 0.6868008953125 0.6552667578125 0.68903803125 0.6443228453125001 0.6912751671875 0.6443228453125001 0.70246085 0.6552667578125 0.70246085 0.6634746921875 0.6979865765625 0.6675786593749999 0.6979865765625
0 0.6114911078125 0.7181208046875 0.607387140625 0.70246085 0.6032831734374999 0.6935123046875 0.6005471953125 0.68903803125 0.59370725 0.6868008953125 0.59917920625 0.7046979859375 0.6046511625 0.7181208046875 0.6087551296875 0.7248322140625 0.6114911078125 0.7181208046875
0 0.6374829 0.6845637578125 0.6333789328125 0.6756152125 0.6279069765624999 0.6823266218749999 0.629274965625 0.70246085 0.6333789328125 0.7091722593750001 0.6374829 0.7002237140625 0.6374829 0.6845637578125
0 0.55540355625 0.6062639828124999 0.5813953484375001 0.5973154359375 0.59917920625 0.5883668906249999 0.59370725 0.5771812078125 0.580027359375 0.58165548125 0.558139534375 0.5861297546875 0.5376196984375 0.5973154359375 0.52257181875 0.6107382546875 0.5321477421874999 0.615212528125 0.5430916546875 0.6107382546875 0.55540355625 0.6062639828124999
1 0.50615595 0.3937360171875 0.480164159375 0.398210290625 0.4623803015625 0.4138702453125 0.45690834531249996 0.43400447499999995 0.4610123125 0.4608501125 0.49384405 0.4496644296875 0.5170998625000001 0.43400447499999995 0.5212038296875 0.40044742656250004 0.50615595 0.3937360171875
1 0.6771545828125001 0.58165548125 0.6990424078124999 0.5704697984375 0.716826265625 0.55480984375 0.7209302328125 0.5234899328125 0.7045143640625 0.5100671140624999 0.67578659375 0.5234899328125 0.6497948015625 0.548098434375 0.6552667578125 0.5637583890625 0.662106703125 0.5838926171875001 0.6771545828125001 0.58165548125
1 0.558139534375 0.5995525734375 0.5184678515625001 0.628635346875 0.5253077968750001 0.6577181203125 0.5512995890625 0.6868008953125 0.59917920625 0.6868008953125 0.6128590968750001 0.6510067109375 0.5868673046875 0.60850111875 0.558139534375 0.5995525734375
