0 0.315568021875 0.6973684203125 0.307152875 0.6973684203125 0.28751753125 0.6898496234375 0.28611500625 0.695488721875 0.30434782656250003 0.7067669171875 0.32819074375 0.70300751875 0.32678821875 0.6766917296875 0.309957925 0.6654135343750001 0.3029453015625 0.6654135343750001 0.3141654984375 0.6785714281249999 0.315568021875 0.6973684203125
0 0.4488078546875 0.67105263125 0.4488078546875 0.663533834375 0.43758765781250003 0.6597744359375 0.4193548390625 0.6691729328125 0.4193548390625 0.6766917296875 0.430575034375 0.67105263125 0.4488078546875 0.67105263125
0 0.19635343593750001 0.73308270625 0.20056100937500002 0.73308270625 0.230014025 0.7368421046875 0.238429171875 0.7236842109375 0.2566619921875 0.7086466171875 0.223001403125 0.695488721875 0.21178120625000002 0.7011278203125 0.20336605937500002 0.7161654140625 0.19635343593750001 0.73308270625
0 0.144460028125 0.7631578953125 0.13604488125 0.759398496875 0.1374474046875 0.76503759375 0.1318373078125 0.7687969921875 0.12482468437500001 0.7706766921875 0.107994390625 0.76503759375 0.13604488125 0.7781954890625 0.1570827484375 0.789473684375 0.17251051875 0.789473684375 0.1935483875 0.79699248125 0.20757363281250002 0.789473684375 0.2145862546875 0.7800751874999999 0.20476858281250002 0.7800751874999999 0.1865357640625 0.7781954890625 0.17391304375 0.7763157890625 0.1907433375 0.7706766921875 0.1879382890625 0.76503759375 0.17391304375 0.7687969921875 0.15848527343750002 0.7612781953125001 0.161290321875 0.757518796875 0.17391304375 0.7612781953125001 0.1781206171875 0.7518797 0.1893408140625 0.75 0.22440392656250002 0.75 0.22440392656250002 0.7462406015624999 0.1893408140625 0.740601503125 0.1893408140625 0.73496240625 0.1781206171875 0.73308270625 0.1767180921875 0.740601503125 0.161290321875 0.7368421046875 0.1570827484375 0.7537593984375001 0.15147265000000001 0.7612781953125001 0.144460028125 0.7631578953125
0 0.6507713890625 0.6785714281249999 0.6521739125 0.6936090218750001 0.6521739125 0.7086466171875 0.6563814859375 0.6842105265625 0.6507713890625 0.67105263125 0.63674614375 0.67105263125 0.63534361875 0.6748120296875 0.646563815625 0.6766917296875 0.6507713890625 0.6785714281249999
0 0.5511921453124999 0.67293233125 0.5273492281250001 0.67293233125 0.5273492281250001 0.6785714281249999 0.5511921453124999 0.6766917296875 0.5511921453124999 0.67293233125
0 0.5343618515624999 0.7011278203125 0.5231416546875 0.6992481203125 0.5231416546875 0.70300751875 0.5343618515624999 0.7048872187499999 0.5343618515624999 0.7011278203125
0 0.5007012625 0.6917293234375 0.5035063109375 0.6898496234375 0.4978962125 0.6672932328125001 0.4950911640625 0.6672932328125001 0.4950911640625 0.680451128125 0.5007012625 0.6917293234375
0 0.48246844375000003 0.7011278203125 0.46844319843750004 0.6992481203125 0.46984572187499996 0.7086466171875 0.4754558203125 0.7086466171875 0.48246844375000003 0.7011278203125
0 0.4361851328125 0.7142857140625 0.42917251093750003 0.7142857140625 0.42917251093750003 0.7199248125000001 0.4361851328125 0.7180451125 0.4361851328125 0.7142857140625
0 0.29032258125 0.6597744359375 0.309957925 0.663533834375 0.32538569375000004 0.6672932328125001 0.32678821875 0.6541353390625 0.3015427765625 0.646616540625 0.26367461406250003 0.650375940625 0.2650771390625 0.6541353390625 0.2748948109375 0.6541353390625 0.29032258125 0.6597744359375
0 0.31697054687500004 0.64097744375 0.31697054687500004 0.6372180453125 0.3029453015625 0.6372180453125 0.297335203125 0.64097744375 0.298737728125 0.6428571421875 0.307152875 0.64097744375 0.31697054687500004 0.64097744375
0 0.569424965625 0.695488721875 0.5624123421875 0.7011278203125 0.5638148671875001 0.70300751875 0.5722300140625001 0.7011278203125 0.569424965625 0.695488721875
0 0.5988779796875 0.67105263125 0.5876577843749999 0.67293233125 0.5890603078125001 0.6785714281249999 0.5988779796875 0.6748120296875 0.5988779796875 0.67105263125
0 0.2538569421875 0.6597744359375 0.25946704062500003 0.6522556390625 0.2468443203125 0.650375940625 0.22861150000000002 0.650375940625 0.2258064515625 0.6597744359375 0.2538569421875 0.6597744359375
1 0.6297335203125 0.6860902249999999 0.6493688640624999 0.710526315625 0.663394109375 0.695488721875 0.67321178125 0.6691729328125 0.646563815625 0.6447368421874999 0.6381486671875 0.6428571421875 0.6255259468750001 0.6748120296875 0.6297335203125 0.6860902249999999
1 0.7335203359375 0.650375940625 0.7293127625 0.6390977437500001 0.7180925671875 0.6390977437500001 0.7110799437499999 0.6691729328125 0.7251051890625 0.687969925 0.7335203359375 0.6748120296875 0.7335203359375 0.650375940625
1 0.778401121875 0.6353383453125 0.7727910234375 0.6334586468750001 0.7643758765625 0.6428571421875 0.769985975 0.6560150375 0.7755960734375 0.648496240625 0.778401121875 0.6353383453125
