0 0.54314854375 0.6847276703125 0.532979084375 0.6929126375 0.5165740999999999 0.6993162703125 0.51392229375 0.7076324609375 0.5289284125 0.7095668890625 0.54783928125 0.703206996875 0.5544833921875 0.681580528125 0.54314854375 0.6847276703125
0 0.49947068281250007 0.673930296875 0.525899203125 0.6677016250000001 0.54352794375 0.6629918499999999 0.5599621140625 0.65491623125 0.5613901640625001 0.6449061859375 0.5386912828125 0.6528724515625 0.5147394624999999 0.66081685 0.48694126249999997 0.67371159375 0.4642132 0.6833498484375 0.44777903124999996 0.691425465625 0.4552674984375 0.6932286734375 0.47543130937500006 0.6868906515625001 0.49947068281250007 0.673930296875
0 0.57196820625 0.6133134109375 0.5606917296875 0.6131165796875 0.546792628125 0.6195639515625 0.5329227125 0.6243393375 0.5177123015625 0.6341088125 0.5239478265625 0.6358901484375 0.5478704640625 0.6296177390625 0.5704817875 0.6266674296875 0.57196820625 0.6133134109375
0 0.727105525 0.4136493828125 0.7322924000000001 0.403704946875 0.736226334375 0.39373864062499997 0.7527188734375 0.3823190515625 0.7679001000000001 0.3742215625 0.7919102890625 0.3629331921875 0.8020797484375001 0.3547482234375 0.8048191093750001 0.34141607500000004 0.785908240625 0.3477759671875 0.7694740734375001 0.3558515859375 0.7555457875 0.36397094218750004 0.74287044375 0.372112171875 0.7276892171875 0.38020966093749997 0.7174905734375 0.390066615625 0.7111383109375 0.39497322343749997 0.7108756484375001 0.4100210984375 0.71696525 0.420162365625 0.727105525 0.4136493828125
0 0.8200567078125 0.4018918875 0.8100039875 0.4033889125 0.789840178125 0.40972693437499996 0.7771940203125001 0.41619617656249996 0.758429075 0.4141961375 0.7408003328125 0.4189059125 0.706679053125 0.4350352796875 0.7126811015625 0.4501925046875 0.7405668546874999 0.43228180156249996 0.749425003125 0.42741893593749997 0.756971840625 0.42587817031249997 0.783341990625 0.422993471875 0.8010291015625001 0.41493972343749996 0.8161519593750001 0.41018620781250004 0.8200567078125 0.4018918875
0 0.8025698953125 0.5420762796874999 0.8218017953125001 0.517324540625 0.8357884484375001 0.505861209375 0.8397807515625001 0.49255093125 0.82206445625 0.502276665625 0.8104961328125 0.5187996953125 0.796451109375 0.533606996875 0.781065590625 0.5534083875 0.7619212453124999 0.5731441703125 0.7427768984374999 0.59287995 0.7438839171875 0.6012617515625001 0.7604348265625 0.5864981890625 0.7872719312500001 0.5568617125 0.8025698953125 0.5420762796874999
0 0.76970355625 0.4863102421875 0.75944654375 0.4995111703125 0.7721218859375 0.491369940625 0.7911786765625 0.47665011875 0.7925483578125 0.4699840453125 0.7824664515624999 0.47315305468749996 0.76970355625 0.4863102421875
0 0.7042587265625 0.5018928546875 0.696507596875 0.5151375218750001 0.6852019359375 0.5166126765625 0.6777718375 0.511465496875 0.671507128125 0.5113561468750001 0.6589193390625 0.5144814171875 0.648633140625 0.5293543296875 0.659822065625 0.53456711875 0.6722055625000001 0.543145753125 0.6820248046875 0.5550246171875 0.69175649375 0.5719194390625 0.6992449609375 0.5737226468750001 0.703295634375 0.5570683953125 0.7097646359375 0.54547384375 0.7173990265625 0.5389171203124999 0.7263739124999999 0.527366309375 0.7253252625 0.5156405359375 0.719177290625 0.508843240625 0.72681168125 0.5022865171875 0.738204896875 0.495795403125 0.753386125 0.487697915625 0.7674019640624999 0.4745625984375 0.78762414375 0.46488060468750003 0.804204234375 0.44844505625000003 0.7891105625 0.4515265859375 0.7713358984375 0.46459629218750004 0.7702580640625001 0.45454250625 0.7626820421875 0.45775525781250004 0.74875375625 0.46587461562500004 0.734913025 0.46897801718750004 0.719819353125 0.472059546875 0.710669359375 0.4936422734375 0.7042587265625 0.5018928546875
0 0.6796376562499999 0.4763756578125 0.6735480546875 0.46623439062500005 0.664981753125 0.454377396875 0.6512285765625 0.4524648390625 0.637300290625 0.460584196875 0.652248040625 0.465862596875 0.66346615 0.46940340156250004 0.6683611796875 0.47617882656250005 0.6655926328125 0.4911829609375 0.6567636703125 0.49437384218749997 0.649041725 0.5059465234375 0.6590652625 0.5061214859375001 0.673051915625 0.49465815468749996 0.6796376562499999 0.4763756578125
0 0.5736297343750001 0.589927475 0.577388559375 0.5899930859375 0.578787425 0.581655025 0.5863926296875 0.5767702875 0.589015253125 0.570126084375 0.58143923125 0.573338834375 0.575116153125 0.57657345625 0.570046015625 0.579829946875 0.5699292765624999 0.5865178921875 0.5736297343750001 0.589927475
1 0.6290238375 0.5039246140625 0.6201365062499999 0.5104594687499999 0.6162609421874999 0.5170818015624999 0.611074065625 0.5270262390625 0.6096752015625 0.5353642984375 0.6108114046875001 0.5420741140625001 0.6171052984375 0.540511478125 0.6246813203125 0.5372987265625 0.6360161671875 0.5341515859375 0.6437381109375 0.522578903125 0.65146005625 0.5110062234375 0.649129278125 0.5009305656249999 0.640358684375 0.500777475 0.6290238375 0.5039246140625
1 0.6890191296875 0.513334315625 0.686629984375 0.5066026296875 0.6791123328124999 0.5064714078125 0.6752951375 0.50974976875 0.6714195734375 0.5163721046874999 0.66393110625 0.514568896875 0.6576080281250001 0.51780351875 0.6524211515625 0.5277479546875 0.6648338328125 0.5346546 0.673458503125 0.543167621875 0.6808302328125 0.5516587734375 0.68578363125 0.555090228125 0.6859587390625 0.5450583109375 0.6860754765625 0.538370365625 0.6874451578125 0.5317042921875 0.6888440234375001 0.52336623125 0.6890191296875 0.513334315625
1 0.580972278125 0.6000906125000001 0.5900639015625 0.58185185625 0.6002917296875 0.570322915625 0.611801684375 0.557143859375 0.6194360750000001 0.550587134375 0.6283234078125 0.54405228125 0.620834940625 0.542249075 0.6120351625 0.5437679703125 0.6057412671875 0.5453306046875 0.596795565625 0.55520943125 0.5892487296875 0.5567501953125 0.58286728125 0.5633287874999999 0.5752328906249999 0.5698855125 0.57508696875 0.5782454421875001 0.577388559375 0.5899930859375 0.580972278125 0.6000906125000001
1 0.659822065625 0.53456711875 0.6722055625000001 0.543145753125 0.6845015046875 0.55674034375 0.6954569515625 0.575329021875 0.6977877265625 0.5854046796875 0.7081322937500001 0.5671877921874999 0.7049863453125 0.5320104734375 0.6906806578125 0.489948378125 0.669730859375 0.46951275312499996 0.6623007609375 0.464365571875 0.651082653125 0.46082476874999995 0.6435649999999999 0.4606935484375 0.6360181640625 0.4622343125 0.620866121875 0.468659815625 0.6082783328125 0.4717850859375 0.5918441640625 0.47986070468750003 0.5803925796875 0.4896957890625 0.5701939359375 0.49955274375 0.56244280625 0.5127974125 0.5520690562499999 0.532686284375 0.54685299375 0.54430270625 0.5365667968750001 0.55917561875 0.53152584375 0.560760125 0.5275919109375 0.57072643125 0.5236871609375 0.57902075 0.5122355765625 0.5888558359375 0.49699598125 0.600297296875 0.4867097828125 0.6151702109375 0.47767652812500005 0.63006499375 0.48245481874999996 0.6435283640625 0.497373384375 0.65047875 0.5121752093749999 0.66411708125 0.524617075 0.669351740625 0.5408177671875001 0.6746520125 0.55328881875 0.6782146859375 0.561302609375 0.64992214375 0.5691996609375 0.6283175453125 0.5796901515624999 0.6017407296874999 0.591346028125 0.580201740625 0.604138109375 0.5653725671875 0.6194360750000001 0.550587134375 0.6321406015625 0.5407739203124999 0.6448159453125 0.5326326906250001 0.659822065625 0.53456711875
0 0.7827894796875 0.3828439359375 0.7916768125 0.37630908125 0.7866942296875 0.3745496140625 0.77276594375 0.3826689734375 0.7626840390625 0.385837984375 0.75510801875 0.389050734375 0.7462790546875 0.39224161562500004 0.7374792765625 0.39376051093750003 0.7284168359375001 0.41032728125 0.7435396937500001 0.4055737640625 0.7611100671875 0.40420796093750005 0.780020934375 0.39784807031249997 0.796455103125 0.3897724515625 0.8065953765625 0.38325946875 0.7889666359375 0.38796924375 0.7675498843749999 0.3942853953125 0.7574971640625 0.3957824203125 0.7714254484375 0.38766306093749997 0.7827894796875 0.3828439359375
