1 0.551052125 0.49366116250000003 0.5881476250000001 0.530855771875 0.616160375 0.5222095296875 0.635073790625 0.45465232499999997 0.5983895609375 0.3672460046875 0.5438963703125 0.4691653234375 0.551052125 0.49366116250000003
1 0.36426618906249997 0.399507746875 0.3400410984375 0.39856358125 0.3191509359375 0.40556544531250005 0.290660584375 0.4121429609375 0.2646162875 0.47480949062500005 0.27560115937499996 0.5223901953125 0.2950750953125 0.5222522609375 0.3311656390625 0.5160990921875 0.4004147765625 0.43909996093750003 0.36426618906249997 0.399507746875
1 0.0793460796875 0.4522128 0.0703959953125 0.5109328203125 0.071425825 0.5738857640624999 0.0894918265625 0.5871468156249999 0.0994468671875 0.571774575 0.11510826874999999 0.5616218875000001 0.1140784390625 0.49866894375 0.10688122656250001 0.4414978328125 0.0793460796875 0.4522128
1 0.4511236203125 0.7237354875 0.48906653437500003 0.68011184375 0.5242101640625 0.6763562765625 0.5137111875 0.6373793531249999 0.48802841093750005 0.61062384375 0.452951115625 0.666659846875 0.41026533593750003 0.71573645 0.397955446875 0.7469052781250001 0.4511236203125 0.7237354875
1 0.4442746546875 0.94103666875 0.48605497656249996 0.9270329421874999 0.4869687265625 0.898495121875 0.4346645515625 0.8539167624999999 0.38197398125 0.8791552765624999 0.3487407640625 0.891185746875 0.30320595156249996 0.9409201015624999 0.397743175 0.9539582953125001 0.4442746546875 0.94103666875
1 0.236250309375 0.5794128265625 0.2258259578125 0.59925139375 0.22346281875 0.608512925 0.23394521093749998 0.6344197406250001 0.2496066125 0.6242670515625 0.2567292015625 0.6226226734375 0.2533776875 0.601606534375 0.25049548593750004 0.5761240671875 0.236250309375 0.5794128265625
1 0.1558753453125 0.4977353265625 0.143573746875 0.5354392078125 0.1502518984375 0.5578663203125 0.1645634078125 0.6068579984375 0.183559740625 0.6046513390625 0.21730372656250002 0.6208298125 0.2115724890625 0.596005096875 0.2091596 0.5660563015625 0.1763293609375 0.5213400109374999 0.1558753453125 0.4977353265625
0 0.37053223750000003 0.8458434828125 0.3662545390625 0.8435625812499999 0.353903190625 0.8420561359375001 0.37053223750000003 0.8458434828125
0 0.374809934375 0.8481243812500001 0.3809939015625 0.8554126609375 0.3919124390625 0.850712928125 0.37053223750000003 0.8458434828125 0.374809934375 0.8481243812500001
0 0.40711282187500003 0.8515616218750001 0.3919124390625 0.850712928125 0.40616590781250006 0.8539592234375 0.41991689687499995 0.8355316296874999 0.44128466250000004 0.8305984921875 0.41801477499999995 0.8337917796875001 0.40994527343750004 0.837833759375 0.40711282187500003 0.8515616218750001
