0 0.5643036984375 0.6850051234375 0.5587815046875 0.6779638640625001 0.546710853125 0.6722396265625 0.5422484984375 0.6695706453125 0.53858941875 0.6733635125 0.5614478875 0.695259840625 0.5530698875 0.6984732984375001 0.55098378125 0.702459303125 0.551787053125 0.7089211515625 0.557822378125 0.7117832703125 0.5714660046875 0.7177006421875001 0.5861694703125 0.7279902953125 0.5966671484375 0.7335213953124999 0.5995565265625 0.7359972390625 0.609797640625 0.7436179109375 0.6221248593750001 0.747252575 0.6336823765624999 0.7571559531250001 0.6570204093750001 0.7621425765625001 0.6827011171875 0.7610536234375 0.67849533125 0.7562950734375 0.6585598109374999 0.7496051515625 0.66485170625 0.7503777 0.6703403265625 0.744688396875 0.669793621875 0.7361369765625 0.65168764375 0.7275506218750001 0.634641503125 0.7233365468749999 0.6175953640625 0.7191224703125 0.6070976859375 0.7135913703125001 0.592137653125 0.705391290625 0.5832129484374999 0.700053328125 0.574031675 0.696804934375 0.5643036984375 0.6850051234375
0 0.42875942499999997 0.5665508609375001 0.4303323984375 0.566743996875 0.4395136703125 0.5699923874999999 0.446865403125 0.5751372140625 0.4473785375 0.570958071875 0.44185634531250007 0.5639168125 0.441309640625 0.5553653921875 0.43922353281250004 0.559351396875 0.4387103984375 0.5635305390625 0.43530788593749997 0.5652338375 0.42875942499999997 0.5665508609375001
0 0.49697755312499997 0.5961377265625 0.5014399046875 0.5988067078125 0.5019530390625 0.594627565625 0.4990636609375 0.5921517203125 0.4959177140625 0.591765446875 0.49094222656250003 0.5932756078125 0.49383160625 0.5957514515625 0.49697755312499997 0.5961377265625
0 0.49481473593749997 0.769800178125 0.48929254375 0.7627589171875 0.4824539453125 0.75343495 0.48168424375 0.7597036625 0.49481473593749997 0.769800178125
0 0.5274011828125 0.8034963171875 0.55022608125 0.8126620812500001 0.5384119953125001 0.804848275 0.5257946375 0.7905726171875 0.5186994734375 0.783338221875 0.5116043078125 0.7761038250000001 0.5066288203125 0.7776139843750001 0.5145272578125 0.7913102296875001 0.5221355578125 0.7943654859375 0.5274011828125 0.8034963171875
0 0.48510832812500004 0.6667968609375 0.49560600624999995 0.672327959375 0.5008380609375 0.668728228125 0.49425602812499997 0.657314690625 0.48269851093750005 0.6474113140625 0.476663184375 0.64454919375 0.4693114515625 0.63940436875 0.46353269375000006 0.63445268125 0.45932690625 0.6296941281249999 0.44253733593750005 0.62339048125 0.4428274734375 0.634031471875 0.444690584375 0.6448655999999999 0.44757996406249995 0.6473414453124999 0.4599071828125 0.650976109375 0.4643695359375 0.653645090625 0.47329424218750005 0.6589830531249999 0.48510832812500004 0.6667968609375
0 0.4830893625 0.6962439890625001 0.49227063437499996 0.69949238125 0.4951264421875 0.6892376640625 0.48645830468750006 0.6818101296875 0.48360249531250005 0.6920648484374999 0.4830893625 0.6962439890625001
0 0.5643132640624999 0.48986755156250006 0.565082965625 0.483598840625 0.5621935859375 0.48112299687500004 0.5524991796875 0.48205374531249995 0.55355901875 0.4864260234375 0.5561918312499999 0.4909914390625 0.5643132640624999 0.48986755156250006
0 0.5126065718749999 0.5598774093750001 0.524677225 0.56560164375 0.5430397703125001 0.572098428125 0.547758690625 0.5726778390625 0.541176659375 0.5612643 0.5291060062499999 0.5555400640625 0.5170353546875 0.5498158281250001 0.5062811078125 0.5463743 0.503938434375 0.552449875 0.5126065718749999 0.5598774093750001
0 0.66062435 0.8368226515625 0.669515484375 0.8294300515625 0.6747139671875 0.8130997593749999 0.679655884375 0.7988590375 0.680425584375 0.792590325 0.6817084203125 0.7821424703125001 0.683247821875 0.7696050453125001 0.6808715765625 0.7629500593749999 0.6667148171874999 0.761211828125 0.643923490625 0.7647766234375 0.6334258109375 0.7592455234375 0.6340060859375 0.78052750625 0.6288076031250001 0.7968578 0.6207197421874999 0.8107122484374999 0.616290959375 0.8207738296875 0.61369171875 0.8289389765624999 0.6307378578125 0.8331530515625 0.64935696875 0.8375602640625001 0.66062435 0.8368226515625
0 0.62586065 0.5737832609375 0.63423865 0.5705698031249999 0.630802565625 0.5595425390625001 0.615842534375 0.5513424578125 0.6190220515625 0.5644592937499999 0.62586065 0.5737832609375
1 0.4891462578125 0.6079026046875 0.48936925468750003 0.5930824718750001 0.4924816296875 0.5807381828125 0.5042285718749999 0.563090865625 0.520214871875 0.5629326640625 0.5475021234375 0.5747674109375 0.5687540484375 0.5837400390624999 0.5781918890625 0.584898859375 0.5750123703125001 0.5717820234375 0.5671139328125 0.5580857781249999 0.556326115625 0.5419136875 0.5434521921875 0.5297276015625 0.5305782671875 0.517541515625 0.5171912078124999 0.5095345703125 0.5040607171875 0.4994380578125 0.48935725156250004 0.4891484046875 0.46466924218749994 0.4691485125 0.4462731265625 0.449921165625 0.425054771875 0.4536791 0.398995215625 0.509869440625 0.41742490312499997 0.5418273484375 0.4311356703125 0.5732058453125 0.4433070359375 0.61712176875 0.46298598750000003 0.625901259375 0.474509934375 0.6230740765625 0.4878634234375 0.6183504578125001 0.4891462578125 0.6079026046875
0 0.5674040703125 0.5687267687500001 0.5710967218749999 0.5776644625 0.5734729671875 0.5843194484375 0.57424266875 0.5780507375 0.5718664234374999 0.57139575 0.5666007984375 0.5622649203125001 0.5674040703125 0.5687267687500001
0 0.278410975 0.39961525937500003 0.278924109375 0.39543611875 0.272632215625 0.3946635703125 0.2697428359375 0.392187725 0.27051253750000004 0.3859190140625 0.26945269843749997 0.381546734375 0.2657936171875 0.385339603125 0.2665968890625 0.3918014515625 0.2658271875 0.3980701640625 0.2705461078125 0.398649575 0.2750084609375 0.40131855625 0.278410975 0.39961525937500003
0 0.5067271 0.516734034375 0.5274658921875 0.529885803125 0.54187921875 0.5295344656250001 0.53504061875 0.520210496875 0.519277315625 0.5055485671875 0.500658203125 0.501141353125 0.5067271 0.516734034375
0 0.7205196171875 0.79115003125 0.7228287203125 0.7723438953125 0.72147874375 0.757330625 0.718522221875 0.72939365625 0.7085376765625 0.7196834156249999 0.6831135374999999 0.718682796875 0.69701373125 0.7225105984375 0.7096310890625 0.73678625625 0.7164696859374999 0.746110225 0.7144842921875 0.7882879140625 0.7090292421875 0.8067077781249999 0.7004282453124999 0.82474136875 0.7075234109374999 0.831975765625 0.7169276796874999 0.8204040234375001 0.7205196171875 0.79115003125
0 0.5239626656249999 0.49339741562499995 0.5308012625 0.5027213828125 0.541812075 0.504073340625 0.5302545578125 0.4941699625 0.5186970390625001 0.484266584375 0.5139781203125 0.4836871734375 0.5239626656249999 0.49339741562499995
0 0.8434225312500001 0.6874605078125 0.846311909375 0.6899363515625 0.84814145 0.6880399171875 0.8502275578124999 0.6840539125 0.847338178125 0.68157806875 0.8457652046874999 0.68138493125 0.8434225312500001 0.6874605078125
0 0.836171509375 0.7205073671875 0.83357226875 0.7286725125 0.8380346234375 0.7313414953125 0.843010109375 0.729831334375 0.8450962171875 0.725845328125 0.8437798109375001 0.723562621875 0.8408904312500001 0.721086778125 0.836171509375 0.7205073671875
0 0.5006150640625 0.6835483609375 0.502991309375 0.6902033484375 0.50379458125 0.6966651984375 0.5132324203125 0.69782401875 0.511369309375 0.686989890625 0.50924963125 0.678245334375 0.4987519515625 0.672714234375 0.5006150640625 0.6835483609375
0 0.583670940625 0.7743471265624999 0.5668813687500001 0.76804348125 0.5718904265625 0.7792638828125 0.5994342453125 0.7890090578125 0.5910226734374999 0.779491953125 0.583670940625 0.7743471265624999
0 0.725751671875 0.7875503015625 0.7084489656249999 0.785425796875 0.70190050625 0.7867428203125 0.6817084203125 0.7821424703125001 0.6838280984375 0.7908870265625 0.6869740453125 0.7912733000000001 0.696411884375 0.792432121875 0.7011308046875 0.79301153125 0.7105686437500001 0.794170353125 0.7186900765625001 0.7930464671874999 0.725751671875 0.7875503015625
0 0.5701831687500001 0.7281484984375 0.6158665359375 0.759210590625 0.6174059390625 0.7466731640625001 0.57252584375 0.7220729218749999 0.5701831687500001 0.7281484984375
0 0.586203040625 0.7407208578125 0.5809709875 0.7443205890625 0.5919817984375 0.7456725468750001 0.586203040625 0.7407208578125
0 0.7170499625 0.76739220625 0.7178532343749999 0.7738540546875 0.720486046875 0.7784194703125 0.7215123140624999 0.7700611875 0.72147874375 0.757330625 0.717016390625 0.75466164375 0.7141270125 0.7521858 0.7170499625 0.76739220625
0 0.50661681875 0.67367991875 0.546811565625 0.7104313125 0.5554461328125 0.705128284375 0.50895949375 0.6676043421875 0.50661681875 0.67367991875
0 0.7166375406250001 0.8097630328125 0.718980215625 0.8036874578125 0.719749915625 0.7974187453125 0.7184335109375 0.7951360375000001 0.7152875640625 0.7947497625 0.7084825375 0.7981563578124999 0.7058832953125 0.8063215046875 0.7032840546875 0.8144866499999999 0.7040873265625 0.8209485015625001 0.7072332734375 0.8213347750000001 0.7111489203125 0.815452334375 0.7142948671875 0.8158386078125 0.7166375406250001 0.8097630328125
0 0.505010275 0.6607562203125 0.503180734375 0.662652653125 0.505813546875 0.66721806875 0.507129953125 0.6695007765625001 0.5094726281249999 0.6634252015625 0.5097291953124999 0.66133563125 0.50812265 0.64841193125 0.5057799765625 0.6544875078125 0.505010275 0.6607562203125
0 0.845352784375 0.7237557578125 0.842719971875 0.7191903421875 0.8374879171874999 0.722790075 0.83854775625 0.727162353125 0.845352784375 0.7237557578125
0 0.5328873703125 0.498735378125 0.524732365625 0.48712870312499995 0.5152945250000001 0.48596988124999996 0.519756878125 0.48863886250000005 0.5111223109374999 0.4939418921875 0.5223896921875 0.493204278125 0.5328873703125 0.498735378125
