0 0.375913728125 0.44210459999999996 0.3782754484375 0.445962125 0.3856372296875 0.44237284062500004 0.3914458046875 0.4390854703125 0.388679828125 0.433148228125 0.3793605828125 0.43495970625 0.375913728125 0.44210459999999996
0 0.35895608125 0.46266721874999994 0.36550935 0.45491849687499997 0.35848800625 0.4519667125 0.35153048125 0.45763571406250003 0.34889214062499996 0.4689400453125 0.349700653125 0.47309948437499993 0.3543602765625 0.4721937453125 0.35895608125 0.46266721874999994
0 0.4501483734375 0.5420646453125 0.4564250203125 0.54947778125 0.46385061875 0.554509284375 0.4644676796875 0.532806359375 0.4589357265625 0.520931875 0.45461654218750003 0.5152965453125 0.44874415 0.509963128125 0.442871759375 0.5046297109375 0.43585041562500004 0.501677925 0.4245098890625 0.4930908109375 0.4128289234375 0.49104476406249997 0.413701253125 0.5038249890625 0.421126853125 0.5088564921875001 0.42821201249999996 0.520429065625 0.4329354546875 0.5281441124999999 0.4423185171875 0.5349534234375 0.4501483734375 0.5420646453125
0 0.52417044375 0.5082515296875 0.5323407375 0.5088216828125 0.54051103125 0.5093918390625001 0.5486813265625 0.5099619921875 0.5517239234375 0.500737378125 0.5411280921875 0.4876889140625 0.5278939171875 0.4859447796875 0.5162129531249999 0.48389873281250007 0.506829890625 0.47708942343749994 0.49940429062499997 0.47205791875 0.4935318984375 0.466724503125 0.48765950625 0.4613910859375 0.4783402609375 0.46320256249999997 0.47097847968749995 0.4667918453125 0.4722550671875 0.48165179062499996 0.4831913375 0.4881591875 0.49372335156249997 0.49258686406249996 0.5035106703125 0.5014758921875 0.5109362703125 0.506507396875 0.52417044375 0.5082515296875
0 0.4941914265625 0.5032873703125 0.48021255781249994 0.5060045875 0.47831891249999997 0.51284756875 0.48270191406249996 0.5271036859375 0.492021159375 0.5252922078125 0.5020851000000001 0.5190193812499999 0.5074894171875 0.513652290625 0.4992553046875 0.5044613499999999 0.4941914265625 0.5032873703125
0 0.5910435359374999 0.454245053125 0.61312888125 0.44347720468749996 0.625150284375 0.4389821828125 0.6403419218749999 0.44250412031249997 0.648171778125 0.44961534375 0.6536399140625 0.452869040625 0.6761295140625 0.444180909375 0.6714060734375 0.43646586093749995 0.6511505578125 0.4317699421875 0.623192821875 0.437204375 0.5750433859374999 0.44656367656249996 0.5525537859375 0.455251809375 0.54795798125 0.46477833593750006 0.5580857390625 0.4671262953125 0.5728093015625 0.45994772968750003 0.5910435359374999 0.454245053125
1 0.344636775 0.47192550468750005 0.35314750781250004 0.4659545890625 0.3460623453125 0.45438201562499997 0.33559415000000004 0.45857512500000003 0.325530209375 0.46484795312499994 0.3330196265625 0.4785002453125 0.344636775 0.47192550468750005
1 0.5475323750000001 0.5123436234375001 0.574213525 0.492049246875 0.599001028125 0.47859785156249995 0.6645123671875 0.45075564999999995 0.679980625 0.43911573437499996 0.673640159375 0.42308181093749997 0.6348099687500001 0.43062963437499996 0.572341228125 0.44924722343749995 0.5351280640625 0.4651139203125 0.5121703890625 0.46310154687500005 0.482999884375 0.46229682343749995 0.4724040515625 0.449248359375 0.4497229984375 0.432074128125 0.42899940625 0.41667770312499997 0.4037438296875 0.4194285921875 0.3839563875 0.42543317968750005 0.35531777343750004 0.44394975 0.3422750546875 0.4680679796875 0.35631773906249997 0.47397155 0.38946699218749997 0.486952671875 0.42591411093750003 0.5251923281249999 0.4655314625 0.571448946875 0.5247448046875001 0.5858386171875 0.53083 0.567389390625 0.5475323750000001 0.5123436234375001
0 0.5269577703125 0.4645437671875 0.5245322328124999 0.45206545625 0.5159576828125 0.44941558437499995 0.5109576203125 0.456862390625 0.5129789015624999 0.4672609828125 0.5269577703125 0.4645437671875
0 0.667490915625 0.5904660546875 0.6639164265625 0.580369375 0.6596610593750001 0.5833548328125 0.667490915625 0.5904660546875
0 0.7024699937500001 0.58798340625 0.709363703125 0.5736936171875 0.69889550625 0.5778867265625001 0.7024699937500001 0.58798340625
0 0.668320778125 0.5449804859375 0.67257614375 0.541995028125 0.6764272546875 0.536929853125 0.6698101671875001 0.5360577859375 0.6581292015625 0.5340117390625 0.6473205671875 0.5447459171875 0.6454269203125 0.5515888999999999 0.65251208125 0.563161471875 0.65912916875 0.5640335390625 0.65946960625 0.55749246875 0.6582568375 0.5512533140625 0.6621079484375 0.5461881375 0.668320778125 0.5449804859375
