0 0.20538535625 0.393973378125 0.2258431984375 0.40664472500000004 0.2355716625 0.4074958546875 0.23409835937499998 0.4019262 0.2231327859375 0.3928056984375 0.20803963281249999 0.3860444609375 0.20538535625 0.393973378125
0 0.23775355 0.404966365625 0.2421734625 0.42167533125 0.2442992109375 0.3973779 0.2379336078125 0.3804987078125 0.236752634375 0.39399728125 0.23775355 0.404966365625
0 0.356553084375 0.4588860421875 0.37017293281249997 0.460077625 0.3830842 0.46936835 0.386975584375 0.46970880312499996 0.370645321875 0.45467819531250003 0.3531340875 0.45314616093750004 0.356553084375 0.4588860421875
0 0.303727046875 0.43522170937500004 0.2974175796875 0.44011046093750006 0.3010727703125 0.443150628125 0.3054365453125 0.43809164999999994 0.3117460125 0.43320289843750004 0.3214744765625 0.4340540296875 0.31610978749999996 0.428143921875 0.308327015625 0.42746301718749996 0.303727046875 0.43522170937500004
0 0.3086193484375 0.44653124687499995 0.3003641875 0.451249771875 0.30012799375 0.4539494859375 0.306201265625 0.45176045 0.324184890625 0.44789305468749996 0.3253658625 0.43439448125 0.3214744765625 0.4340540296875 0.31858400625 0.4446826625 0.3086193484375 0.44653124687499995
0 0.4840335859375 0.8617737109375 0.4813793109375 0.869702628125 0.48868969218749997 0.8757829625 0.5023095421875 0.8769745453125 0.5220026640625 0.8759770921875001 0.5008362375 0.8714048890624999 0.49158016250000003 0.86515433125 0.4840335859375 0.8617737109375
0 0.537591496875 0.697795925 0.5490294578125 0.7015169953125 0.5592864484375 0.7187366421875 0.563414028125 0.716377378125 0.5548665374999999 0.7020276734374999 0.542427659375 0.6873375203125 0.537591496875 0.697795925
0 0.572670103125 0.7226279375 0.5739072125 0.7308973078125 0.5697796328125 0.7332565703125 0.5605796953125 0.748773953125 0.56010730625 0.7541733828125 0.56447108125 0.7491144046875 0.5777985984375 0.731237759375 0.572670103125 0.7226279375
0 0.51399534375 0.788224415625 0.517650534375 0.79126458125 0.5217781140625 0.78890531875 0.5431245984374999 0.7690098625 0.5501426484375 0.7560219671875 0.5394694062500001 0.7659696953124999 0.5249047796874999 0.775576971875 0.51399534375 0.788224415625
0 0.5444856265625 0.73104363125 0.5395933265624999 0.7197340953125 0.530809640625 0.7080841046875 0.5259173390625 0.69677456875 0.52031645625 0.6935641765625 0.5081699109375 0.6979422484375 0.5016242484375 0.7055307140625 0.5198440671875 0.6989636046875 0.5271544484375 0.7050439390625 0.5374114390625 0.7222635828125 0.5420675453125 0.736272834375 0.547432234375 0.7421829421874999 0.5517960093750001 0.737123965625 0.5444856265625 0.73104363125
0 0.5282676390625001 0.7595489093750001 0.542832265625 0.749941634375 0.54159515625 0.7416722640625 0.5369951875 0.74943095625 0.526794334375 0.7539792546874999 0.5282676390625001 0.7595489093750001
0 0.5341047171875 0.7600595875 0.537996103125 0.760400040625 0.5401779906249999 0.7578705515624999 0.5464874578125001 0.7529817999999999 0.54866934375 0.7504523125 0.544777959375 0.7501118609375 0.5384684921875 0.7550006109375 0.5341047171875 0.7600595875
0 0.27742048124999996 0.5118111734374999 0.28202045 0.50405248125 0.2846747265625 0.49612356249999995 0.2708186828125 0.497631696875 0.2679282125 0.508260328125 0.2640929640625 0.5296878203125 0.267039571875 0.5408271296875 0.27287665 0.5413378078125 0.2735852328125 0.5332386640625 0.2725843171875 0.5222695796875 0.27742048124999996 0.5118111734374999
0 0.4792207125 0.69268914375 0.46707416718749994 0.6970672171875 0.4765664375 0.7006180609375 0.4921319796875 0.7019798703125 0.490658675 0.6964102140625 0.4792207125 0.69268914375
0 0.36144538437499996 0.47019557812499996 0.3526616984375 0.458545590625 0.347769396875 0.447236053125 0.3434056234375 0.4522950296875 0.3365676296875 0.4408152671875 0.331439134375 0.43220544531250005 0.3285486640625 0.44283407812500003 0.33002196875 0.4484037328125 0.3388056546875 0.46005372187500004 0.35319022499999997 0.474914103125 0.36026441249999996 0.4836941515625 0.368519571875 0.4789756265625 0.36144538437499996 0.47019557812499996
1 0.549321790625 0.720585225 0.5660683046874999 0.7084484609375 0.542663853125 0.6846378046875 0.52026031875 0.6717962328125 0.5093508828125 0.6844436765624999 0.49013014843749997 0.6800417000000001 0.4551076796875 0.67697763125 0.415597515625 0.725208140625 0.43322102500000004 0.7702760609375 0.4658254125 0.778569334375 0.49359363749999996 0.7973210125 0.5071012125000001 0.7549767093749999 0.52313914375 0.7509390875 0.549321790625 0.720585225
1 0.2278450296875 0.4285828921875 0.24246579375000002 0.4407435609375 0.2442992109375 0.3973779 0.2379336078125 0.3804987078125 0.224786146875 0.37390769687500003 0.19583695 0.368654590625 0.1910007859375 0.3791129984375 0.20367585781250003 0.3911034390625 0.20249488593749998 0.4046020125 0.2212432296875 0.4144034171875 0.2278450296875 0.4285828921875
1 0.347589340625 0.4717037109375 0.3494788953125 0.45010599375 0.3528417546875 0.43407793281249996 0.340639071875 0.4166880625 0.32990969375 0.40486784687500005 0.32070975625 0.4203852296875 0.3073261015625 0.41649393281249997 0.2971252484375 0.42104223281250003 0.2893986140625 0.442129271875 0.2938185265625 0.4588382375 0.306257403125 0.47352839218750004 0.3264229140625 0.467131509375 0.347589340625 0.4717037109375
1 0.42470846875 0.48661189687500006 0.4037782359375 0.47933998125 0.38673939062499996 0.4724085171875 0.3964117171875 0.45149170468750005 0.3871556421875 0.44524114531250003 0.3723548203125 0.4575481359375 0.35142458906249996 0.45027622031250003 0.34782553437499997 0.4690039953125 0.396163878125 0.54396290625 0.45813371406250003 0.5303419125 0.44787672343749996 0.5131222671875 0.4323111828125 0.511760459375 0.43567404062500004 0.4957323984375 0.42470846875 0.48661189687500006
1 0.27912997968750003 0.5146811140625001 0.28880230625 0.49376430156250006 0.2790738421875 0.4929131703125 0.2708186828125 0.497631696875 0.2630920484375 0.5187187343749999 0.2640929640625 0.5296878203125 0.2687490703125 0.5436970718749999 0.2736413703125 0.5550066078125 0.2772404234375 0.53627883125 0.27912997968750003 0.5146811140625001
