0 0.6729475093749999 0.5989010984375 0.6608344546875 0.5989010984375 0.659488559375 0.5879120875 0.652759084375 0.6043956046875001 0.6541049796875 0.6172161171874999 0.6635262453124999 0.6208791203125 0.6675639296875 0.6117216125 0.6729475093749999 0.5989010984375
0 0.655450875 0.653846153125 0.6500672953125 0.6446886453125 0.6446837140625 0.6501831499999999 0.641991925 0.6611721609375001 0.6473755046874999 0.6666666671875 0.6541049796875 0.6611721609375001 0.655450875 0.653846153125
0 0.6796769859375 0.8021978015625001 0.6810228796875 0.7820512828124999 0.668909825 0.7857142859375 0.658142665625 0.7893772890624999 0.6487214 0.7930402937500001 0.6500672953125 0.8131868125 0.659488559375 0.8131868125 0.6675639296875 0.8040293046875 0.6796769859375 0.8021978015625001
0 0.5908479140625 0.66849816875 0.5962314937500001 0.6849816843750001 0.6056527593750001 0.7051282046875 0.6110363390625 0.7289377296875 0.6312247640625 0.721611721875 0.6244952890625 0.6996336999999999 0.625841184375 0.6794871796875 0.615074025 0.6630036625 0.5975773890625 0.65567765625 0.5908479140625 0.66849816875
1 0.41857335156250003 0.49267399218749997 0.414535665625 0.525641025 0.421265140625 0.54395604375 0.43741588125 0.5347985343749999 0.4414535671875 0.509157509375 0.44952893749999995 0.5073260078125 0.4616419921875 0.4871794875 0.46971736249999996 0.441391940625 0.47375504687500003 0.42124542187499997 0.4616419921875 0.3919413921875 0.4414535671875 0.43589743593749997 0.42395693124999995 0.47069597031250004 0.41857335156250003 0.49267399218749997
1 0.3862718703125 0.565934065625 0.380888290625 0.5641025640625 0.37415881562500003 0.575091575 0.37415881562500003 0.5879120875 0.3795423953125 0.5879120875 0.38223418593749997 0.5787545781250001 0.3862718703125 0.565934065625
1 0.3633916546875 0.63186813125 0.358008075 0.646520146875 0.3526244953125 0.6666666671875 0.3553162859375 0.672161171875 0.367429340625 0.6831501828125 0.3781965 0.6886446890625 0.380888290625 0.66849816875 0.38223418593749997 0.6501831499999999 0.38358008125 0.6373626375 0.3862718703125 0.6208791203125 0.39165545156250003 0.6043956046875001 0.39703903125 0.5897435890625 0.40376850624999994 0.5732600734375 0.407806190625 0.558608059375 0.40915208593749997 0.5421245421875 0.401076715625 0.540293040625 0.39703903125 0.5549450546875 0.39030955624999997 0.565934065625 0.387617765625 0.5769230765625 0.3781965 0.597069596875 0.37012113125 0.6135531140625 0.3633916546875 0.63186813125
1 0.5652759078125 0.40842490781249996 0.53566621875 0.4047619046875 0.5168236875 0.40659340625 0.4885598921875 0.41391941406250005 0.48183041718749997 0.43589743593749997 0.4885598921875 0.46336996406250003 0.5047106328125001 0.4670329671875 0.5208613734374999 0.47069597031250004 0.53566621875 0.47802197812499997 0.553162853125 0.48351648281250004 0.56258411875 0.45054945 0.5814266484374999 0.4175824171875 0.5652759078125 0.40842490781249996
1 0.43068640625 0.5421245421875 0.419919246875 0.54945055 0.41857335156250003 0.5604395609374999 0.4293405109375 0.5549450546875 0.4522207265625 0.5512820515625 0.46971736249999996 0.547619046875 0.4724091515625 0.5347985343749999 0.4751009421875 0.5146520140625 0.4562584125 0.5128205125 0.44549125156249997 0.525641025 0.4414535671875 0.5366300359375 0.43068640625 0.5421245421875
1 0.5047106328125001 0.5622710625 0.5275908484375 0.5860805859375 0.5504710625 0.6117216125 0.559892328125 0.60622710625 0.566621803125 0.5915750921875 0.5746971734375 0.5695970703125 0.578734859375 0.54945055 0.5908479140625 0.53113553125 0.5814266484374999 0.5146520140625 0.5639300140625 0.5164835171875 0.5491251687500001 0.53113553125 0.5383580078125 0.5457875453125001 0.5168236875 0.5366300359375 0.49932705312500003 0.5293040296875 0.4777927328125 0.527472528125 0.47375504687500003 0.547619046875 0.48452220781250005 0.55677655625 0.5047106328125001 0.5622710625
0 0.371467025 0.653846153125 0.3755047109375 0.633699634375 0.371467025 0.615384615625 0.3687752359375 0.6373626375 0.3633916546875 0.6575091578125 0.371467025 0.653846153125
0 0.384925975 0.5695970703125 0.384925975 0.558608059375 0.3755047109375 0.5714285718750001 0.37415881562500003 0.5897435890625 0.380888290625 0.5824175828125 0.384925975 0.5695970703125
0 0.61641991875 0.7271062265625 0.619111709375 0.7380952375 0.6285329749999999 0.7545787546875 0.62987886875 0.7271062265625 0.625841184375 0.7234432234375 0.61641991875 0.7271062265625
