1 0.343474421875 0.3373335671875 0.3326836203125 0.3258822359375 0.32338382499999996 0.318962121875 0.3094144765625 0.3097079046875 0.3062359296875 0.31190501875 0.29183420312499997 0.327421803125 0.3069800984375 0.359222509375 0.32365630625 0.393302525 0.3440613609375 0.3936586953125 0.3769054515625 0.4009897765625 0.3679594203125 0.3738024796875 0.35587415 0.3465603859375 0.377730903125 0.353699684375 0.3778881328125 0.344692046875 0.343474421875 0.3373335671875
0 0.4304244078125 0.5731212 0.441254515625 0.5823206203125 0.4460026828125 0.58015090625 0.43980281874999994 0.5755374953125 0.4336815703125 0.5664202671874999 0.432269178125 0.5573852328125 0.42936578281250004 0.5438189828125 0.4226942328125 0.5662284828125 0.4304244078125 0.5731212
0 0.542454340625 0.6313915734375 0.5394330234375 0.6245810484375001 0.5237368265625 0.6243070703125 0.50957094375 0.6263124 0.5173404265625 0.6309532078125 0.52675814375 0.6311175953125 0.542454340625 0.6313915734375
0 0.49336375312499997 0.655313240625 0.4979153828125 0.664403071875 0.5009367 0.671213596875 0.5056062515625 0.6735476984375001 0.5072544859375 0.669071278125 0.50576348125 0.6645400609375 0.501054621875 0.6644578671875 0.49501198750000003 0.650836821875 0.49336375312499997 0.655313240625
0 0.5022731453125 0.5946486828124999 0.5116908625 0.59481306875 0.5165176437500001 0.588139534375 0.50392138125 0.5901722625 0.49611258906250005 0.5877833625 0.4881858765625 0.5921501921875 0.494425046875 0.59451169375 0.5022731453125 0.5946486828124999
0 0.5431985078125 0.6787090640625 0.540098575 0.6764023578125 0.5354683328125 0.6718163484375 0.5324470140625001 0.6650058234375 0.529465003125 0.655943390625 0.53107393125 0.6537188796875 0.532761471875 0.64699055 0.5328793921874999 0.640234821875 0.5266402218749999 0.637873321875 0.517143890625 0.6422127546875 0.51855628125 0.6512477890625 0.5244809953125 0.6716245640625 0.535035953125 0.6965873484375 0.542490978125 0.7192434296875 0.5457088328124999 0.7147944078124999 0.5458267546875 0.7080386796875 0.5475536015625 0.699058440625 0.5446108984375 0.6877441 0.5431985078125 0.6787090640625
0 0.5576395421875 0.6609403703125001 0.5577181578125 0.6564365515625 0.549870059375 0.6562995625 0.54033441875 0.6628909046875 0.54339504375 0.66744951875 0.5481432093749999 0.6652798015625 0.5576395421875 0.6609403703125001
0 0.5484549984375 0.7373682953125 0.55308524375 0.74195430625 0.5548907062499999 0.72847025 0.5486908421875001 0.723856840625 0.5484549984375 0.7373682953125
0 0.432303146875 0.73534085625 0.4354423859375 0.7353956515625 0.43242106874999997 0.7285851296875 0.429203215625 0.7330341515625001 0.432303146875 0.73534085625
0 0.44187809375000003 0.7264976078125 0.4465869515625 0.7265798015625 0.4468227953125 0.7130683453125 0.44552832656249997 0.6972775828125 0.4423104734375 0.70172660625 0.44187809375000003 0.7264976078125
0 0.47582545468750004 0.5806714640624999 0.4850466375 0.592095396875 0.48826449062500005 0.5876463734375 0.48061292968749997 0.5762498390624999 0.469822128125 0.5647985078125 0.4651918828125 0.560212496875 0.4604830234375 0.560130303125 0.46974351406250003 0.5693023265625 0.47582545468750004 0.5806714640624999
0 0.6553070546875001 0.73247561875 0.661388996875 0.74384475625 0.6772031140625 0.7373630062500001 0.6663336984375 0.7304154953124999 0.6553070546875001 0.73247561875
1 0.3531619515625 0.5019421234375 0.38196540625000003 0.47090855468750004 0.36984082812499997 0.44591837031250003 0.3568514921875 0.47047019062500006 0.339978746875 0.44764972031249994 0.3022292640625 0.4514959921875 0.2819814375 0.44213218281250005 0.23057706093750002 0.4187089640625 0.1740314484375 0.41997455156249996 0.14444451875 0.4059425390625 0.1251767046875 0.43038476562500005 0.1372226671875 0.4598787671875 0.185487803125 0.4832471921875 0.216880196875 0.4837951484375 0.24823328125000002 0.48659501406250005 0.2777415953125 0.505130846875 0.3319707515625 0.5466241359375 0.35104203125 0.5334414546875 0.3531619515625 0.5019421234375
0 0.7889632343749999 0.6311892109375 0.7670278671874999 0.62855373125 0.7445815046875001 0.6551930734375 0.7633383265625 0.660025665625 0.7808792921875 0.6445636765625 0.7889632343749999 0.6311892109375
0 0.5206449015625 0.351689065625 0.5033397796875 0.3536395984375 0.5107948062500001 0.37629568125 0.52798200625 0.381100875 0.5345749421875 0.36319519218749996 0.5206449015625 0.351689065625
