1 0.759398496875 0.335008375 0.7218045109375 0.2864321609375 0.680451128125 0.276381909375 0.6654135343750001 0.3115577890625 0.6453634078125 0.3333333328125 0.6491228062500001 0.4405360140625 0.690476190625 0.41876046875000006 0.728070175 0.3685092125 0.759398496875 0.335008375
1 0.6416040093750001 0.3484087109375 0.606516290625 0.37185929687499997 0.6127819546875 0.4321608046875 0.644110275 0.45226130624999994 0.6416040093750001 0.3484087109375
1 0.5526315796875 0.5092127296875 0.5313283203125 0.5477386937500001 0.5213032578125001 0.5812395312499999 0.54010025 0.6298157453125001 0.5839599 0.59798995 0.596491228125 0.5477386937500001 0.5526315796875 0.5092127296875
0 0.2481203 0.572864321875 0.3696741859375 0.5376884421875 0.428571428125 0.49916247968749994 0.3872180453125 0.5092127296875 0.3020050125 0.5360134000000001 0.220551378125 0.5477386937500001 0.11152882187499999 0.577889446875 0.0162907265625 0.59798995 0.007518796875 0.6298157453125001 0.1152882203125 0.603015075 0.2481203 0.572864321875
0 0.15288220624999999 0.6314907875 0.060150376562499996 0.6633165828124999 0.08897243125 0.6666666671875 0.1428571421875 0.6515912890625 0.15288220624999999 0.6314907875
0 0.2882205515625 0.5829145734375001 0.24686716718750001 0.5996649921875 0.20300751875 0.61976549375 0.235588971875 0.623115578125 0.27443609062499996 0.6080402015625 0.2882205515625 0.5829145734375001
0 0.507518796875 0.51926298125 0.48621553906250004 0.505862646875 0.4072681703125 0.544388609375 0.32957393437500004 0.5762144046875 0.3596491234375 0.5845896140625 0.4323308265625 0.556113903125 0.507518796875 0.51926298125
0 0.62907268125 0.4371859296875 0.6002506265625 0.4405360140625 0.5501253140625 0.455611390625 0.5726817046875 0.477386934375 0.6102756890625 0.4623115578125 0.62907268125 0.4371859296875
0 0.6328320796875 0.472361809375 0.6140350875 0.4740368515625 0.5852130328125 0.4840871015625 0.6052631578125001 0.4907872703125 0.6303258140625 0.4958123953125 0.6328320796875 0.472361809375
1 0.5626566421875 0.21608040156250002 0.586466165625 0.22613065312499997 0.5902255640625 0.24790619687499998 0.5827067671874999 0.259631490625 0.5902255640625 0.288107203125 0.6340852124999999 0.2663316578125 0.6303258140625 0.21943048593749997 0.596491228125 0.1943048578125 0.5626566421875 0.21608040156250002
1 0.9586466171874999 0.376884421875 0.9598997499999999 0.3618090453125 0.948621553125 0.3634840875 0.94110275625 0.3735343390625 0.9423558890624999 0.3869346734375 0.9498746859375 0.388609715625 0.9586466171874999 0.376884421875
0 0.7794486218750001 0.31490787343750004 0.7531328328125 0.3199329984375 0.754385965625 0.3400335015625 0.7781954890625 0.3366834171875 0.7794486218750001 0.31490787343750004
0 0.7418546359375 0.393634840625 0.728070175 0.40703517656250005 0.7393483703125 0.4170854265625 0.7493734328125 0.4087102171875 0.7418546359375 0.393634840625
0 0.40100250624999995 0.4907872703125 0.388471178125 0.5041876046875 0.4197994984375 0.49916247968749994 0.44360902187500006 0.48073701875 0.4223057640625 0.48073701875 0.40100250624999995 0.4907872703125
0 0.48370927343750003 0.4740368515625 0.482456140625 0.469011725 0.46491228125 0.4740368515625 0.4536340859375 0.48073701875 0.46240601562499994 0.4840871015625 0.47243107812499996 0.477386934375 0.48370927343750003 0.4740368515625
1 0.6516290734375 0.4673366828125 0.646616540625 0.46398659999999997 0.6453634078125 0.477386934375 0.6516290734375 0.47906197656250005 0.6516290734375 0.4673366828125
1 0.6416040093750001 0.477386934375 0.6328320796875 0.472361809375 0.6328320796875 0.48576214375 0.6378446109375 0.4840871015625 0.6416040093750001 0.477386934375
0 0.4047619046875 0.44723618125 0.38095238125 0.4489112234375 0.3872180453125 0.455611390625 0.398496240625 0.4539363484375 0.4047619046875 0.44723618125
0 0.48621553906250004 0.4254606359375 0.4686716796875 0.422110553125 0.45238095312500004 0.42881072031249995 0.438596490625 0.4338358453125 0.4498746859375 0.4405360140625 0.47117794531249996 0.4338358453125 0.48621553906250004 0.4254606359375
