0 0.6113058921875 0.6371573781250001 0.6020206875 0.6385972375 0.5951900578125 0.6405588343749999 0.596256240625 0.647612440625 0.6018595828125 0.6453899765625 0.6083431140625 0.6450613484375001 0.6151737453125 0.6430997515625 0.622004375 0.64113815625 0.61971090625 0.6338236828125 0.6113058921875 0.6371573781250001
0 0.595053840625 0.65930408125 0.6018844703124999 0.657342484375 0.609409296875 0.6521149546875 0.6032728625 0.650810615625 0.59766951875 0.653033078125 0.5920661765624999 0.6552555421874999 0.595053840625 0.65930408125
0 0.5976944078125 0.6649855875 0.591557971875 0.6636812484375 0.596306015625 0.6715174578124999 0.6012151625000001 0.6725609296874999 0.6111945624999999 0.667855134375 0.6190664859375 0.660994634375 0.613810240625 0.6615841328125 0.6041779390625 0.664656959375 0.5976944078125 0.6649855875
0 0.6012400515625 0.6845134390625 0.6063103015625 0.6787641718749999 0.60017386875 0.6774598328125 0.5914217546875 0.6824264953125 0.59563670625 0.686735903125 0.6012400515625 0.6845134390625
0 0.6102397109375 0.630103771875 0.6095455140625 0.63336970625 0.6120000890624999 0.6338914421874999 0.6135744734374999 0.6325193437500001 0.6142686687500001 0.6292534078124999 0.61338848125 0.627359571875 0.6121611921875 0.6270987031249999 0.6102397109375 0.630103771875
0 0.640438565625 0.6570036828125 0.6428931390625 0.6575254187499999 0.6444675234374999 0.6561533203125001 0.6451617203125 0.6528873843749999 0.64428153125 0.65099355 0.64305424375 0.65073268125 0.6402525734375 0.6518439125 0.640438565625 0.6570036828125
0 0.6452979375 0.6341421359375 0.6439095453125 0.64067400625 0.6435624468750001 0.642306975 0.6440955374999999 0.6458337765625 0.6465501125 0.6463555125 0.6472443078125 0.6430895796875 0.649165790625 0.6400845109375 0.6498599859375 0.6368185765625001 0.648099609375 0.6330309046875 0.646872321875 0.6327700375 0.6452979375 0.6341421359375
0 0.6663478046875 0.6437366609375 0.6682692890624999 0.64073159375 0.667736196875 0.637204790625 0.666856009375 0.63531095625 0.6640543375 0.6364221875 0.66424033125 0.6415819578125 0.6663478046875 0.6437366609375
0 0.6801701718750001 0.63302073125 0.6803312765625 0.6262279937499999 0.6775296046875 0.627339225 0.6761412124999999 0.6338710953125 0.679475975 0.6362866656249999 0.6801701718750001 0.63302073125
0 0.6920959421874999 0.637262378125 0.6952447125 0.634518178125 0.6915628515625001 0.633735575 0.68595950625 0.6359580375 0.68841408125 0.6364797734375001 0.6920959421874999 0.637262378125
0 0.69049666875 0.6266819671875 0.687694996875 0.6277931999999999 0.692257046875 0.6304696390625 0.6941785296874999 0.627464571875 0.69049666875 0.6266819671875
0 0.6924181515625001 0.6236769 0.696447109375 0.6228265359375 0.69714130625 0.6195606015624999 0.69503383125 0.6174058984374999 0.693112346875 0.620410965625 0.689963578125 0.6231551640624999 0.6924181515625001 0.6236769
0 0.7057323140625 0.6213866765625 0.70381083125 0.6243917437500001 0.70626540625 0.6249134796875 0.7106414609375 0.622430146875 0.713096034375 0.6229518828125 0.7162448046875001 0.620207684375 0.713257140625 0.6161591468750001 0.71045546875 0.6172703765625001 0.7057323140625 0.6213866765625
0 0.72256723125 0.6266717953125001 0.717658084375 0.6256283234375 0.7148564140625 0.6267395546875 0.712054740625 0.6278507859375 0.7083728812500001 0.6270681828125 0.7034637328125 0.6260247109375 0.701195153125 0.630662746875 0.70172824375 0.63418955 0.7048770140625 0.63144535 0.7085588734375 0.6322279546875 0.715389503125 0.6302663578125001 0.7190713640624999 0.6310489609375 0.722753225 0.631831565625 0.7274763796875 0.6277152671875 0.72256723125 0.6266717953125001
0 0.74708808125 0.61993664375 0.7406045484375 0.6202652703125 0.738683065625 0.6232703390625 0.7420178281250001 0.625685909375 0.7460467875 0.6248355453125 0.7500757453125 0.6239851828125 0.7544518 0.62150185 0.7567203828125 0.616863815625 0.7498897515625 0.6188254109375 0.74708808125 0.61993664375
1 0.9475064890624999 0.5038095515625 0.951374340625 0.509751928125 0.955936390625 0.512428365625 0.9578578734375001 0.5094232984375 0.9632752234374999 0.5020410640625 0.968159484375 0.4911320265625 0.9683205875 0.4843392890625 0.9681345953125 0.4791795171875 0.9674155125 0.47049294374999995 0.962320371875 0.46428970156249993 0.9558368390625 0.46461833124999996 0.9505805953124999 0.4652078265625 0.9446301531250001 0.46906325625 0.9377995234375 0.47102485312500003 0.932357284375 0.466454578125 0.9266177234375 0.487422290625 0.9257624218749999 0.49748096249999996 0.9317128640625001 0.4936255328125 0.9348616328125001 0.4908813328125 0.9385434937499999 0.4916639359375 0.941531159375 0.49571247500000004 0.9475064890624999 0.5038095515625
1 0.8241347156250001 0.6738618140625 0.8194115609375 0.6779781125000001 0.8155685953124999 0.683988246875 0.8213579328125 0.686925553125 0.8285356593750001 0.683330990625 0.8369406749999999 0.6799972953125 0.8509490328125 0.6744411359375 0.839556353125 0.6737262921875 0.8318455359374999 0.6737940515624999 0.8241347156250001 0.6738618140625
1 0.6403639015625 0.62114615625 0.6382315390625 0.60703894375 0.633297503125 0.5940429625 0.6274832796875 0.579153146875 0.62623110625 0.5669397703125 0.6200697828124999 0.553682921875 0.6107596921875 0.5431702734375 0.603048871875 0.5432380343750001 0.5949909546875001 0.5449387609375 0.5890405140625 0.5487941937499999 0.57924710625 0.558659759375 0.568920609375 0.564998521875 0.56385035625 0.5707477890625 0.559152090625 0.586816596875 0.5513050546875 0.6056296046874999 0.54223073125 0.62418174375 0.5485780453125 0.6425983625 0.5538591796875 0.6539613765625 0.55687173125 0.669962425 0.5633801515625 0.6815863046875 0.5749588250000001 0.6874609203125 0.5858433 0.6966014687500001 0.60353351875 0.6918279140625 0.6234923171875 0.682416321875 0.6318724453125 0.6671301171875 0.634996328125 0.6524334078125 0.6372400203125 0.6358428640625 0.6403639015625 0.62114615625
0 0.2606005125 0.7059792765624999 0.2683113328125 0.705911515625 0.2712741078125 0.6980075453125 0.2726625 0.691475675 0.265831871875 0.6934372703125 0.259001240625 0.6953988671875 0.2488358484375 0.694944890625 0.23445550312500002 0.690181509375 0.22463720937499998 0.6880945656249999 0.21359162656250003 0.6857467546875 0.2058808078125 0.685814515625 0.199050178125 0.6877761109375 0.21132304687499998 0.690384790625 0.21956695625 0.693843834375 0.22781086718750002 0.697302875 0.23885644843749998 0.6996506859375 0.24376559531250003 0.7006941578125 0.2535838890625 0.7027811015625 0.2606005125 0.7059792765624999
0 0.2896834109375 0.7019205625 0.28373296875 0.70577599375 0.2772494375 0.7061046234374999 0.2847991515625 0.7128296015625 0.2914686765625 0.71766074375 0.2972580125 0.72059805 0.3068903140625 0.717525221875 0.30302246093749996 0.7115828484375 0.2963529359375 0.7067517062500001 0.2896834109375 0.7019205625
0 0.299848803125 0.7023745390625 0.30494394375 0.70857778125 0.31281586875 0.7017172828125 0.30860091562499997 0.697407875 0.30123719531250004 0.69584266875 0.2959809515625 0.6964321640625 0.299848803125 0.7023745390625
0 0.33154737968750003 0.6920448234375 0.3240225546875 0.6972723546874999 0.3189523015625 0.703021621875 0.31073328125 0.7115150875 0.3158284203125 0.7177183312500001 0.320551575 0.7136020296875001 0.324394540625 0.707591896875 0.329997884375 0.7053694328125 0.335415234375 0.6979871984375 0.3371507234375 0.6898223609375 0.33154737968750003 0.6920448234375
0 0.344725325 0.708499846875 0.351903053125 0.704905284375 0.3610022640625 0.698305653125 0.35451873125 0.69863428125 0.347688103125 0.7005958765625 0.340696365625 0.7093502109375 0.344725325 0.708499846875
0 0.38413472187500003 0.6981023703125 0.3769569921875 0.7016969359375 0.37837027343749996 0.7071175734375 0.3825852234375 0.71142698125 0.3881885671875 0.7092045171875 0.3941390078125 0.7053490859375 0.40166383437500003 0.7001215546874999 0.3943001140625 0.698556346875 0.38413472187500003 0.6981023703125
0 0.3601469640625 0.7083643265624999 0.35139485000000004 0.7133309890625 0.345444409375 0.7171864203125 0.3416014421875 0.72319655625 0.33495680625 0.730317921875 0.342667625 0.7302501609375 0.3489651640625 0.7247617625 0.3592916625 0.7184229984375 0.3675106828125 0.7099295328124999 0.37135365 0.7039193984375001 0.36487011874999997 0.7042480265625 0.3601469640625 0.7083643265624999
0 0.36139913749999997 0.720577703125 0.356675984375 0.7246940015625001 0.3647339 0.7229932734375 0.373324909375 0.7248193484375001 0.381729921875 0.721485653125 0.3855728890625 0.71547551875 0.37663478281249996 0.7152824109375 0.36646938906250004 0.7148284359375 0.36139913749999997 0.720577703125
0 0.36756045937500004 0.7338345515625 0.3601967390625 0.73226934375 0.3579032703125 0.7249548703124999 0.3552875921875 0.7312258734375 0.351097528125 0.738868975 0.3451470859375 0.74272440625 0.34042393125000003 0.7468407046875 0.34621326875 0.7497780125 0.3518166125 0.7475555484374999 0.35811415156250004 0.74206715 0.36302329843750003 0.7431106203125 0.370548125 0.737883090625 0.373163803125 0.7316120875000001 0.36756045937500004 0.7338345515625
0 0.31499800625 0.7397295125000001 0.3085144734375 0.740058140625 0.2992292703125 0.741498 0.30624589375 0.7446961765625 0.311155040625 0.7457396484375 0.317291475 0.7470439875 0.32412210468749997 0.745082390625 0.32516339843750003 0.7401834890625001 0.3186798671875 0.7405121171875 0.31499800625 0.7397295125000001
0 0.3364447484375 0.7715960875000001 0.3315356015625 0.7705526171875 0.3255851609375 0.7744080484375 0.332601784375 0.777606221875 0.33751093125 0.77864969375 0.3415398890625 0.7777993296875 0.34837051875 0.775837734375 0.350106009375 0.7676728953125 0.343622478125 0.7680015234375 0.3364447484375 0.7715960875000001
0 0.2979155421875 0.7838873984375 0.2912709046875 0.791008765625 0.28393207187499997 0.8013960671874999 0.277820525 0.8120442359375 0.27170897968749996 0.8226924062500001 0.2668247203125 0.8336014437499999 0.26263465625000004 0.841244546875 0.26754380312500003 0.8422880171875 0.2715478734375 0.8294851453125001 0.2769652234375 0.8221029109375 0.28587844375000004 0.8103435078125001 0.2919899890625 0.7996953390625 0.2958329546875 0.7936852046875 0.2979155421875 0.7838873984375
0 0.249853584375 0.8470615734375 0.2570313125 0.8434670109375 0.26332885156249997 0.8379786109375 0.25807260625 0.8385681078125 0.251589075 0.8388967359375 0.2466799265625 0.8378532640625 0.23896910781249997 0.837921025 0.232832675 0.8366166859374999 0.2263491421875 0.8369453140625 0.21898542187499997 0.83538010625 0.21250188906249998 0.835708734375 0.21514245468749998 0.8413902421874999 0.22215907812500002 0.8445884156250001 0.22584093906249997 0.8453710187500001 0.2298698984375 0.84452065625 0.2347790453125 0.8455641281249999 0.2424898640625 0.845496365625 0.249853584375 0.8470615734375
0 0.3005312203125 0.777616396875 0.2979155421875 0.7838873984375 0.3050932703125 0.780292834375 0.3077089484375 0.7740218328124999 0.3005312203125 0.777616396875
0 0.3314858265625 0.7466475984375001 0.33164693125 0.7398548593750001 0.3276179734375 0.7407052249999999 0.3314858265625 0.7466475984375001
0 0.27883693125 0.795192825 0.2825187921875 0.795975428125 0.28566756249999997 0.793231228125 0.2835600859375 0.791076525 0.280758415625 0.7921877578125 0.2770765546875 0.791405153125 0.27883693125 0.795192825
1 0.5997507765625001 0.474267178125 0.5738415359375 0.4875342015625 0.575701465625 0.5391319078125 0.5972844234375 0.5522532359375 0.612742728125 0.48556243125 0.5997507765625001 0.474267178125
