0 0.24017964531249997 0.6819093921875 0.238722334375 0.6715400921875 0.2328511796875 0.6723652296875 0.2303943875 0.6832846203125 0.23467281718750002 0.6853268546875 0.24017964531249997 0.6819093921875
0 0.229165990625 0.6887443156249999 0.22415890468750002 0.68151743125 0.21560204375 0.677432965625 0.2190164046875 0.6875272203125 0.2236591640625 0.6921617765625 0.229165990625 0.6887443156249999
0 0.24787243593750002 0.6940458781250001 0.23772285312500002 0.6928287828124999 0.24541564375 0.70496526875 0.250422728125 0.712192153125 0.2542014171875 0.7248787296875 0.259937159375 0.7372902640625 0.25934391875 0.71886894375 0.25324384843750003 0.7038650875 0.24787243593750002 0.6940458781250001
0 0.23990881718749998 0.7083827312500001 0.2359947125 0.7089328234375001 0.2304878859375 0.712350284375 0.2226596796875 0.713450465625 0.22448131718750003 0.726412090625 0.234630903125 0.7276291875 0.2376809359375 0.735131115625 0.2439164203125 0.736898303125 0.2463732125 0.7259789125 0.24723728125000002 0.7179268921874999 0.23990881718749998 0.7083827312500001
0 0.23326709218750002 0.7463255515625 0.23840959218750002 0.740315765625 0.23340250624999997 0.7330888828125001 0.2275313515625 0.7339140203125 0.22898866093749998 0.74428331875 0.23326709218750002 0.7463255515625
0 0.320876584375 0.702290509375 0.31072699843749996 0.7010734125 0.30021308593749996 0.697263990625 0.29079215625 0.7012315453125 0.29065674218750004 0.7144682140625 0.2945708453125 0.713918121875 0.2954349140625 0.705866103125 0.3036274484375 0.7073582453125 0.31341270468750004 0.7059830171875 0.32392661718750004 0.7097924375 0.333711875 0.7084172093750001 0.320876584375 0.702290509375
0 0.3423622359375 0.741567340625 0.3306199265625 0.7432176140625 0.316920565625 0.745142934375 0.3180135484375 0.752919909375 0.32939152968749996 0.748677309375 0.3411338390625 0.7470270359375 0.345776596875 0.75166159375 0.35201207968750003 0.75342878125 0.350919096875 0.7456518078125 0.3423622359375 0.741567340625
0 0.6181517453125001 0.488681909375 0.6311224515625 0.48157194062500003 0.644457484375 0.477054296875 0.63162219375 0.4709275953125 0.6222012625 0.47489515000000004 0.611187609375 0.48173007187500005 0.6181517453125001 0.488681909375
0 0.6882412734375001 0.47618794218750005 0.69802653125 0.4748127140625 0.69106239375 0.4678608765625 0.6714918796875 0.4706113328125 0.6706278109375 0.47866335312499997 0.6882412734375001 0.47618794218750005
0 0.7377188875 0.530035453125 0.7455470937500001 0.5289352703125 0.76047485 0.5215502562500001 0.7593818671875 0.5137732828125 0.742497059375 0.5214333421874999 0.7366259046875 0.522258478125 0.7377188875 0.530035453125
1 0.6061805234375 0.47450318906250005 0.5683613890625 0.5036100703125 0.5827894062500001 0.5068694015624999 0.7284752875 0.47846400312500004 0.7594237828125 0.4714709484375 0.7330245453125 0.4540328984375 0.7075828750000001 0.4576084921875 0.664527740625 0.46365949687499997 0.6061805234375 0.47450318906250005
1 0.2313100421875 0.746600596875 0.24942324531249999 0.7334808421875 0.26348693437500004 0.734147846875 0.25410791875 0.6958130671875 0.2303943875 0.6832846203125 0.21633069843750002 0.6826176140625 0.2313100421875 0.746600596875
1 0.7307128359374999 0.56538595 0.7413621625 0.5559587015624999 0.7454116796875 0.5421719390625 0.7388118703125001 0.537812428125 0.7343980250000001 0.5490068640625 0.7307128359374999 0.56538595
1 0.767116575 0.483607434375 0.756009421875 0.46137669375 0.7383959578125 0.4638521046875 0.722239803125 0.476696815625 0.7280690437499999 0.5181740125000001 0.756331834375 0.506271353125 0.767116575 0.483607434375
