0 0.40186346406249995 0.5530848890625 0.415279240625 0.554675165625 0.420042746875 0.548213765625 0.40974643593750004 0.5388742671875 0.398153871875 0.5246970765625 0.3908821578125 0.5266455265625 0.3820507125 0.5324685875 0.40186346406249995 0.5530848890625
0 0.2921452859375 0.2696540890625 0.28780329843749997 0.30192765781249997 0.27705376875 0.3393748015625 0.26777966875 0.3677849015625 0.261361559375 0.397158084375 0.2709623046875 0.4135973203125 0.282828915625 0.3948626046875 0.3032634953125 0.3790171296875 0.3242250296875 0.34574705 0.32831410625 0.29798618125 0.3153409828125 0.27380886718749997 0.2921452859375 0.2696540890625
0 0.5204981015625 0.239577271875 0.49028360156249995 0.2528582453125 0.4623138328125 0.279364471875 0.43789561718750003 0.29973404062500003 0.43919187343750005 0.3045717328125 0.4488874890625 0.30197379999999996 0.46127048750000005 0.29001408125 0.476509478125 0.2790174421875 0.502139646875 0.2583231328125 0.53348179375 0.239554984375 0.5204981015625 0.239577271875
0 0.466402909375 0.231603603125 0.45765576562500004 0.24258909687500002 0.4821582875 0.22738196249999998 0.49704949374999996 0.21993519374999998 0.5095167968750001 0.21313790937500002 0.5183482421875001 0.20731484843749998 0.50778845625 0.206687653125 0.4941092 0.21380968125000002 0.47601422343750005 0.2238432375 0.466402909375 0.231603603125
0 0.5601658734375 0.1840114625 0.5669211984375 0.1752880140625 0.5671846765625 0.1665757109375 0.557141278125 0.1727235140625 0.5503859546875 0.18144696093749998 0.5435463265625 0.185007975 0.542418678125 0.19049514843749998 0.5601658734375 0.1840114625
0 0.48886101093749995 0.140897271875 0.478195784375 0.18350685 0.47723674374999997 0.1993188921875 0.47463366406249996 0.2138431125 0.48676375156249996 0.1863960921875 0.5031303890625 0.1699122796875 0.51698881875 0.148915515625 0.5335240640625 0.14275656875 0.5405428640625 0.1253208203125 0.5266950031250001 0.1221179796875 0.50003205625 0.12926229375 0.48886101093749995 0.140897271875
0 0.5867024828125 0.06974386406250001 0.600297434375 0.057459403124999996 0.5964929703124999 0.0481087625 0.5841205390625 0.0358688765625 0.5739085328125 0.0316918125 0.5608405390625 0.026551665625 0.5349574609375 0.0317586765625 0.5220580703125 0.036943396875 0.5243871046875 0.05533108437499999 0.5196236 0.061792484375 0.513995925 0.0650287578125 0.5068928203125 0.0773020734375 0.49917845312500003 0.1018375625 0.49665967968749997 0.121524215625 0.5109501937500001 0.102140015625 0.5205615078125 0.09437965000000001 0.52783321875 0.0924312 0.5363168828125 0.090158009375 0.5536319953125 0.08206175624999999 0.56696346875 0.0784896 0.5867024828125 0.06974386406250001
0 0.6440646140624999 0.12869238593750001 0.640175846875 0.11417930937500001 0.636719165625 0.10127879843750001 0.6341266546875 0.0916034140625 0.6274662015625 0.081289690625 0.6259907734375 0.0903267359375 0.630311625 0.106452375 0.6350645625 0.124190578125 0.637309290625 0.1374158328125 0.6354860796875 0.15000274687499998 0.647521296875 0.141592896875 0.64579295625 0.1351426421875 0.6440646140624999 0.12869238593750001
0 0.6790635171875 0.25931006874999996 0.6877157890625 0.26736174375 0.694734590625 0.24992599375000002 0.6994243609375 0.21410255625 0.70134244375 0.1824784734375 0.6980649359375 0.1557032234375 0.6922792203125 0.12441502499999998 0.671517996875 0.09541116093749999 0.656289575 0.0822081953125 0.640713371875 0.0725551 0.63957515625 0.10224187968750001 0.6489967265625001 0.1325558515625 0.654961615625 0.149969315625 0.659366771875 0.1712573875 0.662475671875 0.18770776875 0.6689569515625 0.2118962296875 0.6737941921874999 0.234796865625 0.6751747499999999 0.2447969921875 0.6790635171875 0.25931006874999996
0 0.717571703125 0.48058950781250004 0.7214710375 0.4709029796875 0.7225986859375 0.46541580312499997 0.7204382609375 0.45735298437500005 0.715337540625 0.4431646515625 0.7109218171875 0.44607618125000004 0.6910036265625 0.46869665156250007 0.6739414265625 0.4922802046875 0.6680502734375 0.5042287796875 0.6822459171874999 0.50388175 0.6832786953125 0.51743174375 0.6904555359375 0.534520465625 0.702669928125 0.5122358796875 0.7094252515624999 0.5035124328125 0.7148843203124999 0.48995129375 0.717571703125 0.48058950781250004
0 0.68615581875 0.46999561874999995 0.6949029624999999 0.45901012343750003 0.7036501046875 0.4480246296875 0.7128293328125 0.43865169843749996 0.7151689343750001 0.4328397828125 0.7133562890625 0.42122709374999995 0.7115436453124999 0.40961440312499997 0.7105951703125 0.40122684218750004 0.70886683125 0.3947765875 0.704714584375 0.38897581406250004 0.70134220625 0.3812377359375 0.6968421796875 0.3789868328125 0.6928585421875 0.38351092656249997 0.690002553125 0.382547846875 0.685070440625 0.378684378125 0.6822987546875 0.38288373125 0.6820352765625 0.391596034375 0.68099193125 0.40224564375 0.6835844421874999 0.4119210265625 0.6884322515625 0.4106220609375 0.68705169375 0.40062193593749995 0.6910353312499999 0.39609784062500003 0.6945868828124999 0.3899611828125 0.69900260625 0.38704965156250004 0.704103325 0.40123798749999995 0.707127921875 0.41252593437499996 0.7090248703124999 0.4293010578125 0.7030494125 0.4360871984375 0.6974217375 0.439323471875 0.6934380984375 0.4438475640625 0.6906664140625 0.4480469171875 0.6907507171875 0.453209353125 0.6875469453124999 0.45579614062499996 0.6803595359375 0.4629070234375 0.6736042125 0.4716304703125 0.66528915625 0.48422852812499995 0.6645935921875 0.4913282671875 0.659398003125 0.49617710312499996 0.655762146875 0.497151328125 0.650998640625 0.503612728125 0.6464986140625 0.501361825 0.6465829171874999 0.5065242578125 0.6446754015625 0.5139487390624999 0.63869994375 0.52073488125 0.6340207453125 0.5323587140625 0.62094218125 0.551418171875 0.6065673640625 0.5656399375000001 0.589768640625 0.5805111875 0.576173690625 0.5927956484375 0.5603234406250001 0.616054459375 0.6087277906249999 0.5737027578125 0.62821389375 0.549469721875 0.6425044093750001 0.5300855234374999 0.65601505625 0.512638628125 0.6643301140625 0.5000405703124999 0.67420490625 0.48356790156249996 0.68615581875 0.46999561874999995
0 0.282892084375 0.44842424531249997 0.2513918984375 0.4326679234375 0.2479246484375 0.443967015625 0.249463246875 0.48849161093750004 0.26112954843749997 0.5320308390624999 0.26985555625 0.5694445515625 0.36885614375000003 0.618964421875 0.3665271109375 0.6005767359374999 0.37208105156250004 0.5679784265625 0.36438781875 0.5441147078124999 0.3424146421875 0.5154355859375 0.3233817578125 0.49288197812499995 0.282892084375 0.44842424531249997
0 0.4597945859375 0.6965696515625 0.44897132031250003 0.704654759375 0.4557160765625 0.720130915625 0.46860489687499995 0.7391457984375001 0.49065180937499997 0.7971869578125 0.49791295625 0.8194381125 0.5073345265625 0.8497520859375 0.5100007734374999 0.8887895078125 0.5351251218749999 0.8371205953124999 0.552629975 0.7909500031250001 0.5521241546875 0.759975403125 0.540278678125 0.7303109125 0.516998678125 0.7209937015625 0.477278303125 0.6987982671874999 0.4597945859375 0.6965696515625
0 0.6683769203125001 0.5490781171875 0.6569423953125 0.569425396875 0.6371085078125 0.5972083031250001 0.618054490625 0.6230539015625001 0.6036796718749999 0.63727566875 0.5918130609375 0.6560103859375 0.6293098406250001 0.616581359375 0.6505242859375 0.5987985796874999 0.670442475 0.5761781078125 0.690887621875 0.5361330296875 0.6812868765625 0.5196937921875 0.6786837984375 0.5342180125 0.6683769203125001 0.5490781171875
0 0.44895042187499995 0.554294703125 0.429822665625 0.550778265625 0.4112218671875 0.529837221875 0.39010229218750003 0.5285828312499999 0.40792322499999994 0.55146118125 0.4129396390625 0.56048708125 0.437684503125 0.5849668515625 0.4689212125 0.609435478125 0.489945915625 0.6297270375 0.5132153500000001 0.6632438515625 0.5275795999999999 0.6732216906249999 0.5466336187499999 0.647376090625 0.554000203125 0.6263904703125001 0.5403315156249999 0.6093128937500001 0.51073884375 0.5861320906249999 0.48486633125 0.567139496875 0.47422224062499996 0.561349865625 0.44895042187499995 0.554294703125
0 0.6254633421875 0.50526986875 0.6374142578125 0.49169758437500005 0.64815321875 0.47845004375 0.6648676375 0.45841636093749993 0.676818553125 0.44484407812500004 0.6895493328125 0.42933449062499995 0.6970845234375 0.4186737375 0.70704361875 0.4073635015625 0.7021958109375 0.4086624671875 0.687820990625 0.42288423281250004 0.6807178859375 0.43515755 0.6691990578125 0.450342396875 0.6508406015625 0.46908825781249996 0.6361180015625 0.48685989375 0.612996040625 0.5120671546875 0.58545835625 0.5401859453125 0.5651080796875 0.5611938515625 0.5498690921875 0.5721904906249999 0.5345458015625 0.57802469375 0.5244180984375 0.5790100640625 0.5261464390625 0.5854603203125001 0.539909996875 0.5835007265625001 0.5548012046874999 0.57605395625 0.568828240625 0.565382059375 0.583982925 0.5492229890625 0.60675710625 0.5275655984375 0.6254633421875 0.50526986875
0 0.21439037343749998 0.5272711546875 0.1920588453125 0.5263415046875 0.16574367968749998 0.5299359499999999 0.135792659375 0.5345046203125 0.1141461296875 0.5506748359375 0.117086421875 0.5568003515625 0.13206193125000001 0.554516015625 0.16209725625 0.5551097796875 0.1746488625 0.5534749265625 0.2193962203125 0.560496659375 0.263711490625 0.5659058265625 0.263542884375 0.5555809593750001 0.2503905859375 0.5452783796875 0.21439037343749998 0.5272711546875
0 0.5337236625 0.676760415625 0.544030540625 0.661900309375 0.5375386953125 0.6619114546875 0.523859440625 0.6690334796874999 0.5023077796875 0.6661665250000001 0.48301141718749996 0.652325221875 0.4529023578125 0.6223694203125001 0.432225434375 0.598527990625 0.41734479531249996 0.58177515625 0.40869252500000003 0.573723478125 0.409640996875 0.582111040625 0.426165675 0.6001516984374999 0.4361142015625 0.6130410656249999 0.45713890625 0.633332628125 0.4703755078125 0.6487976390625 0.48439197656250005 0.662325346875 0.50775628125 0.676804990625 0.5216041437500001 0.68000783125 0.5337236625 0.676760415625
0 0.6019938359375 0.3352677359375 0.63160764375 0.31004933125 0.6528220890624999 0.2922665515625 0.6796642109375 0.2712474984375 0.6702426375 0.24093352656250003 0.6595248125000001 0.205781859375 0.6492390703125 0.1722427578125 0.6405973656249999 0.13999147812499999 0.6316078796875 0.11129006718750001 0.6173385 0.082275059375 0.6194040546874999 0.10937505 0.625537553125 0.137113378125 0.634094953125 0.16420222499999998 0.643948609375 0.1961287625 0.6482694609374999 0.212254403125 0.6534544828125 0.2316051703125 0.65352821875 0.2609672078125 0.6439169078125 0.268727575 0.6266860984375 0.2819862609375 0.5831401265625 0.298839390625 0.547814340625 0.3221316328125 0.4675620234375 0.35227688125 0.45545307187499995 0.3313246921875 0.44307007187499997 0.3432844109375 0.4462632765625 0.3648972265625 0.4553476328125 0.3745614671875 0.489282290625 0.365468703125 0.51793705625 0.356062340625 0.5518717140625 0.34696957500000003 0.6019938359375 0.3352677359375
0 0.5556968421875 0.7054395375 0.560112565625 0.7025280078125 0.5712836109375 0.6908930296875 0.5895577640624999 0.6669847359375 0.5942369656250001 0.655360903125 0.58306591875 0.6669958796875 0.56669928125 0.6834796937500001 0.5556968421875 0.7054395375
0 0.5004108328125 0.649391403125 0.488902571875 0.6403766453124999 0.48561449687499997 0.637801 0.48275850625 0.6368379203125001 0.4869107515625 0.64263869375 0.49642719375000005 0.6539154968750001 0.50135930625 0.6577789640625 0.510359359375 0.662280771875 0.5165034234375 0.665819496875 0.5234273546875 0.6674209171875 0.5123511796875 0.6600187234375 0.5004108328125 0.649391403125
