0 0.5770523625 0.6800688609375001 0.571052446875 0.6734299625 0.558611896875 0.6685616750000001 0.553974234375 0.6662104734375001 0.55058864375 0.670249346875 0.5749188421875 0.6904978093749999 0.566785409375 0.6942878593749999 0.564982434375 0.6984096734375 0.5662345046875 0.7047997484375 0.5724547796875 0.7072338921875 0.586477946875 0.71218511875 0.6018633640625 0.72142404375 0.6127213 0.7262093890625 0.6157763484375 0.7284776484375 0.6265241046875001 0.7353653734375001 0.6390748375 0.73813128125 0.6512950265625 0.7472043234375 0.6749240578125 0.7505508203125 0.700466246875 0.747673125 0.695938765625 0.743219546875 0.67558514375 0.7379365531250001 0.6819156015625001 0.73826831875 0.6869939859375 0.7322100078125 0.6858520953125 0.7237175546875 0.66719126875 0.7164151249999999 0.64989269375 0.71340039375 0.6325941187499999 0.7103856609375 0.62173618125 0.705600315625 0.6062405828124999 0.6984637703125001 0.5969652609375 0.693761365625 0.58757975625 0.6911613390625 0.5770523625 0.6800688609375001
0 0.4335753171875 0.5713582374999999 0.43515793125 0.571441178125 0.444543434375 0.574041203125 0.45223614218749997 0.578660665625 0.4524565046875 0.574455909375 0.4464565921875 0.5678170109375 0.4453147015625 0.5593245578125 0.443511725 0.563446371875 0.4432913640625 0.567651128125 0.4400159546875 0.569587625 0.4335753171875 0.5713582374999999
0 0.50369114375 0.596114375 0.5083288046875001 0.5984655765625 0.5085491671875 0.5942608203125 0.5054941203125 0.5919925593750001 0.5023288921875 0.5918266765625 0.49747086874999996 0.59368023125 0.500525915625 0.5959484921875 0.50369114375 0.596114375
0 0.513647675 0.7695046640625 0.5076477625 0.7628657640625 0.5001754140625 0.754041546875 0.499844871875 0.7603486796875 0.513647675 0.7695046640625
0 0.5485052687499999 0.80084560625 0.5719139375 0.8083968578125 0.5595835671875 0.8014261953125 0.546001125 0.7880654546875 0.5384185968749999 0.7813436140625 0.5308360703125 0.774621775 0.5259780453125 0.776475328125 0.5348126453125001 0.7895872421875 0.542615534375 0.792104328125 0.5485052687499999 0.80084560625
0 0.4967797640625 0.6674293421875 0.5076377 0.6722146875 0.51260590625 0.6682587546875001 0.5052437390625 0.657332159375 0.49302355000000003 0.6482591171875 0.4868032734375 0.6458249734375 0.479110565625 0.6412055109375 0.47300047031250003 0.6366689921875001 0.4684729890625 0.6322154109375 0.451284596875 0.6270983015625 0.45231630625 0.63769313125 0.4549306296875 0.6483709046875 0.4579856765625 0.650639165625 0.4705364078125 0.6534050734375 0.4751740703125 0.655756275 0.48444939218750005 0.660458678125 0.4967797640625 0.6674293421875
0 0.49681984375 0.696945575 0.5062053468750001 0.6995456015625 0.5083388656250001 0.6891166531249999 0.499173725 0.6823118703125 0.49704020625 0.6927408203125001 0.49681984375 0.696945575
0 0.563449796875 0.48540596718750006 0.5637803390625 0.47909883437499995 0.5607252921875 0.476830575 0.5511194265625 0.47843530312500004 0.5524816796875001 0.48272300156250003 0.5554265453125 0.48709364062500005 0.563449796875 0.48540596718750006
0 0.5167527 0.5588521609375 0.5291932515625 0.5637204453125 0.547964259375 0.568920496875 0.5527121015625001 0.569169321875 0.5453499374999999 0.558242725 0.532909384375 0.5533744390625001 0.520468834375 0.5485061515625 0.509500715625 0.5458231859375 0.5075875578125 0.5520473781249999 0.5167527 0.5588521609375
0 0.6837286375 0.8247975796875 0.69208243125 0.8168027734375001 0.6961291078125 0.8001496328125001 0.7000656046875 0.7855988703125 0.700396146875 0.7792917359375 0.7009470515625 0.768779846875 0.7016081375 0.756165578125 0.69877345 0.7496925625 0.6845299234375 0.748946090625 0.6620427828125 0.7540920468750001 0.6511848453125 0.7493067015625 0.6532482640625 0.7704963625000001 0.6492015875 0.7871495046875 0.642099865625 0.8015343859374999 0.6383837328124999 0.8118803921875 0.63636039375 0.8202069640625 0.6536589687500001 0.8232216953125 0.67254015625 0.8263193687499999 0.6837286375 0.8247975796875
0 0.6307009203125 0.564823934375 0.638834353125 0.561033884375 0.634637415625 0.5502731703125 0.619141815625 0.5431366234375 0.623228571875 0.555999715625 0.6307009203125 0.564823934375
1 0.496699603125 0.608396878125 0.49588825468750003 0.593597290625 0.49813195468749993 0.5810659640625 0.5086192671875 0.562642209375 0.524555590625 0.5613692453125 0.552601921875 0.5712716999999999 0.5744279765625 0.5787400125 0.5839236624999999 0.579237659375 0.5798369046875 0.5663745671875 0.57100230625 0.553262653125 0.559112659375 0.5378824765625 0.5454200375 0.526624115625 0.5317274140625 0.515365753125 0.5178144296875 0.508312146875 0.5040116265625 0.4991561640625 0.4886262078125 0.4899172390625 0.462603215625 0.47168821406249994 0.4429106796875 0.45379095312500006 0.4220061515625 0.45901985156249997 0.399929715625 0.5168911375 0.42054377968749995 0.54748560625 0.43641000312499995 0.577831253125 0.45161513906249995 0.6207911671875 0.4718585796875 0.6281765375 0.48315724062500004 0.6245523703125 0.496148696875 0.6189087671875 0.496699603125 0.608396878125
0 0.572034015625 0.5638574828125 0.5763411328125 0.5725158203125 0.57917581875 0.5789888359375001 0.5795063609375 0.5726817015625 0.5766716765625 0.566208684375 0.57078194375 0.557467409375 0.572034015625 0.5638574828125
0 0.27194826875 0.41531705937499996 0.27216863125 0.4111123046875 0.2658381734375 0.41078054062499997 0.26278312656249997 0.408512278125 0.26311366875000003 0.4022051453125 0.2617514171875 0.397917446875 0.2583658265625 0.401956321875 0.2596178984375 0.40834639531250005 0.25928735625 0.4146535296875 0.264035196875 0.414902353125 0.26867285937499996 0.41725355625000005 0.27194826875 0.41531705937499996
0 0.5078780203125 0.5162240109375 0.5294837140624999 0.5278970796875 0.5438374234375 0.5265411734375001 0.536365075 0.5177169546875 0.5196174046875 0.5041903343749999 0.5007362171875 0.501092659375 0.5078780203125 0.5162240109375
0 0.7402920421875 0.775058134375 0.7412836703125001 0.7561367328124999 0.738889709375 0.7412542046875 0.73399160625 0.713591525 0.7233540296875 0.704601425 0.6979220234375 0.7053767421875 0.7120553703125 0.708225590625 0.7256378125 0.7215863312499999 0.7331101578125 0.73041055 0.7340717671875 0.7726239921875 0.7299149109374999 0.7913795109375 0.722592825 0.8099691484375 0.730175353125 0.8166909875 0.7387495093750001 0.8044914249999999 0.7402920421875 0.775058134375
0 0.5234437203125 0.4917419484375 0.5309160671875001 0.5005661671875 0.541994365625 0.50114675625 0.5297741765625 0.4920737125 0.5175539859375 0.4830006703125 0.51280614375 0.482751846875 0.5234437203125 0.4917419484375
0 0.8556625546875001 0.6630479171875 0.8587176015625 0.665316178125 0.860410396875 0.6632967421875 0.862213371875 0.6591749265625 0.8591583249999999 0.6569066671875 0.8575757109375 0.656823725 0.8556625546875001 0.6630479171875
0 0.8507344296875001 0.6965200828125 0.8487110921875001 0.704846653125 0.8533487546874999 0.70719785625 0.858206778125 0.7053442999999999 0.860009753125 0.7012224859375 0.8585373203125 0.6990371671875 0.8554822734374999 0.6967689078125 0.8507344296875001 0.6965200828125
0 0.513417253125 0.6830583421875 0.5162519375 0.689531359375 0.517504009375 0.695921434375 0.52699969375 0.6964190828125 0.5243853703125 0.6857413109375 0.521660865625 0.6771659156250001 0.510802928125 0.6723805703125 0.513417253125 0.6830583421875
0 0.6026046109375 0.7678422421875 0.5854162171875 0.7627251328125 0.59119576875 0.7735687875 0.6193522812500001 0.7813688640625001 0.61029731875 0.7724617046875 0.6026046109375 0.7678422421875
0 0.7452602484375 0.771102203125 0.7278514921875 0.7701898484374999 0.7214108546875 0.7719604609374999 0.7009470515625 0.768779846875 0.70367155625 0.777355240625 0.706836784375 0.7775211234375 0.71633246875 0.7780187703125 0.7210803125 0.7782675953125 0.7305759968750001 0.7787652421875 0.738599246875 0.777077571875 0.7452602484375 0.771102203125
0 0.585927040625 0.722697009375 0.6336659078125 0.750496725 0.63432699375 0.73788245625 0.5878401984375 0.716472815625 0.585927040625 0.722697009375
0 0.6027848921875 0.734121253125 0.5978166890625001 0.7380771859374999 0.6088949875 0.738657775 0.6027848921875 0.734121253125
0 0.7351735765625 0.7516002125 0.7364256484375 0.7579902875 0.7393705140625 0.7623609250000001 0.7398112375 0.7539514140625 0.738889709375 0.7412542046875 0.7342520484375 0.7389030015625 0.7311970015625 0.7366347421875 0.7351735765625 0.7516002125
0 0.5187160000000001 0.6727952765625 0.5613764812500001 0.706653303125 0.5696200953125 0.7007608750000001 0.52062915625 0.666571084375 0.5187160000000001 0.6727952765625
0 0.7377178 0.7938965953125 0.73963095625 0.787672403125 0.7399614999999999 0.78136526875 0.7384890656249999 0.7791799484374999 0.7353238390625 0.779014065625 0.7287730203125 0.7828870578125 0.7267496828125 0.791213628125 0.72472634375 0.7995401984375 0.725978415625 0.8059302734375 0.72914364375 0.80609615625 0.7326394140625 0.7999549046875 0.7358046421875 0.8001207875 0.7377178 0.7938965953125
0 0.5162118578125 0.6600151265624999 0.5145190625 0.6620345624999999 0.517463928125 0.6664052015624999 0.5189363625000001 0.6685905203125 0.52084951875 0.662366328125 0.5209596999999999 0.6602639515625001 0.5184555578125 0.6474838 0.5165424 0.65370799375 0.5162118578125 0.6600151265624999
0 0.860119934375 0.6991201078125 0.8571750687499999 0.6947494703125 0.8522068640624999 0.6987054015624999 0.8535691156249999 0.7029931 0.860119934375 0.6991201078125
0 0.5327190421875 0.4964443515625 0.5237742625 0.48543481406250005 0.5142785765625 0.48493716718749996 0.5189162390625001 0.4872883671875 0.510672625 0.49318079687500005 0.52186110625 0.49165900625000003 0.5327190421875 0.4964443515625
