0 0.170347003125 0.5543933046875 0.171924290625 0.5774058578125 0.171924290625 0.56485355625 0.170347003125 0.5543933046875
0 0.1861198734375 0.56903765625 0.1861198734375 0.5753138078125 0.1861198734375 0.5857740578125 0.1876971609375 0.5815899578125 0.1861198734375 0.56903765625
0 0.19873817031250002 0.5857740578125 0.19873817031250002 0.594142259375 0.19873817031250002 0.600418409375 0.20189274375 0.592050209375 0.19873817031250002 0.5857740578125
0 0.236593059375 0.600418409375 0.238170346875 0.594142259375 0.236593059375 0.589958159375 0.236593059375 0.600418409375
0 0.214511040625 0.6108786609375 0.2129337546875 0.6192468625 0.217665615625 0.6276150625 0.21608832812499998 0.6192468625 0.214511040625 0.6108786609375
0 0.1829653 0.589958159375 0.1829653 0.596234309375 0.18454258750000002 0.6025104609375 0.1861198734375 0.596234309375 0.1829653 0.589958159375
0 0.190851734375 0.6025104609375 0.1876971609375 0.598326359375 0.1876971609375 0.6066945609375 0.18927444843750002 0.6192468625 0.18927444843750002 0.6129707109375 0.190851734375 0.6025104609375
0 0.15930599375 0.5815899578125 0.1529968453125 0.5836820078125 0.1529968453125 0.594142259375 0.15930599375 0.594142259375 0.15930599375 0.5815899578125
0 0.1419558359375 0.5460251046875 0.1356466875 0.5439330546875001 0.1356466875 0.535564853125 0.1293375390625 0.535564853125 0.1309148265625 0.5418410046875 0.137223975 0.5502092046875 0.1419558359375 0.5460251046875
0 0.146687696875 0.56903765625 0.1403785484375 0.56903765625 0.1403785484375 0.5774058578125 0.145110409375 0.5774058578125 0.146687696875 0.56903765625
0 0.1293375390625 0.55857740625 0.12460567812500001 0.55857740625 0.12460567812500001 0.56903765625 0.1309148265625 0.56903765625 0.1293375390625 0.55857740625
0 0.1782334390625 0.55857740625 0.1766561515625 0.5502092046875 0.1561514203125 0.5439330546875001 0.137223975 0.537656903125 0.145110409375 0.5460251046875 0.16088328125 0.55648535625 0.1782334390625 0.55857740625
1 0.214511040625 0.5271966531250001 0.214511040625 0.596234309375 0.241324921875 0.6234309625 0.24605678281249999 0.587866109375 0.24447949531250002 0.537656903125 0.258675078125 0.49790795 0.24921135625000002 0.4476987453125 0.217665615625 0.3828451890625 0.214511040625 0.4142259421875 0.21608832812499998 0.4476987453125 0.214511040625 0.5271966531250001
1 0.1167192421875 0.31171548125 0.104100946875 0.30543933125 0.0993690859375 0.3221757328125 0.09148265 0.336820084375 0.0867507890625 0.3723849375 0.0899053625 0.399581590625 0.0899053625 0.42050209218749995 0.0946372234375 0.43723849374999996 0.0962145109375 0.4456066953125 0.0977917984375 0.45606694531249997 0.0993690859375 0.472803346875 0.0977917984375 0.4832635984375 0.1056782328125 0.5146443515625 0.11041009531249998 0.525104603125 0.1167192421875 0.5397489546875 0.11987381718750001 0.5481171546875 0.127760253125 0.56276150625 0.1309148265625 0.5753138078125 0.1419558359375 0.5857740578125 0.1514195578125 0.5857740578125 0.1624605671875 0.5836820078125 0.179810725 0.594142259375 0.19400630937500002 0.6046025109375 0.20189274375 0.6150627609375 0.21608832812499998 0.6255230125 0.2223974765625 0.6317991625 0.2318611984375 0.6234309625 0.23501577343750002 0.6129707109375 0.236593059375 0.5857740578125 0.2239747640625 0.55648535625 0.21608832812499998 0.5460251046875 0.21608832812499998 0.5271966531250001 0.21135646718749998 0.50209205 0.21608832812499998 0.4832635984375 0.21608832812499998 0.464435146875 0.217665615625 0.36610878593749996 0.20031545781250001 0.34937238437499996 0.1735015765625 0.3347280328125 0.1435331234375 0.3242677828125 0.1167192421875 0.31171548125
