0 0.8023425078124999 0.4622423140625 0.8251318812499999 0.4709395609375 0.8366306031249999 0.46258524999999995 0.81763303125 0.446008959375 0.7785203921875 0.427942675 0.7202021109375 0.41870596562499995 0.687940934375 0.4135962984375 0.6778757046874999 0.4289613375 0.7241711953125 0.44986119531249996 0.7532339968749999 0.45107244687500003 0.7768094734375001 0.45480643593750003 0.8023425078124999 0.4622423140625
0 0.7625670875 0.46442211406249995 0.77953774375 0.48576513749999994 0.7911597859375 0.492693653125 0.8184577046875001 0.49701721875000004 0.8212707234375 0.487287228125 0.8003155906250001 0.467009046875 0.7770021500000001 0.4616206390625 0.7625670875 0.46442211406249995
0 0.8309737765625 0.5464853703125 0.8168007484375 0.547632428125 0.8191436640624999 0.5649627234375 0.8350122171875001 0.5691719765625 0.851859553125 0.575232175 0.8739321796875 0.5804240578125001 0.8681288546875001 0.5608497640625 0.8512815187499999 0.5547895671874999 0.8309737765625 0.5464853703125
0 0.7889094046875 0.555086321875 0.7701045093750001 0.5453242328125001 0.7541665984375 0.5495836015625 0.7666980640625 0.5668316859375 0.7904662171875 0.5773798765625 0.808030296875 0.5869454390625 0.8191976265625 0.5887141703125 0.8168547125 0.571383875 0.8045159249999999 0.5609499953125 0.7889094046875 0.555086321875
0 0.8494780671875001 0.5019303609375 0.8353050390625001 0.5030774171875 0.818912415625 0.5021770015625 0.8074830499999999 0.5020626906250001 0.7841002546875 0.5051429046875 0.796369684375 0.52404540625 0.8217100437499999 0.5246670828125 0.8435899921875001 0.5230447609375 0.8610307531249999 0.5173274984375 0.8494780671875001 0.5019303609375
0 0.6623925046875 0.438380490625 0.6487435453125 0.43621870781250005 0.629345225 0.438234078125 0.645599134375 0.4560717375 0.6604889078125 0.45843004687500005 0.6815827546875 0.461770984375 0.6755173953125 0.44385111093749996 0.6623925046875 0.438380490625
0 0.6805346171875 0.46838866250000005 0.6681264734375 0.46642340468750004 0.6495142546875 0.46347551875 0.6358652953124999 0.4613137375 0.626324134375 0.4733699359375 0.6389249578125 0.48214939687499997 0.6528359515625 0.482656759375 0.675432646875 0.4845398046875 0.6891509625000001 0.4782329640625 0.6805346171875 0.46838866250000005
0 0.7527331078125 0.5425728734375 0.743068625 0.5393462484375 0.7356237375 0.53816709375 0.7226915234375 0.5395106765625 0.7390147890625001 0.5488797125 0.747700490625 0.5502553921875 0.7554074125 0.549780128125 0.75972328125 0.5385922453124999 0.7527331078125 0.5425728734375
0 0.6941681828124999 0.502770515625 0.6852204484375 0.5030492546875001 0.676534746875 0.501673575 0.6628857874999999 0.49951179218749997 0.6531519484375 0.5047537890625 0.6645119562499999 0.5133367234375 0.6744384718750001 0.514908928125 0.6871086515625 0.515219765625 0.6972972015625001 0.5151375515625001 0.6941681828124999 0.502770515625
0 0.5034990671874999 0.6947372078125 0.5138802953125 0.701469196875 0.5078149359374999 0.6835493234375 0.4937112640625 0.6762277578125 0.497626384375 0.6836315374999999 0.5034990671874999 0.6947372078125
0 0.479923590625 0.6910032203124999 0.47078317812500003 0.6844677546875 0.4637930015625 0.6884483859375 0.4753456890625 0.703845521875 0.482004471875 0.709987934375 0.4879465109375 0.7126249828125 0.4888019703125 0.699193103125 0.479923590625 0.6910032203124999
0 0.33877895156250004 0.5702846578125 0.3669169390625 0.5933964140625 0.3814753203125 0.6058777640625 0.387872071875 0.6136745953125 0.40178306406250003 0.614181959375 0.400418928125 0.5987026078125 0.3977446234375 0.591495353125 0.38788746406249996 0.581454525 0.3769821671875 0.578031375 0.359156053125 0.57012023125 0.35328337187500003 0.5590145609375 0.345907840625 0.549366784375 0.3337617296875 0.5457471078125 0.33068667500000004 0.5571315171875 0.33877895156250004 0.5702846578125
0 0.3118817828125 0.547369428125 0.3133152734375 0.5543801578124999 0.3139626625 0.56635414375 0.324343890625 0.573086134375 0.3337463375 0.577967178125 0.34112186875 0.5876149546875 0.337800171875 0.5684337125 0.3311413875 0.5622913015625 0.32722626718750003 0.554887521875 0.3118817828125 0.547369428125
0 0.2725071078125 0.5309575640624999 0.2653936140625 0.51965536875 0.252723434375 0.51934453125 0.251867975 0.5327764109375 0.2627039140625 0.5446681843750001 0.2683839171875 0.54895965 0.29313085 0.5613587875 0.301361840625 0.557574684375 0.2977781109375 0.5400478625 0.281647521875 0.537493028125 0.2725071078125 0.5309575640624999
0 0.4791450984375 0.5433347484375 0.4769948609375 0.5328186546875 0.474844621875 0.5223025625 0.4687638703125 0.536602759375 0.47365777031249995 0.545857484375 0.4791450984375 0.5433347484375
0 0.44172020156249997 0.41021311562499996 0.43434467187500003 0.40056534062500004 0.4231773421875 0.3987966078125 0.41475367343749997 0.395766509375 0.4087422796875 0.4015980828125 0.41416024843750004 0.4075439703125 0.42826391875 0.4148655359375 0.43642555312500003 0.41955005625 0.44837898593750003 0.416355528125 0.44172020156249997 0.41021311562499996
0 0.43476859531249995 0.47016526406250003 0.4293506265625 0.46421937656249995 0.4219057390625 0.46304022187499994 0.42138167031249996 0.46634906093749995 0.43180682968750006 0.47486872656249995 0.43476859531249995 0.47016526406250003
0 0.4279710984375 0.4809600953125 0.4394004640625 0.481074409375 0.43180682968750006 0.47486872656249995 0.4279710984375 0.4809600953125
0 0.581362165625 0.80543295625 0.590502578125 0.8119684218750001 0.58548535625 0.78743086875 0.5654396484374999 0.77747225625 0.5630813406249999 0.7923620296875 0.581362165625 0.80543295625
0 0.5812308875000001 0.39669508750000004 0.5678439625 0.392878884375 0.55498110625 0.38575384375 0.5491777812499999 0.36617955156250004 0.5487924265624999 0.3525511453125 0.539914046875 0.3443612625 0.5387271953125 0.367916184375 0.5417868578125 0.38875184375 0.5519060515625 0.3971382546875 0.563266059375 0.4057211890625 0.573909321875 0.41079875781249997 0.5816162421875 0.41032349375 0.5812308875000001 0.39669508750000004
0 0.5436982375 0.48911394531249996 0.5457945125 0.475878590625 0.5486075328125 0.4661486 0.56029893125 0.46460849375 0.5689846328125 0.4659841734375 0.579173184375 0.465901959375 0.5738939281250001 0.44301882968750006 0.5640367687500001 0.43297800156250005 0.5517673375000001 0.41407549843749997 0.5372089546875001 0.4015941484375 0.533802509375 0.4231016 0.533787115625 0.45532166875 0.5307660249999999 0.49045752656249997 0.5395056890625 0.5155846546875 0.544345628125 0.5010879312500001 0.5436982375 0.48911394531249996
0 0.5215486453125 0.6450224140625 0.510974740625 0.6314762218750001 0.50157229375 0.626595178125 0.4894261828125 0.6229755015625 0.47479844218749995 0.6189627734375 0.48601973750000005 0.6444829515625 0.5060654453125 0.654441565625 0.5231748140625 0.6588473453125 0.5215486453125 0.6450224140625
1 0.0811111921875 0 0.0750631484375 0.0027805187499999997 0.074839684375 0.0604064546875 0.14359315781249998 0.1001266015625 0.234226578125 0.138224425 0.33438576875 0.19648612031249998 0.4660354265625 0.2326006703125 0.5491699984375 0.2457678921875 0.545987015625 0.20964940625 0.4735804578125 0.1608710625 0.36765651250000003 0.1390065921875 0.2910727984375 0.0844788875 0.2023969375 0.050082953124999996 0.0856338890625 0 0.0811111921875 0
