0 0.6796833203125 0.26900543906249996 0.6728093 0.2708566515625 0.6572730234375 0.2655507171875 0.6447490671875 0.26953574375 0.630153746875 0.27132345468749997 0.621678840625 0.2745241765625 0.611979853125 0.27744229531250003 0.6189475484375 0.2807700171875 0.625444765625 0.280550915625 0.6408873671875 0.2806779171875 0.6538818015625 0.2802397125 0.67375025625 0.2779502984375 0.6830724421875 0.2766642890625 0.6796833203125 0.26900543906249996
0 0.668281371875 0.3574855171875 0.657264625 0.3549421015625 0.6402211375 0.356164609375 0.6207294859375 0.3568219125 0.6082055296875 0.36080694062499996 0.5923861265625 0.36231205 0.592103 0.36912309374999996 0.61037056875 0.3681831875 0.6297685453125 0.36234695 0.6643259953125 0.36344875625 0.6839113234374999 0.3679703859375 0.6825935656250001 0.36250885 0.668281371875 0.3574855171875
0 0.6466183812499999 0.4178101109375 0.653869203125 0.41432678906250003 0.6477487875 0.4129137796875 0.637579321875 0.41228507499999995 0.6274098546875 0.4116563703125 0.6144154203125 0.41209457499999996 0.6059405156250001 0.41529529531250003 0.599443296875 0.415514396875 0.5865425390625 0.421131534375 0.5736417796875 0.42674867031249997 0.573358653125 0.43355971562500006 0.5806094749999999 0.43007639218750005 0.59878336875 0.4239575515625 0.6100832421875 0.419689925 0.6246785625 0.4179022109375 0.6364489140625 0.4171814078125 0.6466183812499999 0.4178101109375
0 0.737671 0.44226947031249997 0.7303265031249999 0.440573859375 0.745109175 0.44914401406250004 0.7549018390625 0.4514048296875 0.7594213671875 0.454167346875 0.7613053796875 0.44600679374999996 0.757162653125 0.4416121640625 0.7494413515625 0.4415486640625 0.737671 0.44226947031249997
0 0.551123109375 0.5745499359374999 0.56204618125 0.57191441875 0.5754174187500001 0.5698441046875 0.5851164062499999 0.5669259859375 0.5961331546874999 0.5694694015625 0.6063026203125 0.57009810625 0.618920253125 0.5712920125000001 0.6278656359375 0.571638115625 0.6388823828125 0.5741815328125 0.6531945765625 0.5792048640624999 0.6649649281250001 0.5784840609375 0.6739103109375 0.5788301625 0.680313853125 0.5734321265625 0.6717452734375 0.5714539140625 0.6619526078125 0.5691931 0.6517831421875 0.5685643953125 0.641990478125 0.56630358125 0.629749646875 0.5634775624999999 0.6167552125 0.563915765625 0.6041375796875 0.5627218578125001 0.594344915625 0.5604610437499999 0.5780550359375 0.55841933125 0.5667551609375 0.5626869578125 0.55620889375 0.5636903656250001 0.5461331031250001 0.5682405953125 0.5360573109375 0.572790825 0.5275824078125 0.5759915453125 0.5142111703125 0.578061859375 0.5033817734375 0.5858763109375 0.50065048125 0.5921221515624999 0.4975423859375 0.600000103125 0.5028155203125 0.5994984 0.5096895406249999 0.5976471875 0.516469884375 0.590617040625 0.52946431875 0.5901788390625 0.5415177984375 0.5826469890625 0.551123109375 0.5745499359374999
0 0.8418159296875001 0.4267738671875 0.8507613140625001 0.42711996875 0.8642262265625 0.4302285890625 0.8740188906249999 0.43248940312500006 0.8850356375 0.43503282031249996 0.9001951109374999 0.441970865625 0.9084805656249999 0.450760121875 0.910268803125 0.45976848124999997 0.91054983125 0.4753052828125 0.9087594937500001 0.48864477031250003 0.9089468453125 0.4990026375 0.9115823625000001 0.5099257078125 0.9161955671875001 0.5178671609375 0.9210918984375001 0.5189975687499999 0.9272123140625 0.520410578125 0.9329559265625 0.5234556968749999 0.9339926578125001 0.51338043125 0.9270249625 0.510052709375 0.9201509437500001 0.5119039203125 0.91638501875 0.5058771828124999 0.915067259375 0.500415646875 0.9173280734375 0.49062298281250005 0.9175175250000001 0.47863300468750003 0.9196846640624999 0.46366140624999996 0.91827323125 0.4530209375 0.9147904312499999 0.4401831546875 0.906504978125 0.43139389531249994 0.8967123140625001 0.42913308125 0.8832474015624999 0.4260244609375 0.872984259375 0.4202168234375 0.8542462109375 0.41760990781249996 0.83795633125 0.41556819375 0.821289646875 0.4151585921875 0.8082952125 0.4155967953125 0.796431184375 0.41113866562499995 0.7809885828125 0.4110116640625 0.778257290625 0.41725750625 0.78635539375 0.4156888953125 0.7982194203125 0.420147025 0.8076352828125 0.42403994999999994 0.81818155 0.4230365421875 0.8291982984375 0.425579959375 0.8418159296875001 0.4267738671875
0 0.469186428125 0.7395773140624999 0.46607833281250005 0.747455265625 0.4507294078125 0.7525071999999999 0.44159457187499995 0.764151075 0.44055784062500003 0.7742263406250001 0.45261131875 0.7666944906250001 0.46136935156250003 0.7566827265625 0.4747405890625 0.7546124125 0.48076732812499995 0.7508464874999999 0.4813335828125 0.7372243984375 0.469186428125 0.7395773140624999
0 0.545926853125 0.7590133406249999 0.595645878125 0.744705346875 0.6011084640625 0.7322136640625 0.5630661156250001 0.7406219187499999 0.5367941187499999 0.7483093703125 0.5279424109375 0.753142203125 0.51372389375 0.7532978031249999 0.5004463328125001 0.76054705 0.48952326093750004 0.76318256875 0.4737975328125 0.7698666125 0.46174405468749996 0.7773984609375 0.44874961874999997 0.7778366640625001 0.4339648484375 0.7916143546875001 0.4397084609375 0.794659475 0.4477128875 0.78791193125 0.4594832390625 0.787191125 0.4776571328125 0.781072284375 0.49423014218750005 0.776302953125 0.5087317859375 0.7693363093750001 0.545926853125 0.7590133406249999
0 0.6389634609375 0.713447540625 0.629641275 0.7147335499999999 0.6256859 0.7206967890625 0.636702646875 0.7232402046875 0.645648028125 0.72358630625 0.6554406937499999 0.725847121875 0.6556301437500001 0.71385714375 0.647438365625 0.7102468203125001 0.6389634609375 0.713447540625
0 0.6581740859375 0.6972534359375 0.6538419078125 0.7048487859375 0.6587382390625 0.7059791921875 0.668437228125 0.703061071875 0.6754049234374999 0.70638879375 0.6825620703124999 0.6977265375 0.676347978125 0.6911345953125 0.66335354375 0.6915727984375 0.6581740859375 0.6972534359375
0 0.43641091562499995 0.8145274046875001 0.4437554125 0.8162230140625001 0.4545848078125 0.808408565625 0.46626148437500003 0.8025088265625 0.47134726718750003 0.7916492546875 0.4608946734375 0.7978315953124999 0.447146634375 0.80153401875 0.43641091562499995 0.8145274046875001
0 0.5226671781250001 0.7759917515625 0.5084486593750001 0.776147353125 0.5032692 0.781827990625 0.5134386671875 0.78245669375 0.5308589546875 0.779602075 0.54055794375 0.7766839562500001 0.5469614859374999 0.7712859203125 0.5331197703125 0.7698094109375 0.5226671781250001 0.7759917515625
0 0.5066688218750001 0.6777476109375 0.5131660390625 0.6775285078125 0.5167446109375 0.67319738125 0.5178750187500001 0.6683010484375 0.5122250828125 0.6704348625 0.50610466875 0.6690218531250001 0.502055615625 0.669806159375 0.4944279921875 0.6749215921875 0.484729003125 0.6778397109375 0.4763477734375 0.686219365625 0.4727692 0.6905504953125 0.4748405640625 0.6927478078125 0.4785128125 0.6935956140624999 0.480867303125 0.688981884375 0.4865172390625 0.68684806875 0.49292078124999994 0.681450034375 0.4993243234375 0.676052 0.5066688218750001 0.6777476109375
0 0.558742334375 0.6588258859375 0.5522451187499999 0.6590449875 0.5485728703125 0.65819718125 0.5424524546875 0.6567841718749999 0.5359552375 0.657003275 0.5315293828125001 0.6594196906249999 0.5291748921874999 0.6640334203125 0.5336944234375001 0.6667959390625 0.5410389203125 0.6684915499999999 0.55036110625 0.667205540625 0.5572351249999999 0.6653543281250001 0.5628850640625 0.6632205140625 0.5636386671875 0.65995629375 0.558742334375 0.6588258859375
0 0.5778571859375 0.6598006921875 0.5798348734375 0.656819071875 0.5788939171874999 0.6497254265625 0.5764457515625 0.649160221875 0.57154941875 0.648029815625 0.56759404375 0.653993053125 0.566086834375 0.6605214968750001 0.5653332296875 0.6637857171875 0.5674045921875 0.6659830328125 0.5714536453125 0.6651987265625 0.574655415625 0.6624997109375 0.5778571859375 0.6598006921875
1 0.602992475 0.7240531109375 0.6309611328125 0.6978472390625 0.644711271875 0.6717969687500001 0.66900768125 0.6447432921875 0.6895381640625 0.6116628765625001 0.6942492453125 0.5800875703124999 0.6900149421874999 0.5481661625 0.67221995 0.5303050453125 0.6386055546875 0.5139490390625 0.59660993125 0.5059726875 0.5624292828125 0.5032387703125 0.5303178984375 0.5250500125 0.4960414734375 0.5394850078125 0.476262496875 0.5916490484375 0.46975898125000004 0.6589116875000001 0.43867382812500005 0.78238689375 0.4847206046875 0.7672310953125 0.5239870359375 0.759105440625 0.5762479015624999 0.750541584375 0.602992475 0.7240531109375
0 0.750022303125 0.27149165468750003 0.7386287546875 0.2705803484375 0.7276120078125 0.26803693125 0.716405809375 0.27748349375000003 0.7266689515625 0.28329113281249996 0.739286584375 0.2844850390625 0.755576465625 0.28652675312500003 0.764145046875 0.288504965625 0.7729030781249999 0.2784931984375 0.7631104140625 0.276232384375 0.750022303125 0.27149165468750003
1 0.5699380359374999 0.761118553125 0.5908432218749999 0.7487538734375 0.6125956890625 0.7383039046875 0.63444183125 0.73303286875 0.652615725 0.7269140281250001 0.667587846875 0.72349420625 0.6816190140625 0.7129807390625 0.690566496875 0.69097899375 0.68237471875 0.6873686718750001 0.661752659375 0.6929223062500001 0.6476278171875001 0.6982568421875001 0.6413179515625 0.7088338109375 0.6284171921875 0.7144509484375 0.6150459546875 0.7165212609375 0.5997907046875001 0.7267521296874999 0.58651314375 0.7340013765625 0.5622188343750001 0.73870720625 0.5261541734375 0.74413384375 0.503177625 0.754301209375 0.48217876249999997 0.7614869578125 0.453552275 0.7737881390625 0.427844434375 0.7902013453125 0.44987792656250003 0.7952881781250001 0.4704063109375 0.784555609375 0.4934765375 0.7795671750000001 0.5148522 0.77074931875 0.5355679375 0.7703746140625001 0.5566604734375 0.7683678015625001 0.5699380359374999 0.761118553125
