0 0.5417220421875 0.6519832015625 0.5400567 0.6598702765625 0.5461501890625 0.6682999046875 0.5569557656249999 0.6730572671874999 0.5705296171875001 0.686011734375 0.5643023656249999 0.66356658125 0.5534967875000001 0.6588092171875 0.5417220421875 0.6519832015625
0 0.59671909375 0.677838671875 0.5981004953125 0.6899405609375 0.6090453046875 0.6927067796874999 0.61998464375 0.7114796703125 0.62664054375 0.6959380390625001 0.6183302453125 0.6873533984375 0.6087723078125 0.680682396875 0.59671909375 0.677838671875
0 0.4806150890625 0.6657181249999999 0.46731423593750004 0.6647880390625 0.46980404218749994 0.6769674343750001 0.47562453437499996 0.6733726796874999 0.4806150890625 0.6657181249999999
0 0.5151039203125001 0.6981430484375 0.50360764375 0.6873347421875 0.498756321875 0.69299815 0.508314259375 0.6996691515625 0.5151039203125001 0.6981430484375
0 0.35413415625 0.6108534296875 0.34721073125 0.598364003125 0.3469377328125 0.586339621875 0.3465145578125 0.6083197328125001 0.34997353593749997 0.6225677828125 0.35413415625 0.6108534296875
0 0.244055534375 0.401066896875 0.23948268125 0.40274801406250005 0.23712116718749998 0.42059081875000004 0.242796953125 0.43499388281250007 0.24308089375000003 0.41500491874999995 0.2595622546875 0.43416534531249995 0.2516696609375 0.4196072671875 0.244055534375 0.401066896875
0 0.27186658124999996 0.513060146875 0.2677059609375 0.5247745 0.2562042140625 0.529972865625 0.26880889375 0.54085868125 0.28335191718749997 0.5558818015625 0.2768461953125 0.5374189390625 0.278929240625 0.5235584265625 0.27186658124999996 0.513060146875
0 0.3203305546875 0.6004861234375001 0.31727833906249997 0.6122779828125 0.3254548734375 0.6068470968749999 0.3203305546875 0.6004861234375001
0 0.3100709734375 0.6197775234375 0.3287800875 0.60707961875 0.318525978125 0.6103643453125 0.3100709734375 0.6197775234375
0 0.24680192500000003 0.473290696875 0.23960003125 0.4647835640625 0.24471887812499998 0.48715121093749997 0.2580197328125 0.488081296875 0.24680192500000003 0.473290696875
0 0.31798545312500004 0.5703089078125 0.3343385234375 0.5594471328124999 0.3243628828125 0.5587495671875 0.31798545312500004 0.5703089078125
0 0.30622165 0.53146954375 0.3141197171875 0.5300209484375 0.309552334375 0.515695390625 0.30622165 0.53146954375
0 0.19584267500000002 0.3896919984375 0.1842016921875 0.396881509375 0.192511990625 0.4054661484375 0.2004100546875 0.404017553125 0.19584267500000002 0.3896919984375
0 0.238892915625 0.5067526390625 0.2501161953125 0.505536565625 0.24305353593749998 0.4950382859375 0.238892915625 0.5067526390625
0 0.634672371875 0.708504971875 0.641317328125 0.7249766875 0.6334137906249999 0.7424319578125 0.6439408984375 0.7511716140625 0.6532258375 0.7458182328125 0.673873290625 0.7372576343749999 0.6651452890625 0.7346464312500001 0.670419784375 0.707002909375 0.6525460796875 0.707753940625 0.634672371875 0.708504971875
1 0.440038240625 0.6088568999999999 0.4482093046875 0.6194326859375 0.45361756406250003 0.60580469375 0.4613818671875 0.590340571875 0.4648517859375 0.5725752749999999 0.46693483125 0.5587147609375 0.4680487078125 0.54278559375 0.4694410515625 0.5228741359375 0.46833811875000003 0.5067899546875 0.460584759375 0.49024073125 0.4535220984375 0.4797424515625 0.4411958875 0.46487434531250005 0.4269258625 0.4618756046875 0.4200024390625 0.44938617968749994 0.40615011718750005 0.440414003125 0.3935454359375 0.4295281875 0.3834360328125 0.41481509531249994 0.3756772015625 0.41427254375 0.36459315625 0.41349747187499997 0.341450425 0.42588535 0.3363261046875 0.4195243765625 0.3210869125 0.41445698281250004 0.3084822296875 0.40357116875 0.2925523359375 0.39245283125 0.2780093125 0.3774297109375 0.2695597796875 0.3708362140625 0.2582027375 0.3580367625 0.24352048124999998 0.3450047859375 0.223296203125 0.3315852734375 0.19573626718749998 0.2956431 0.18049707343750002 0.290575709375 0.177712384375 0.330398625 0.17700526875 0.3723677015625 0.18183470625 0.43073098749999994 0.18915941875 0.48526699687499997 0.20535136875 0.5404230625 0.22460100624999998 0.56778059375 0.23900479375 0.5847948625 0.254238515625 0.605868928125 0.2823553890625 0.63384651875 0.2956507734375 0.650783278125 0.3061778796875 0.6595229328125 0.3135190078125 0.6660389203125 0.32487604999999997 0.678838375 0.3320779453125 0.6873455078124999 0.33831066718749997 0.6937839890624999 0.344682625 0.6982313234374999 0.35271445468749996 0.71079825625 0.36144245625 0.713409459375 0.3556274359375 0.700997540625 0.35188999062500004 0.6907317843749999 0.3538338015625 0.678862415625 0.3593812953125 0.6632432781250001 0.3667278953125 0.6537525921875 0.3699193453125 0.6399695859375 0.3708939859375 0.6260315656250001 0.3732555015625 0.6081887609375001 0.3764469515625 0.594405753125 0.382685146875 0.5848375609375001 0.390031746875 0.5753468749999999 0.396409175 0.5637875359375 0.40652404999999997 0.5624939546875 0.4119268390625 0.5648726359375 0.4171903921875 0.569242465625 0.42356235 0.5736898 0.43270258437500003 0.5863342375 0.435331625 0.5965224890624999 0.440038240625 0.6088568999999999
0 0.6431383187499999 0.6670784453125 0.6550523 0.671913315625 0.66336806875 0.664491284375 0.6689155625 0.6488721453124999 0.6615744343750001 0.642356159375 0.6464744765625 0.6352976203125 0.634009028125 0.622420659375 0.6232034515625 0.6176632953125 0.6099025984375 0.6167332078125 0.5888429125 0.615260571875 0.5877290375 0.6311897390625 0.5941009937499999 0.635637075 0.6043496328125 0.6483590203125 0.6162636140625 0.653193890625 0.6269299546875 0.6599424015625 0.633441146875 0.6623985890624999 0.6431383187499999 0.6670784453125
0 0.5245499796875001 0.626771828125 0.515966684375 0.60616280625 0.5109816 0.5978106875 0.5245499796875001 0.626771828125
0 0.5483779421875 0.6364415703125 0.5377116 0.6296930609375 0.5273237281250001 0.6189622609375001 0.5223386421875 0.610610140625 0.5151367484375 0.6021030078125 0.51776031875 0.62829793125 0.5249622109375001 0.636805065625 0.5286996578125 0.647070821875 0.5385360640625 0.649759534375 0.5507285125 0.6506121125 0.5547498984375 0.6408889046875 0.5483779421875 0.6364415703125
0 0.4954475234375 0.64474560625 0.5052784578125 0.6634409906250001 0.5149811015625 0.652114175 0.50029884375 0.6390821984375 0.4954475234375 0.64474560625
0 0.5681735734375 0.6878478671875 0.5554296578125 0.678953196875 0.53602984375 0.6856001593750001 0.5473868859375 0.6983996109375 0.5660905281249999 0.7017083796875 0.5681735734375 0.6878478671875
0 0.5095290703125 0.79379555625 0.5167254921875 0.8183093625 0.5243505625 0.8048363843749999 0.531841865625 0.7773478796875 0.5325380390625 0.7673921499999999 0.5308781671875 0.759272553125 0.518830425 0.7404221546875001 0.519526596875 0.730466425 0.5168975546875 0.720278175 0.5099741296875 0.70778875 0.5036021734375 0.703341415625 0.49583786874999997 0.7188055390625 0.49625010156249993 0.7288387734375 0.49749226875 0.742931809375 0.4952699890625 0.75878346875 0.49124313124999996 0.78451335 0.5033018171875 0.7713504 0.5095290703125 0.79379555625
0 0.6179015984375 0.7253401828125 0.6181745953125 0.737364565625 0.625515725 0.743880553125 0.6389558140625 0.74281949375 0.6396574562499999 0.716857090625 0.6306509874999999 0.7182281796875001 0.6179015984375 0.7253401828125
0 0.6386718734375 0.7628084578125 0.632578384375 0.7543788328125001 0.6245410828125 0.7578185734375 0.62481408125 0.76984295625 0.6310468046875 0.7762814359375 0.6374187625000001 0.7807287703125 0.6419916156250001 0.779047653125 0.6426877875 0.769091925 0.6386718734375 0.7628084578125
0 0.49276923906250003 0.7786174203125 0.491805540625 0.76054209375 0.4891765 0.7503538421875 0.490017378125 0.72240029375 0.48669763593750004 0.7061610984375 0.47478365624999996 0.701326228125 0.46799399375000006 0.70285233125 0.46314267343750004 0.7085157390625 0.4728124875 0.7932289640625 0.478215275 0.7956076453125001 0.48264889218749996 0.795917675 0.487221746875 0.7942365578125 0.49401140625 0.7927104546875 0.49567675 0.784823378125 0.49276923906250003 0.7786174203125
