0 0.417840978125 0.5817622453125 0.43700294843750004 0.5851132671875 0.4471353640625 0.5859026218750001 0.4622612390625 0.58625510625 0.47973833906249996 0.5847260578125 0.4858346578125 0.582516871875 0.48290142343750003 0.57774601875 0.47372636718749994 0.5735212546875 0.46124272499999996 0.57461343125 0.44611685 0.5742609484375001 0.43363320781250003 0.5753531265625 0.41836183125000004 0.5733375453125 0.40947777968750004 0.572438971875 0.39809700000000003 0.5717588359375 0.3942064046875 0.57042339375 0.37057183125000004 0.559084540625 0.37350506562499997 0.56385539375 0.3792260328125 0.57173400625 0.3832621296875 0.5747325453125 0.394933915625 0.578738875 0.402569603125 0.5797466640625 0.41145365468749995 0.5806452359375001 0.41380488125000003 0.5787637046875 0.417840978125 0.5817622453125
0 0.5303013046875 0.5300275890624999 0.525307846875 0.530464459375 0.51407256875 0.5314474203125 0.50533401875 0.5322119437499999 0.49520160312500006 0.5314225875 0.489105284375 0.5336317734375 0.48161509843749994 0.5342870796875 0.47302204999999997 0.5367147 0.4706708234375 0.53859623125 0.470295471875 0.5486840281250001 0.48057339062500004 0.551136478125 0.49584476562499996 0.5531520578125 0.5084739109374999 0.5537229781249999 0.518460825 0.5528492359375 0.528156734375 0.5486493015625 0.5350649109375001 0.5413416093750001 0.5357312671875001 0.53458000625 0.5303013046875 0.5300275890624999
0 0.574069978125 0.6133412828125 0.573633471875 0.6083519953125001 0.5684945124999999 0.60712576875 0.5650404234375 0.6107796140625 0.560483471875 0.6162057734374999 0.5654769296875 0.615768903125 0.574069978125 0.6133412828125
0 0.43672036875 0.481236771875 0.45074338125 0.48336156875 0.45962743437500003 0.4842601421875 0.463227025 0.4822693921875 0.45904542499999995 0.47760775625 0.44252568437499995 0.47570139375 0.4347444953125 0.4730305078125 0.4254239359375 0.467142646875 0.416539884375 0.4662440734375 0.4208669859375 0.47256880625 0.4275453140625 0.47701200625 0.43672036875 0.481236771875
0 0.43451464531250006 0.4847814 0.42783631718750004 0.4803382 0.424091225 0.480665853125 0.4175583984375 0.4778857484375 0.42577609531249994 0.4855459234375 0.43355728437499996 0.488216809375 0.4385507421875 0.48777993906250006 0.43451464531250006 0.4847814
0 0.4198632390625 0.5329863625 0.4315350234375 0.5369926921875 0.44430967031249996 0.5392267078125 0.43740149375000004 0.5465344 0.43505026718749995 0.54841593125 0.4359232796875 0.5583945078125 0.44782491406249997 0.550649946875 0.4500306375 0.54710531875 0.45444208750000004 0.5400160609375 0.45510844375000004 0.5332544593749999 0.4431456546875 0.5259219374999999 0.45908338750000005 0.5211759140625001 0.4526960640625 0.52005890625 0.43910955781250005 0.5229233984375 0.433158740625 0.5267956796875 0.42192346093750005 0.5277786390625 0.416347996875 0.5215631234375 0.4124574015625 0.52022768125 0.411936546875 0.5286523812499999 0.4198632390625 0.5329863625
0 0.41195974062499996 0.5001613078125 0.41709870000000004 0.5013875328124999 0.42377702656249994 0.5058307328125 0.43016435 0.506947740625 0.419158921875 0.4961798078125 0.409983865625 0.49195504375 0.39288211875 0.4833962953125 0.383998065625 0.48249772343749997 0.380107471875 0.48116227968749997 0.3791501109375 0.48459769062499997 0.38861617187499997 0.49214864843750006 0.39529449843750003 0.4965918484375 0.41195974062499996 0.5001613078125
0 0.470327090625 0.4196426515625 0.47752627187499996 0.41566115156250005 0.48068935625 0.40868111406249996 0.4889914 0.4029273 0.5025779046875 0.40006280937499994 0.5006020296875 0.39185654531249997 0.4890757484375 0.3895133125 0.482688425 0.38839630468749997 0.47769496718750004 0.3888331765625 0.4734290203125 0.397585528125 0.467914709375 0.40644709843750004 0.470327090625 0.4196426515625
0 0.740332275 0.587064434375 0.7462830921875 0.583192153125 0.7504035375 0.5727767046875 0.755772346875 0.5622520375 0.754899334375 0.552273459375 0.745724278125 0.5480486953125 0.74058531875 0.5468224687500001 0.7319922703125 0.549250090625 0.7281628312499999 0.56299173125 0.730429709375 0.5745241875 0.740332275 0.587064434375
0 0.7099729890625001 0.628264528125 0.7125540640625 0.6146321046875001 0.7098506796875 0.598110359375 0.7058757375 0.6101889046875 0.7099729890625001 0.628264528125
0 0.7416354515625 0.42942276718750005 0.7447985375 0.42244272968749996 0.7406169375 0.41778109218750004 0.7328357484375 0.41511020781249997 0.7268849296875 0.4189824875 0.7288608046875 0.427188753125 0.7416354515625 0.42942276718750005
0 0.6416671953125 0.37951494218750004 0.631098271875 0.3737362984375 0.6158268953125 0.37172071875 0.6030522484375 0.3694867046875 0.5975379375000001 0.378348275 0.6087732171875 0.377365315625 0.6310139234375 0.3871502875 0.646430803125 0.3908289640625 0.66199318125 0.3961707359375 0.6705862296875 0.39374311562500003 0.6713980875 0.388644609375 0.6583324375 0.3830844015625 0.6416671953125 0.37951494218750004
0 0.653037465625 0.7539052203125001 0.640699325 0.7566604953125 0.6561162031250001 0.7603391703125 0.6637518906250001 0.761346959375 0.6721994359375 0.75725624375 0.68247735625 0.75970869375 0.6792531171875 0.7516116484375 0.6692662015625 0.7524853890625 0.6578854203125 0.751805253125 0.653037465625 0.7539052203125001
1 0.4087650375 0.636182721875 0.4166917296875 0.6405167046875 0.42961187812499996 0.6444138171875 0.436374553125 0.635443028125 0.43953763749999997 0.628462990625 0.4405793453125 0.6116135921875 0.439124325 0.594982628125 0.4309909765625 0.5739084640625001 0.422627778125 0.5645851937499999 0.3991387078125 0.5549094375 0.37843736875 0.548341440625 0.35912989687499997 0.5433273203125 0.3476036125 0.5409840859374999 0.337471196875 0.5401947328125 0.3418594515625 0.5615965484375 0.3483079296875 0.577790640625 0.3546109046875 0.5923216375 0.35885365937499997 0.6120603578125 0.368028715625 0.6162851218750001 0.37816113281249997 0.6170744781249999 0.3954083828125 0.6272963218750001 0.4087650375 0.636182721875
