1 0.1374407578125 0.37923728749999996 0.148499209375 0.3686440671875 0.1374407578125 0.351694915625 0.132701421875 0.315677965625 0.10742496093750001 0.311440678125 0.10584518125 0.32838983125 0.12480252812499999 0.3601694921875 0.1374407578125 0.37923728749999996
1 0.19115323906249998 0.398305084375 0.189573459375 0.3813559328125 0.1769352296875 0.3644067796875 0.1627172203125 0.3622881359375 0.1516587671875 0.3665254234375 0.15481832499999998 0.3898305078125 0.18641390156249998 0.4152542375 0.19115323906249998 0.398305084375
1 0.19115323906249998 0.4025423734375 0.20063191093750002 0.400423728125 0.2195892578125 0.37923728749999996 0.25592417031250003 0.3877118640625 0.2622432859375 0.37711864375 0.23696682500000002 0.3686440671875 0.2148499203125 0.349576271875 0.202211690625 0.33050847499999997 0.19115323906249998 0.33262711875 0.17851500781250002 0.33686440625 0.1769352296875 0.3474576265625 0.18325434375 0.3686440671875 0.19115323906249998 0.4025423734375
1 0.181674565625 0.48728813593750003 0.1990521328125 0.5042372875 0.20853080624999998 0.4894067796875 0.18641390156249998 0.47033898281250003 0.181674565625 0.48728813593750003
1 0.222748815625 0.49364406718750004 0.2148499203125 0.5084745765625 0.243285940625 0.519067796875 0.222748815625 0.49364406718750004
1 0.2685624015625 0.398305084375 0.2527646125 0.391949153125 0.22590837343749998 0.3898305078125 0.2148499203125 0.400423728125 0.238546603125 0.4110169484375 0.26540284375 0.41313559375000003 0.2685624015625 0.398305084375
1 0.10742496093750001 0.4661016953125 0.1169036328125 0.47033898281250003 0.1169036328125 0.4512711859375 0.1169036328125 0.43432203437499994 0.11848341250000001 0.41949152500000003 0.112164296875 0.41737288125000005 0.10268562343750001 0.4322033890625 0.10268562343750001 0.4470338984375 0.10742496093750001 0.4661016953125
1 0.07109004687500001 0.33050847499999997 0.0663507109375 0.349576271875 0.07109004687500001 0.3644067796875 0.075829384375 0.375 0.083728278125 0.3644067796875 0.0947867296875 0.3644067796875 0.091627171875 0.349576271875 0.0932069515625 0.3262711859375 0.083728278125 0.3241525421875 0.07109004687500001 0.33050847499999997
0 0.279620853125 0.4152542375 0.2890995265625 0.41737288125000005 0.271721959375 0.40677966093749995 0.29225908437500003 0.4152542375 0.2906793046875 0.4088983046875 0.28120063125 0.4025423734375 0.2906793046875 0.40466101718749997 0.2938388625 0.400423728125 0.2685624015625 0.3834745765625 0.26540284375 0.39406779687500004 0.26540284375 0.4088983046875 0.279620853125 0.4152542375
1 0.14375987343750002 0.3601694921875 0.12638230625 0.3622881359375 0.11848341250000001 0.391949153125 0.120063190625 0.4279661015625 0.14691943125 0.4597457625 0.21011058437500002 0.5 0.246445496875 0.5127118640624999 0.2638230640625 0.5127118640624999 0.2748815171875 0.523305084375 0.2638230640625 0.44067796562500006 0.21011058437500002 0.40677966093749995 0.19115323906249998 0.3898305078125 0.1721958921875 0.3665254234375 0.14375987343750002 0.3601694921875
