0 0.425879396875 0.5159128984375 0.44472361875 0.5209380234375 0.47487437187500003 0.505862646875 0.875628140625 0.67001675 0.9120603015625001 0.6834170859375 0.9396984921874999 0.6666666671875 0.9321608046875 0.6298157453125001 0.9170854265624999 0.59798995 0.879396984375 0.5912897828125 0.8417085421875001 0.5628140703125 0.821608040625 0.5293132328125 0.776381909375 0.5293132328125 0.7123115578125 0.5125628140625 0.4648241203125 0.44221105468750005 0.41457286406250005 0.45728643281250003 0.40703517656250005 0.4706867671875 0.41331658281249994 0.4958123953125 0.425879396875 0.5159128984375
0 0.3643216078125 0.11222780624999999 0.3869346734375 0.11222780624999999 0.4082914578125 0.103852596875 0.427135678125 0.0954773875 0.4371859296875 0.0904522609375 0.44221105468750005 0.07872696875 0.425879396875 0.0737018421875 0.3944723625 0.0737018421875 0.3643216078125 0.08877721875 0.3404522609375 0.0988274703125 0.3643216078125 0.11222780624999999
0 0.3580402015625 0.1273031828125 0.3555276375 0.1440536015625 0.44597990000000004 0.1273031828125 0.44472361875 0.11222780624999999 0.3580402015625 0.1273031828125
0 0.46984924687499996 0.1675041875 0.4648241203125 0.15577889375 0.44974874375 0.1440536015625 0.4120603015625 0.1524288109375 0.3881909546875 0.16080402031250002 0.3618090453125 0.16080402031250002 0.37939698437499997 0.175879396875 0.4158291453125 0.1725293125 0.44597990000000004 0.1742043546875 0.46984924687499996 0.1675041875
0 0.7977386937500001 0.097152428125 0.79522613125 0.0854271359375 0.772613065625 0.092127303125 0.7977386937500001 0.097152428125
0 0.670854271875 0.11222780624999999 0.6821608046875001 0.1021775546875 0.672110553125 0.092127303125 0.6457286437499999 0.0988274703125 0.625628140625 0.11725293125 0.65201005 0.11892797343749999 0.670854271875 0.11222780624999999
0 0.623115578125 0.15577889375 0.670854271875 0.15745393593749998 0.7148241203125 0.154103853125 0.770100503125 0.15075376875 0.7776381906250001 0.13902847499999998 0.776381909375 0.1356783921875 0.729899496875 0.13902847499999998 0.6582914578125 0.142378559375 0.6118090453125 0.147403684375 0.623115578125 0.15577889375
0 0.7914572859375 0.0820770515625 0.771356784375 0.0904522609375 0.7839195984375 0.1021775546875 0.8040201 0.09380234531250001 0.7914572859375 0.0820770515625
0 0.44974874375 0.469011725 0.40075376875 0.46398659999999997 0.428391959375 0.4907872703125 0.48618090468749997 0.49916247968749994 0.5716080406249999 0.5175879390625 0.6582914578125 0.55276381875 0.7587939703125001 0.58626465625 0.8618090453124999 0.6147403687499999 0.773869346875 0.5762144046875 0.6670854265624999 0.5343383578124999 0.5640703515625 0.49916247968749994 0.44974874375 0.469011725
1 0.3165829140625 0.556113903125 0.3354271359375 0.5996649921875 0.3505025125 0.5695142375 0.3366834171875 0.5092127296875 0.32286432187499997 0.45728643281250003 0.3128140703125 0.4120603015625 0.30025125625000004 0.376884421875 0.28266331718750004 0.3752093796875 0.2839195984375 0.4237855953125 0.29773869375 0.48073701875 0.3165829140625 0.556113903125
1 0.44974874375 0.530988275 0.5590452265625 0.5711892796875 0.6934673359375 0.5996649921875 0.8580402015624999 0.6666666671875 0.922110553125 0.6465661640625 0.89824120625 0.59798995 0.830402009375 0.561139028125 0.755025125 0.5242881078125 0.6444723625 0.494137353125 0.5464824125 0.45728643281250003 0.45477386875 0.4405360140625 0.40954773906249997 0.46566164218750006 0.4045226125 0.472361809375 0.428391959375 0.5427135671875 0.44974874375 0.530988275
1 0.419597990625 0.505862646875 0.4183417078125 0.51926298125 0.422110553125 0.5410385265625 0.43090452187499995 0.5678391953124999 0.451005025 0.5678391953124999 0.47487437187500003 0.5594639859375 0.47361809062500004 0.539363484375 0.46984924687499996 0.510887771875 0.45728643281250003 0.49748743749999996 0.4371859296875 0.5025125625 0.419597990625 0.505862646875
1 0.330402009375 0.5242881078125 0.3643216078125 0.606365159375 0.41457286406250005 0.6147403687499999 0.4396984921875 0.6013400328125 0.4082914578125 0.46063651562499996 0.3592964828125 0.3484087109375 0.3015075375 0.22613065312499997 0.2814070359375 0.262981575 0.28266331718750004 0.326633165625 0.30527638125 0.393634840625 0.330402009375 0.5242881078125
