1 0.8365043546875001 0.21059177031249998 0.8238777078125 0.2182914953125 0.795478246875 0.22006339375 0.8108420515624999 0.247616503125 0.8267302171875001 0.2774408734375 0.8498650781249999 0.2840613578125 0.85369293125 0.261646771875 0.8450304750000001 0.23972348437500002 0.8365043546875001 0.21059177031249998
0 0.7817923125 0.43374695937499996 0.7963800671875 0.4423406984375 0.8108524718749999 0.42703789375 0.8025780390625 0.4145942921875 0.7927095375000001 0.42644188437499997 0.7764123609375 0.4182427984375 0.7817923125 0.43374695937499996
0 0.75509185 0.2557028171875 0.7429895656250001 0.2656738015625 0.7498062640625001 0.29520016718750003 0.7634816328125 0.292042959375 0.75509185 0.2557028171875
0 0.7337607765625 0.3036891953125 0.75976913125 0.3383540875 0.7741995640625 0.385261221875 0.785095803125 0.40906111562499997 0.7958766921875 0.4089644703125 0.7844770765625 0.351788346875 0.7597901171875 0.3072491171875 0.7358792078125 0.2816692609375 0.7337607765625 0.3036891953125
0 0.7709904375 0.4649485765625 0.7653587984375 0.4327563 0.752774125 0.3782460875 0.740147478125 0.38594581250000004 0.7578394296875001 0.47037704375 0.7709904375 0.4649485765625
0 0.768274265625 0.3985907703125 0.759087446875 0.374396225 0.7507920296874999 0.39305759375 0.768274265625 0.3985907703125
0 0.71774669375 0.46049464375 0.726451121875 0.42020799062499997 0.7138454609375 0.3968027453125 0.7009671265625 0.3878143578125 0.6996247453125 0.4287936640625 0.71774669375 0.46049464375
1 0.49749347187500004 0.707514121875 0.561266415625 0.6951832953125 0.59837030625 0.6531247453125 0.5871070281249999 0.58874019375 0.5424313765625 0.5512080359375 0.5108647609375 0.5704573500000001 0.49749347187500004 0.707514121875
0 0.5252951921875 0.617364484375 0.5451055765625 0.67977578125 0.5587809453125 0.6766185734375 0.5513245343750001 0.62092440625 0.5458292328125001 0.5815237015625 0.5345239828125 0.579349090625 0.5252951921875 0.617364484375
0 0.42825663125 0.8287606656250001 0.44364142187500005 0.82520880625 0.431329421875 0.7562817374999999 0.41423520937499997 0.760228246875 0.4081735734375 0.780766225 0.42825663125 0.8287606656250001
0 0.37872538906250003 0.7779956046875001 0.36782915 0.754195709375 0.3567755875 0.7687092125 0.3340287515625 0.7715684140625 0.3526750609375 0.8055406515625 0.37872538906250003 0.7779956046875001
0 0.40425135624999997 0.7481792984375 0.3897789515625 0.7634821015625 0.4000144921875 0.7922191656249999 0.41054369375000005 0.7754344046874999 0.40425135624999997 0.7481792984375
0 0.31483709531250004 0.7664298890625 0.295121075 0.7590201046875 0.28801071718750004 0.7750155640624999 0.3075903984375 0.7896337765625 0.31483709531250004 0.7664298890625
0 0.33026385625 0.7006680921874999 0.313284996875 0.72851114375 0.3115545890625 0.7600107640625 0.3364198578125 0.7351316265625 0.33026385625 0.7006680921874999
0 0.345260621875 0.6876365468750001 0.3330220015625 0.7048159593750001 0.3460156859375 0.7377008890625001 0.354699128125 0.7285192078125 0.345260621875 0.6876365468750001
