0 0.26260869531250003 0.7209302328125 0.2817391296875 0.7279069765624999 0.3026086953125 0.7325581390625 0.3286956515625 0.7372093015625001 0.354782609375 0.7348837203125 0.36521739062499997 0.7209302328125 0.339130434375 0.7255813953125 0.3182608703125 0.7232558140625 0.2886956515625 0.7139534890625 0.2643478265625 0.7046511625 0.2295652171875 0.690697675 0.234782609375 0.7 0.245217390625 0.709302325 0.26260869531250003 0.7209302328125
0 0.394782609375 0.7581395343749999 0.38608695625 0.7674418609375 0.3982608703125 0.7651162796875 0.40695652187500003 0.751162790625 0.41739130468749996 0.7302325578125 0.40869565156250004 0.7186046515625 0.3982608703125 0.7348837203125 0.37739130468750004 0.7418604656250001 0.3913043484375 0.7418604656250001 0.40173912968750003 0.744186046875 0.394782609375 0.7581395343749999
0 0.2817391296875 0.748837209375 0.2834782609375 0.7325581390625 0.286956521875 0.709302325 0.2834782609375 0.6930232562499999 0.2817391296875 0.709302325 0.2782608703125 0.7348837203125 0.2817391296875 0.748837209375
0 0.260869565625 0.709302325 0.2573913046875 0.6953488375 0.25391304375 0.7139534890625 0.2573913046875 0.7348837203125 0.259130434375 0.7232558140625 0.260869565625 0.709302325
0 0.30782608749999996 0.7372093015625001 0.299130434375 0.71162790625 0.2921739125 0.7046511625 0.2904347828125 0.7279069765624999 0.2904347828125 0.744186046875 0.299130434375 0.7418604656250001 0.30782608749999996 0.7372093015625001
0 0.21391304375 0.6790697671875 0.20695652187500002 0.68837209375 0.2104347828125 0.6976744187499999 0.21391304375 0.6790697671875
0 0.1321739125 0.639534884375 0.126956521875 0.6279069765624999 0.126956521875 0.6465116281250001 0.1321739125 0.6720930234375 0.1356521734375 0.660465115625 0.1321739125 0.639534884375
0 0.194782609375 0.6697674421875 0.194782609375 0.6930232562499999 0.2 0.71162790625 0.20173912968750002 0.6837209296875 0.194782609375 0.6697674421875
0 0.10260869531250001 0.6116279062500001 0.0973913046875 0.6046511625 0.0956521734375 0.6279069765624999 0.0973913046875 0.644186046875 0.10260869531250001 0.6255813953125 0.10260869531250001 0.6116279062500001
0 0.23652173906249999 0.4767441859375 0.21391304375 0.47209302343750004 0.2243478265625 0.4790697671875 0.234782609375 0.48139534843750004 0.2434782609375 0.48139534843750004 0.23652173906249999 0.4767441859375
1 0.21391304375 0.4767441859375 0.20173912968750002 0.47209302343750004 0.19652173906249998 0.47209302343750004 0.18434782656249998 0.47441860468749997 0.194782609375 0.48139534843750004 0.2243478265625 0.490697675 0.2521739125 0.49767441874999996 0.2817391296875 0.5 0.2643478265625 0.48837209374999996 0.2504347828125 0.48372092968749997 0.234782609375 0.48139534843750004 0.21391304375 0.4767441859375
