0 0.8422378515625001 0.6413724921874999 0.8665248 0.6116134203125 0.892390171875 0.581964721875 0.8830924124999999 0.5561486546875 0.86330256875 0.54427901875 0.8397721390624999 0.540536453125 0.8027118640625 0.5714994859375 0.7600675625 0.591586253125 0.6871413343749999 0.6137498171875 0.6468051265625 0.6235121890624999 0.62497220625 0.6408599109375 0.5997174203125 0.6390939234374999 0.5840791125 0.635903228125 0.6071448875 0.6689735265625 0.619307628125 0.6991842515625 0.6491517531250001 0.7033683140625 0.6943691671875001 0.6918501125 0.7447596562500001 0.6744021703125 0.7721766031249999 0.6679307171875 0.8079234718749999 0.6557502687500001 0.8422378515625001 0.6413724921874999
0 0.7933218703125 0.501636634375 0.78057539375 0.479773725 0.7713967171875 0.47493757187499996 0.7700833109375 0.493720159375 0.7689158390624999 0.5104157921875 0.7562884453125001 0.5095327984375 0.7492719296875 0.49645920468750004 0.73676361875 0.5165561249999999 0.7175306609375001 0.5194055421875 0.7041735984375 0.5289573203125 0.6951140046875001 0.5451010828125 0.715779453125 0.5444489921875 0.7367367687499999 0.53962299375 0.7674564984375001 0.5312853328125 0.806360215625 0.519325634375 0.8339230953125 0.510767225 0.8236037968750001 0.49955983593750003 0.8178738375 0.49077052187500003 0.80422490625 0.5044962078124999 0.7933218703125 0.501636634375
0 0.6550042828125 0.48357589062499995 0.64682029375 0.4871979296875 0.6389281734375001 0.48664605781250003 0.632614478125 0.48620456250000005 0.6291657609375 0.490157721875 0.6397769281250001 0.49719120156249996 0.6575773953125 0.49214445625 0.669064165625 0.48665621249999996 0.6647666953125 0.480064228125 0.6550042828125 0.48357589062499995
0 0.6472312453125 0.5040039359375 0.655123365625 0.50455580625 0.6538368109375 0.5002715234374999 0.649247471875 0.49785344687500005 0.6472312453125 0.5040039359375
0 0.69031335 0.47765630625 0.6992001578125 0.4866663671875 0.7070922796875 0.48721823906250006 0.7029407437499999 0.4785393 0.695486425 0.47172656562500004 0.6910430203125 0.46722153593750004 0.683296834375 0.46458271093750003 0.69031335 0.47765630625
0 0.6546201828125 0.443703015625 0.6474577328125 0.43271637343749997 0.6372843671874999 0.4194220296875 0.6215001265625 0.4183182890625 0.6209163890625 0.42666610625 0.6095755515625 0.43006739375 0.6138730234375 0.436659378125 0.6260626140625 0.44380323437499997 0.6365278453125 0.45292366875 0.6491552390625001 0.4538066625 0.6546201828125 0.443703015625
0 0.757098665625 0.4298974203125 0.764844853125 0.432536246875 0.7746072671875 0.4290245828125 0.781066896875 0.427379125 0.7769153609375 0.4187001875 0.7639960984374999 0.42199110156249997 0.757098665625 0.4298974203125
0 0.7913861953125 0.43858651562500006 0.781066896875 0.427379125 0.7774722453125 0.433419240625 0.7847806296875001 0.4423189265625 0.7925268171875001 0.4449577515625 0.7913861953125 0.43858651562500006
0 0.731379228125 0.457459165625 0.7402660359375 0.46646922812499997 0.7582124390625 0.4593355265625 0.7791697546874999 0.454509528125 0.796970221875 0.44946278125 0.7972620890625 0.44528887343749995 0.789224034375 0.44682395625 0.774872284375 0.44791754375000004 0.758796175 0.4509877109375 0.74099570625 0.45603445625 0.7365523015625 0.4515294265625 0.731379228125 0.457459165625
0 0.8152084921875 0.4381551734375 0.8048891921875001 0.426947784375 0.7984295625 0.428593240625 0.8073163718749999 0.43760330312500006 0.811613840625 0.44419528750000004 0.8152084921875 0.4381551734375
0 0.8586478453125 0.474747290625 0.85920473125 0.4894663421875 0.8656643624999999 0.48782088593750006 0.864669675 0.47936269375 0.8586478453125 0.474747290625
0 0.82894965625 0.4684762734375 0.8246521859374999 0.46188428750000005 0.810008565625 0.4671517828125 0.8220522234375001 0.4763825921875 0.830090278125 0.474847509375 0.82894965625 0.4684762734375
0 0.5564088296875 0.7367291140625001 0.5300134234375 0.728591890625 0.53273246875 0.7350735015625001 0.5436355046875 0.737933075 0.5667281296875 0.7479365046875001 0.587101709375 0.7514583234375001 0.592274784375 0.7455285828125 0.57850676875 0.738274353125 0.5564088296875 0.7367291140625001
