1 0.47652173906249995 0.6116279062500001 0.4886956515625 0.6046511625 0.500869565625 0.590697675 0.49391304375 0.5837209296875 0.4904347828125 0.5744186046875 0.45391304374999997 0.6 0.46086956562500003 0.609302325 0.46782608750000004 0.6139534890625 0.47652173906249995 0.6116279062500001
0 0.8973913046875 0.6325581390624999 0.8991304343750001 0.6186046515625 0.886956521875 0.5953488375 0.8713043484374999 0.5813953484375001 0.8765217390625001 0.59302325625 0.8886956515625 0.6139534890625 0.8973913046875 0.6325581390624999
0 0.8400000000000001 0.6325581390624999 0.846956521875 0.6325581390624999 0.8417391296875 0.6139534890625 0.8156521734375 0.6255813953125 0.819130434375 0.6325581390624999 0.8382608703125 0.6255813953125 0.8400000000000001 0.6325581390624999
0 0.8278260875000001 0.6697674421875 0.8278260875000001 0.653488371875 0.8347826093749999 0.6325581390624999 0.8173913046875001 0.639534884375 0.819130434375 0.655813953125 0.8173913046875001 0.6744186046875 0.8278260875000001 0.6697674421875
0 0.7878260874999999 0.651162790625 0.7895652171875 0.6720930234375 0.7913043484375 0.690697675 0.8 0.6930232562499999 0.8034782609375 0.6860465109375 0.7982608703125 0.6674418609375 0.7982608703125 0.651162790625 0.8034782609375 0.6348837203125 0.7895652171875 0.6372093015625 0.7826086953125 0.639534884375 0.780869565625 0.6465116281250001 0.7878260874999999 0.651162790625
0 0.6904347828125 0.6953488375 0.7026086953124999 0.690697675 0.713043478125 0.6837209296875 0.7026086953124999 0.6837209296875 0.686956521875 0.68837209375 0.66608695625 0.6953488375 0.6695652171875001 0.70232558125 0.6782608703124999 0.7 0.6904347828125 0.6953488375
0 0.7217391296875 0.6767441859375001 0.714782609375 0.6837209296875 0.7182608703125 0.7 0.7356521734375 0.68837209375 0.7321739125 0.6767441859375001 0.7217391296875 0.6767441859375001
0 0.6504347828125 0.7209302328125 0.6713043484375001 0.7162790703125 0.6886956515625 0.71162790625 0.7008695656249999 0.7046511625 0.7078260875 0.6930232562499999 0.6939130437500001 0.6976744187499999 0.6695652171875001 0.7046511625 0.6504347828125 0.709302325 0.6504347828125 0.7209302328125
0 0.6313043484375 0.653488371875 0.6243478265625 0.653488371875 0.62608695625 0.6953488375 0.6313043484375 0.6953488375 0.6313043484375 0.653488371875
0 0.5617391296875 0.690697675 0.5582608703124999 0.6813953484375 0.553043478125 0.6790697671875 0.553043478125 0.6860465109375 0.5582608703124999 0.6976744187499999 0.5617391296875 0.690697675
0 0.5565217390625 0.70232558125 0.553043478125 0.6930232562499999 0.5513043484375 0.6813953484375 0.5443478265625 0.6813953484375 0.5478260875000001 0.690697675 0.5513043484375 0.7046511625 0.5565217390625 0.70232558125
0 0.7008695656249999 0.6139534890625 0.6939130437500001 0.6162790703125001 0.6956521734375001 0.6255813953125 0.7026086953124999 0.6255813953125 0.7008695656249999 0.6139534890625
0 0.6626086953125 0.6232558140625 0.660869565625 0.6139534890625 0.6486956515625 0.6139534890625 0.65391304375 0.6372093015625 0.660869565625 0.6348837203125 0.6556521734375 0.6232558140625 0.6626086953125 0.6232558140625
0 0.6295652171875 0.7581395343749999 0.6313043484375 0.7674418609375 0.64 0.7651162796875 0.6365217390625 0.753488371875 0.6295652171875 0.7581395343749999
0 0.4904347828125 0.739534884375 0.47652173906249995 0.739534884375 0.48 0.746511628125 0.49217391250000003 0.746511628125 0.4904347828125 0.739534884375
0 0.5113043484375 0.7418604656250001 0.49913043437500004 0.7418604656250001 0.49913043437500004 0.748837209375 0.5113043484375 0.751162790625 0.5113043484375 0.7418604656250001
0 0.5286956515625 0.6930232562499999 0.5234782609375 0.6953488375 0.5339130437499999 0.7186046515625 0.5373913046875 0.7162790703125 0.5286956515625 0.6930232562499999
1 0.4365217390625 0.5511627906250001 0.4434782609375 0.5348837203125 0.4434782609375 0.509302325 0.42608695625 0.5209302328125001 0.4104347828125 0.5511627906250001 0.40695652187500003 0.5767441859375 0.420869565625 0.5744186046875 0.4278260875 0.5674418609375 0.4365217390625 0.5511627906250001
1 0.405217390625 0.5790697671875 0.405217390625 0.560465115625 0.39304347812499996 0.5325581390624999 0.3721739125 0.5046511625 0.366956521875 0.5279069765625 0.3756521734375 0.546511628125 0.38956521718750003 0.5697674421875 0.405217390625 0.5790697671875
0 0.40173912968750003 0.58837209375 0.405217390625 0.5976744187499999 0.4034782609375 0.5790697671875 0.40173912968750003 0.58837209375
0 0.40869565156250004 0.5860465109375 0.4104347828125 0.59302325625 0.40869565156250004 0.5813953484375001 0.40869565156250004 0.5860465109375
0 0.819130434375 0.690697675 0.8086956515624999 0.6790697671875 0.8 0.690697675 0.819130434375 0.690697675
1 0.7165217390625 0.5046511625 0.73391304375 0.5046511625 0.7495652171875 0.509302325 0.7617391296875 0.5139534890624999 0.7773913046875001 0.51162790625 0.7826086953125 0.5 0.7826086953125 0.4953488375 0.7791304343750001 0.4860465109375 0.7565217390625001 0.48837209374999996 0.7373913046875 0.490697675 0.7217391296875 0.49767441874999996 0.7165217390625 0.5046511625
