0 0.6699144578125 0.26356941875 0.637113309375 0.2845845453125 0.6440951046875 0.29350773281250003 0.6656731234375 0.2778563015625 0.6968735296874999 0.2554310515625 0.7093900546875 0.26507069375 0.7228286234375 0.2339306921875 0.6980670531250001 0.2315273140625 0.6699144578125 0.26356941875
0 0.6262794640625 0.3304966640625 0.6324288874999999 0.304026690625 0.6321574078125 0.28715078125 0.6127410249999999 0.322729590625 0.61403441875 0.3377329296875 0.6262794640625 0.3304966640625
0 0.6592163515625 0.31791949218750004 0.6825308531250001 0.3121161390625 0.6669665171875 0.29285964062500003 0.6318321265625 0.315978559375 0.6335686078125 0.32582663749999996 0.6592163515625 0.31791949218750004
0 0.596761734375 0.408473678125 0.6293912749999999 0.40948971875 0.6668409765625001 0.399501571875 0.6753057109375 0.386162365625 0.6635216875000001 0.3730088078125 0.6503904671875 0.3905555953125 0.6247427234375 0.3984627421875 0.596761734375 0.408473678125
0 0.5704813609375 0.4588018140625 0.6030570984375 0.505521540625 0.6120827234374999 0.510699590625 0.6299982359375 0.512617734375 0.627854534375 0.4774557953125 0.633560871875 0.4561410828125 0.6002167640625 0.44340439375 0.5704813609375 0.4588018140625
0 0.7101865578125001 0.3309329796875 0.6971910765625 0.3569177203125 0.6926423953125 0.38479781874999996 0.6796469140625 0.410782559375 0.6896585859375 0.4445571640625 0.6978339046875 0.42957661406250003 0.7237249968749999 0.338700053125 0.7101865578125001 0.3309329796875
0 0.417906225 0.506013459375 0.4374404140625 0.494107165625 0.40641161718749996 0.49450124687499997 0.37245281406249997 0.5089509890625 0.4107528203125 0.519121440625 0.417906225 0.506013459375
0 0.46719375156250004 0.463475184375 0.4784348171875 0.4428769265625 0.4466555828125 0.462019484375 0.46719375156250004 0.463475184375
0 0.46528566250000003 0.4756582765625 0.473289371875 0.48270889375000003 0.506362 0.47856967499999997 0.5334747484375 0.46363469999999996 0.5275328015625 0.43760438281249997 0.46879449375000004 0.4648853078125 0.46528566250000003 0.4756582765625
0 0.5121502734375001 0.5113966 0.5260139953125 0.49033589843750003 0.49438843437499996 0.5026818484375 0.461297871875 0.5220556281250001 0.48708135781250006 0.5225864375 0.5121502734375001 0.5113966
0 0.33796125 0.6047288 0.32077823906249997 0.599296740625 0.307375540625 0.59996761875 0.3140499875 0.6224840203124999 0.3192773671875 0.6367936921874999 0.332797871875 0.659795328125 0.346933071875 0.6556105343749999 0.3310793234375 0.6347126890625 0.3353206578125 0.62042580625 0.33796125 0.6047288
0 0.3529108875 0.651171728125 0.3394902546875 0.6670771703125 0.33393759218749997 0.6815952750000001 0.34252013125 0.6919285859375 0.36872876718750003 0.7025386953125 0.3700580296875 0.6870729109375 0.379698353125 0.6650645296875 0.3829177703125 0.652650215625 0.3674891765625 0.641831671875 0.3529108875 0.651171728125
0 0.42584839687500003 0.6890822078125 0.4398299234375 0.6916940203124999 0.458342196875 0.681660296875 0.466517515625 0.6666797453125 0.44451434375 0.6722518765625 0.41857718750000006 0.6785176749999999 0.42584839687500003 0.6890822078125
0 0.39451998593750004 0.5727550578125 0.3974499921875 0.5586993984374999 0.380692134375 0.5633466390625 0.36042544374999996 0.5787668453125 0.38067419999999996 0.5785812 0.39451998593750004 0.5727550578125
0 0.4461509546875 0.6431928765625 0.4254591125 0.648533784375 0.4014121109375 0.657851053125 0.45473349374999994 0.6535261875 0.49873983749999995 0.6423819265625 0.5208966828125 0.6300131890625 0.5244055171875 0.6192402203125 0.5035599984375 0.6313777359375 0.4779122546875 0.6392848796874999 0.4461509546875 0.6431928765625
1 0.80634643125 0.193818584375 0.8235294421875 0.19925064374999998 0.8386865578125 0.1931932796875 0.845568484375 0.1632093890625 0.834073875 0.151697178125 0.799075221875 0.18325405 0.80634643125 0.193818584375
1 0.8740027578125 0.2631230765625 0.8779546781249999 0.2471948484375 0.8734597984375 0.2293712609375 0.8593245984375001 0.23355605625 0.86586330625 0.2476345046875 0.8740027578125 0.2631230765625
1 0.735598690625 0.2756808046875 0.7589669953125 0.22417376562500002 0.767006575 0.20075526250000003 0.7438278140625 0.21499656875 0.7059350249999999 0.23013997812500003 0.6914924765625 0.2479179875 0.7038553265624999 0.2643542390625 0.735598690625 0.2756808046875
