0 0.332642153125 0.6776070734374999 0.315224384375 0.6804507765625 0.2978066171875 0.683294478125 0.30901449531249997 0.6961793875 0.3425364734375 0.707351 0.36428327031249996 0.6969255953125 0.3609811015625 0.6721360437499999 0.332642153125 0.6776070734374999
0 0.27681825625 0.7127734859375 0.2866109203125 0.7150343015625 0.2972514953125 0.7192070984375001 0.3036525171875 0.7138199796875 0.29451663125 0.7031296578124999 0.280675546875 0.70165041875 0.27681825625 0.7127734859375
0 0.2934063890625 0.7749548953125001 0.3004641890625 0.76113826875 0.2874710140625 0.7615710140624999 0.272405846875 0.7598091734375 0.2779650484375 0.7748224375 0.2934063890625 0.7749548953125001
0 0.33577755468750003 0.7813045953125 0.34330709531250003 0.7710293328125 0.32494584843749996 0.76679030625 0.3063039984375 0.76935140625 0.31449640625 0.772959 0.33577755468750003 0.7813045953125
0 0.371263778125 0.7448753171875 0.3674959640625 0.7388567671875 0.35789443125 0.7469374453125 0.345844734375 0.7544529171875001 0.357237653125 0.755366953125 0.371263778125 0.7448753171875
0 0.326271590625 0.79455601875 0.350377078125 0.8018374359375 0.36270738125 0.7875218359375 0.3548911453125 0.7822848609374999 0.333801128125 0.78428075625 0.3114870265625 0.7859940515625 0.326271590625 0.79455601875
0 0.344823965625 0.8091365390625 0.32947819218749996 0.8141748249999999 0.342190759375 0.8205422078125 0.351039946875 0.8157202937499999 0.344823965625 0.8091365390625
1 0.41860856875 0.690589075 0.4333809484375 0.6545263125 0.44015205 0.6251974484375 0.3957088890625 0.6166531625 0.349671565625 0.6317680234374999 0.3155944640625 0.6565090296875 0.28895742812499997 0.68811639375 0.29593184687499996 0.71375375 0.304787125 0.7312442 0.328235834375 0.746955128125 0.35224575625 0.7490658 0.3759689796875 0.735664234375 0.3991248984375 0.7135505578125 0.41860856875 0.690589075
0 0.6544377734375 0.590574053125 0.6618717453125 0.5751280453125001 0.627507946875 0.5843568125 0.6052894125 0.5912408515625 0.5847667000000001 0.601948859375 0.5924934609375 0.6243274546875 0.6544377734375 0.590574053125
0 0.7151580015625 0.5565380484375 0.687290790625 0.5655504437500001 0.6670486828125 0.5694583234375 0.657638284375 0.5878804921875 0.6701597203125 0.583906384375 0.684657584375 0.5769561140625 0.700946834375 0.57900055625 0.7182690375 0.5709861078125 0.72919021875 0.5683587796875 0.738696184375 0.55510735625 0.7151580015625 0.5565380484375
1 0.6206473703125 0.6308272968749999 0.6542527328125 0.602544925 0.6664813796875 0.5607462125 0.5873043390625 0.5853724437500001 0.592308421875 0.636298328125 0.6206473703125 0.6308272968749999
