0 0.1111111109375 0.63919821875 0.10798122031249999 0.6436525609375 0.103286384375 0.6436525609375 0.09859155 0.6481069046875 0.095461659375 0.6525612468750001 0.09702660468749999 0.6636971046875 0.1048513296875 0.672605790625 0.11580594687500001 0.677060134375 0.1517996875 0.672605790625 0.169014084375 0.672605790625 0.1877934265625 0.677060134375 0.1924882625 0.677060134375 0.2003129890625 0.6614699328125 0.20500782499999998 0.6525612468750001 0.20970266093749998 0.6458797328125 0.1846635375 0.6369710468750001 0.1580594671875 0.63919821875 0.128325509375 0.6369710468750001 0.1111111109375 0.63919821875
0 0.1580594671875 0.7171492203125001 0.169014084375 0.723830734375 0.17370892031250001 0.71046770625 0.181533646875 0.6971046765625 0.1877934265625 0.6815144765625 0.1471048515625 0.6837416484375 0.1439749609375 0.6993318484375 0.139280125 0.712694878125 0.14553990625 0.7171492203125001 0.1580594671875 0.7171492203125001
0 0.1611893578125 0.7349665921875 0.1580594671875 0.7305122500000001 0.15336463281249998 0.7349665921875 0.1580594671875 0.7394209359375 0.1611893578125 0.7349665921875
0 0.1345852890625 0.743875278125 0.139280125 0.743875278125 0.1408450703125 0.7327394203125001 0.142410015625 0.72605790625 0.1377151796875 0.72605790625 0.1345852890625 0.7371937640625 0.1345852890625 0.743875278125
0 0.139280125 0.759465478125 0.139280125 0.7505567921875 0.1345852890625 0.748329621875 0.1314553984375 0.759465478125 0.139280125 0.759465478125
0 0.1314553984375 0.7706013359375 0.13302034375 0.77728285 0.136150234375 0.7750556796875 0.136150234375 0.7706013359375 0.13302034375 0.76614699375 0.1314553984375 0.7706013359375
0 0.1517996875 0.7550111359375 0.14866979687499998 0.759465478125 0.154929578125 0.76169265 0.1564945234375 0.7527839640625 0.1517996875 0.7550111359375
0 0.28482003125 0.74164810625 0.27856025 0.74610245 0.27856025 0.759465478125 0.2863849765625 0.7572383078125 0.2910798125 0.7505567921875 0.28951486718749997 0.74164810625 0.28482003125 0.74164810625
0 0.3521126765625 0.7327394203125001 0.3552425671875 0.728285078125 0.3521126765625 0.7171492203125001 0.3489827859375 0.712694878125 0.3458528953125 0.708240534375 0.33959311406250003 0.708240534375 0.3333333328125 0.708240534375 0.328638496875 0.71046770625 0.327073553125 0.71046770625 0.3255086078125 0.72605790625 0.328638496875 0.7327394203125001 0.334898278125 0.728285078125 0.33959311406250003 0.728285078125 0.3458528953125 0.7305122500000001 0.3521126765625 0.7327394203125001
0 0.27230046875 0.8262806234375001 0.2769953046875 0.8285077953125001 0.27856025 0.8262806234375001 0.2769953046875 0.8195991093749999 0.2738654140625 0.8195991093749999 0.270735525 0.8218262812500001 0.27230046875 0.8262806234375001
0 0.43818466406249995 0.7928730515625 0.427230046875 0.7906458796875 0.420970265625 0.7973273937500001 0.42879499218749995 0.8062360796875 0.43348982812500003 0.8106904234375 0.44131455468749997 0.8017817375 0.43818466406249995 0.7928730515625
0 0.30046948281249997 0.8797327390625 0.29733959374999996 0.8819599109375 0.29733959374999996 0.888641425 0.3035993734375 0.895322940625 0.30985915468749997 0.9020044546875001 0.3129890453125 0.9064587968750001 0.31768388125 0.8997772828124999 0.314553990625 0.895322940625 0.30516431875 0.886414253125 0.30046948281249997 0.8797327390625
0 0.275430359375 0.76169265 0.27856025 0.76614699375 0.281690140625 0.763919821875 0.2801251953125 0.759465478125 0.275430359375 0.76169265
0 0.5931142406250001 0.54342984375 0.5931142406250001 0.5211581296875 0.5931142406250001 0.4988864140625 0.5884194046875 0.4966592421875 0.5884194046875 0.5902004453125 0.5931142406250001 0.5902004453125 0.5931142406250001 0.5746102453125 0.5931142406250001 0.561247215625 0.5931142406250001 0.54342984375
0 0.777777778125 0.2828507796875 0.7636932703125 0.291759465625 0.7464788734375001 0.291759465625 0.7370892015625 0.2984409796875 0.7198748046875 0.3028953234375 0.7089201875 0.3028953234375 0.7042253515625 0.31180400937499997 0.7104851328125 0.3140311796875 0.7261345859375 0.3140311796875 0.7276995312500001 0.3251670375 0.729264475 0.3363028953125 0.7511737093749999 0.3385300671875 0.7762128328125 0.33407572343749997 0.7793427234375 0.3140311796875 0.777777778125 0.2828507796875
