1 0.49088331875 0.2333706984375 0.48250069531250006 0.1895329328125 0.40895028906249997 0.18046475 0.40431884843750004 0.19249720625 0.40052867968749994 0.214145440625 0.40547713593749996 0.244718525 0.411504196875 0.2616321109375 0.424636928125 0.2817997828125 0.43366247500000005 0.28101015 0.44494440781250005 0.28002310937499997 0.47230796875000003 0.2679397265625 0.49088331875 0.2333706984375
1 0.44634002968750003 0.3089691484375 0.45226791874999994 0.2987611453125 0.44432097812500004 0.2858912796875 0.43558235312500004 0.27696642968749996 0.42722982343749993 0.2854486859375 0.41719475 0.27469938437499997 0.40862438125 0.26769769062500004 0.3876934703125 0.2753425359375 0.3762928703125 0.287967215625 0.3724531140625 0.29605465625 0.3768968078125 0.3208582734375 0.38851525 0.3237175421875 0.40210315625000004 0.3360938875 0.4268047421875 0.3455600359375 0.4435593875 0.34215631874999997 0.448190828125 0.3301238640625 0.44634002968750003 0.3089691484375
0 0.5427641328125 0.7094249984375 0.5247130390625 0.7110042640625001 0.5171026078125001 0.7019807109375 0.5064936921875 0.710660375 0.49977411875 0.72481339375 0.4912533359375 0.73137249375 0.4839794125 0.7261952515625001 0.48707707187500004 0.735613621875 0.49999195937499996 0.74029734375 0.51398545625 0.7313215671875 0.5516710125000001 0.720273003125 0.56792089375 0.71109981875 0.5644867265625 0.6978351375 0.5517400921875 0.6950745703125001 0.5427641328125 0.7094249984375
1 0.5795889234375 0.7275198828125 0.605300034375 0.7485249656249999 0.6277452343750001 0.7581885234375 0.6544853640625 0.7519733125 0.6547227 0.728698034375 0.637413703125 0.7127714890625 0.618353084375 0.702811821875 0.5868823390625 0.693937896875 0.5736805281249999 0.698968659375 0.56415021875 0.693988825 0.5458812843749999 0.680084140625 0.5422097828125 0.6900947359375 0.5323429640625 0.6812685890625 0.524109103125 0.6781132078125001 0.5144105390625 0.6712102171875001 0.5073544562500001 0.681516925 0.5080770625000001 0.7027703437499999 0.5038512093749999 0.6934506765624999 0.4944891546875 0.6903939968749999 0.4796543875 0.6897539953125 0.46352317187500003 0.6872895406249999 0.4496979296875 0.698188475 0.4467490328125 0.7294524874999999 0.437941328125 0.7457260703124999 0.440128634375 0.7707270953124999 0.451004978125 0.7910921765625 0.4779629515625 0.800360915625 0.50254586875 0.821464703125 0.50249628125 0.8079039078125 0.5142333906250001 0.799125540625 0.5260200875 0.8039079656249999 0.5569860703125 0.8070124218749999 0.5584011859375 0.7971992359375 0.550523325 0.7591309359375 0.5512654234375 0.7416251265625 0.5768082796875 0.760707053125 0.5854477296875 0.7425103125 0.5795889234375 0.7275198828125
1 0.428074509375 0.736899925 0.4448787421875 0.7470570015625 0.451143140625 0.7406953109375001 0.4531320984375 0.7114531562499999 0.4398311125 0.689362328125 0.4262927921875 0.6905467765625 0.42199786093749997 0.70642554375 0.428074509375 0.736899925
1 0.40125469843749995 0.6772343171874999 0.4178906765625 0.685468240625 0.431933759375 0.6900532562499999 0.42945953125 0.6747667140625 0.418820521875 0.63112635625 0.40292664218749996 0.605386625 0.371455896875 0.5965127015625 0.3848560546875 0.6457251187499999 0.40125469843749995 0.6772343171874999
1 0.5193856734375 0.31226786406249996 0.48330298125000004 0.27666716875 0.46395544062500005 0.27642198125 0.442688021875 0.28022051718749996 0.44519234374999994 0.34782708125 0.487470353125 0.40226451875 0.5307083 0.45468009687500005 0.54384103125 0.47484776875 0.6191926484375 0.49150987031250004 0.651623334375 0.4983619328125 0.6579072234375001 0.4532410140625 0.6447939875 0.3943141140625 0.6031889953125 0.3475693 0.5629796234375 0.329770525 0.5193856734375 0.31226786406249996
1 0.3613801296875 0.4423641265625 0.355926909375 0.406021575 0.3460600921875 0.3971954296875 0.3159548734375 0.36494752343750003 0.2839793671875 0.3503041328125 0.279229259375 0.3739742265625 0.29469805625 0.45982530937500005 0.3145804546875 0.518159984375 0.35406721874999997 0.5147053390624999 0.3613801296875 0.4423641265625
1 0.296617934375 0.45578158750000003 0.28976909375000004 0.3904929953125 0.278575734375 0.3275223765625 0.2674815484375 0.29167334375 0.26551208437499996 0.2821562703125 0.2466197203125 0.2741197578125 0.22341292968749998 0.3207212390625 0.2236307703125 0.3362051890625 0.21746554843750002 0.36968847031249996 0.21941551874999998 0.4179647734375 0.2308462140625 0.4576601171875 0.2440781171875 0.504949378125 0.2556274796875 0.53300708125 0.26110019218749997 0.5305904046875 0.271827775 0.5102731031250001 0.2868998765625 0.4876378265625 0.296617934375 0.45578158750000003
1 0.1963557828125 0.28433091093749996 0.19871134375 0.311255090625 0.22199781562499998 0.330534425 0.23238888750000003 0.3063708125 0.23144844375 0.26963344375 0.224006265625 0.26253304375000003 0.2078750515625 0.260068590625 0.1963557828125 0.28433091093749996
1 0.24419507812500002 0.272394009375 0.24486809531249998 0.2800866328125 0.2653934171875 0.2937939078125 0.27638842812500003 0.3025213515625 0.30346506875 0.3001524515625 0.3025742078125 0.276975878125 0.283968765625 0.25922488125 0.2525476078125 0.26391175312500004 0.24419507812500002 0.272394009375
0 0.30144772343750004 0.4979923125 0.29158090468750003 0.48916616562500004 0.28385180625 0.49178025156249994 0.2880776578125 0.5010999171875 0.29907266875 0.509827359375 0.30144772343750004 0.4979923125
0 0.29924092343750003 0.5117505140625 0.2929269390625 0.5045514125 0.2840696484375 0.5072642015625 0.2905518859375 0.5163864593749999 0.291224903125 0.5240790828125 0.284337075 0.5363089453125001 0.2893546109375 0.541683596875 0.2957872625 0.5372450609375 0.30238816874999996 0.5347296796875 0.3145113734375 0.5433584171875 0.309780759375 0.5282692828125 0.29924092343750003 0.5117505140625
0 0.32735718281250004 0.5732405734375 0.334007675 0.5842859859375 0.3421228703125 0.5990790078125 0.3380156859375 0.5781217046875 0.32680283125 0.5539103125 0.3212805328125 0.5427661921875 0.31626299687500004 0.5373915421875 0.323299584375 0.5658440625 0.32735718281250004 0.5732405734375
0 0.344111828125 0.56983685625 0.3483376796875 0.579156521875 0.3598374546875 0.59365343125 0.36689353593749996 0.5833467234375 0.36052996406250004 0.5625868265625 0.347901996875 0.5481886203124999 0.3434388109375 0.5621442328125 0.344111828125 0.56983685625
0 0.6456246578125 0.3128506421875 0.6241393984375 0.301165225 0.5810006234375 0.2758712375 0.5556260203125001 0.258712465625 0.5244917828125 0.253684853125 0.5284307140625 0.272719003125 0.545066690625 0.280952925 0.586117334375 0.308367478125 0.6130753062500001 0.3176362171875 0.6462285953125 0.3457416984375 0.670088909375 0.3455920671875 0.6796882984375 0.32537346875 0.6659321375 0.31107396718749997 0.6456246578125 0.3128506421875
1 0.42330320156249995 0.5784115171875001 0.40990304218749996 0.5291991 0.3809950984375 0.47165405624999995 0.3518498203125 0.4373842921875 0.3177170984375 0.45005989843750005 0.31167054375 0.47190554218749997 0.3179650328125 0.517863871875 0.344735259375 0.563968684375 0.362093840625 0.5934560234374999 0.382837003125 0.62264725 0.40566829843749996 0.6497179125 0.42964727968750005 0.6379306421875001 0.42330320156249995 0.5784115171875001
1 0.480770271875 0.3776583109375 0.47570315 0.358722865625 0.44079823749999997 0.3365842609375 0.3955518375 0.3521700640625 0.3868628 0.3568060078125 0.37657089843749997 0.4080912125 0.3918909359375 0.453259909375 0.4111693953125 0.47870352812499994 0.4477568515625 0.5200736921875 0.48390862500000004 0.53047595625 0.49876288593749996 0.49235672812500003 0.49940580937499995 0.44772932968749996 0.480770271875 0.3776583109375
0 0.4464710046875 0.6093284921875 0.4304584578125 0.5952263984374999 0.4366537734375 0.614063140625 0.4549227078125 0.627967825 0.47352815000000004 0.6457188203124999 0.48824425 0.6579964609375 0.48413706718749994 0.6370391546875 0.46378 0.6252550359375 0.4464710046875 0.6093284921875
