0 0.09143835624999999 0.40997386875 0.0989702046875 0.42202734687500004 0.1088565453125 0.42946709531250005 0.1161073671875 0.4259837734375 0.10490327031249999 0.4130824890625 0.08870916250000001 0.39387186406249997 0.09143835624999999 0.40997386875
0 0.159895428125 0.398272790625 0.163757128125 0.38713061875 0.1518931015625 0.3826724890625 0.142760365625 0.3719685203125 0.133155053125 0.38006557343749997 0.12599790625 0.388727828125 0.11469803281249999 0.3929954578125 0.1028340046875 0.388537328125 0.09454855 0.37974807187500004 0.09727774375 0.39585007656250004 0.11074265781249999 0.39895869687499996 0.125431653125 0.40234991875 0.135036965625 0.394252865625 0.1405932265625 0.3869401171875 0.1438886734375 0.38942003281250004 0.159895428125 0.398272790625
0 0.20781361718750002 0.5090435140625 0.21120274062500002 0.5167023640624999 0.22024180000000002 0.5222273984375 0.21741892968749998 0.5009464609375 0.20442869375 0.45668897187499996 0.1924730921875 0.42470406250000003 0.175244353125 0.3932208578125 0.17552537968749998 0.40875765781249995 0.18126689375 0.434150625 0.1839960859375 0.45025262968749996 0.1726962125 0.4545202578125 0.17655581250000002 0.46572593125 0.19274991875 0.48493655625 0.20781361718750002 0.5090435140625
0 0.38398579375 0.5669070890625 0.39170709375 0.5669705890625 0.39236702343749996 0.558527434375 0.385022525 0.5568318234375 0.3834216390625 0.5581813328125 0.38398579375 0.5669070890625
0 0.0924750875 0.3998986015625 0.08146044062499999 0.37500734062499996 0.0753400265625 0.37359433124999997 0.068089203125 0.377077653125 0.061308859375000004 0.3841078 0.063190771875 0.39829509375 0.06629676718750001 0.4127649875 0.071003646875 0.4258853734375 0.0773114140625 0.43765624843750006 0.087101978125 0.462264909375 0.11572846562500001 0.449963728125 0.1163883953125 0.4415205734375 0.1140360046875 0.4237864578125 0.10904599687500001 0.4174771171875 0.10405598906249999 0.411167775 0.09784189843749999 0.40457583281250004 0.0924750875 0.3998986015625
0 0.4712724875 0.5853397078125 0.47701610156249996 0.5883848281249999 0.48134827968750005 0.580789478125 0.4723092203125 0.5752644421875 0.4703315328125 0.5782460625 0.4712724875 0.5853397078125
0 0.162718296875 0.4195537296875 0.16055325781250002 0.4121774828125 0.15556325 0.405868140625 0.1480293 0.41616250781249997 0.156031628125 0.431762809375 0.1667652484375 0.4411172703125 0.174580225 0.44635970468749997 0.1801364859375 0.43904695625 0.174769675 0.434369725 0.1685555859375 0.4277777828125 0.162718296875 0.4195537296875
0 0.21252259843750002 0.499816053125 0.20452027187500002 0.48421575 0.19943658749999998 0.4727274765625 0.1952938609375 0.4683328484375 0.1926583421875 0.4574097765625 0.18691473125 0.45436465625 0.1804175125 0.4545837578125 0.18889031875 0.47373088281250003 0.198023053125 0.48443485312499995 0.2034835390625 0.4942910171875 0.206589534375 0.5087609125 0.214215059375 0.5259933234374999 0.2188303640625 0.5115869296875 0.21252259843750002 0.499816053125
0 0.24746105 0.4545900578125 0.2399292015625 0.442536578125 0.23239735156250002 0.4304831 0.22053332499999997 0.426024971875 0.21789570781249998 0.43744974531249997 0.2249570796875 0.44595640000000003 0.233525659375 0.4479346125 0.24218791562500003 0.45509176093750003 0.245200234375 0.464382721875 0.249719765625 0.46714523906250005 0.24746105 0.4545900578125
0 0.41450679062500007 0.43470612500000005 0.4017954828125 0.42833328281250005 0.3919091421875 0.4208935359375 0.38418784375000004 0.4208300359375 0.39096608593750004 0.436147734375 0.3988747390625 0.44656910312500003 0.40960835937500006 0.45592356250000005 0.415918225 0.4453465953125 0.41450679062500007 0.43470612500000005
0 0.3867233859375 0.49361770937499994 0.39416155937499997 0.5004922546875 0.3943489109375 0.510850121875 0.40423525 0.518289871875 0.4125249046875 0.4823834359375 0.4082885 0.47280987343750003 0.40132080625000005 0.46948215156249995 0.39510671406250003 0.462890209375 0.3911513390625 0.46885344843750004 0.3920922953125 0.47594709375 0.38229963125 0.4736862796875 0.3783442546875 0.47964951874999995 0.37806112812500003 0.48646056406250004 0.3867233859375 0.49361770937499994
0 0.5254215656250001 0.5239196046875 0.5413325453125 0.549941275 0.5461352015625 0.5458927484375 0.52947061875 0.5231353015625 0.5254215656250001 0.5239196046875
0 0.4207145828125 0.5083416046875 0.42363532656249997 0.4901057875 0.42589614062500003 0.4803131234375 0.42740334999999996 0.47378468125 0.4280632796875 0.46534152500000003 0.42354375 0.46257900625000004 0.41751701093750004 0.46634493125 0.4132785078125 0.47911921562500004 0.41148817187500003 0.4924587015625 0.4088505546875 0.5038834765625 0.40658974062500003 0.513676140625 0.4064002890625 0.52566611875 0.4140279140625 0.5205506859375 0.4207145828125 0.5083416046875
0 0.541521996875 0.537951296875 0.5440638375 0.543695434375 0.5457583984375 0.547524859375 0.5361572859375 0.5109262203125 0.5257046921875 0.5171085609375 0.5255152421875 0.529098540625 0.5289043640625 0.5367573890624999 0.533894371875 0.5430667296875 0.5388843796875 0.549376071875 0.5371919171874999 0.5231988015625 0.5393569578124999 0.5305750484375 0.541521996875 0.537951296875
0 0.5116735265625 0.52762203125 0.5082844046874999 0.5199631796874999 0.500469428125 0.5147207468749999 0.49538364531249995 0.5255803171875 0.499243246875 0.536785990625 0.505080534375 0.54501004375 0.50846965625 0.5526688937500001 0.5129891859375 0.5554314109375 0.5203336843749999 0.557127021875 0.5163804078124999 0.540742415625 0.5116735265625 0.52762203125
0 0.44923899375 0.580252875 0.4564898171875 0.5767695515625 0.46411744062500004 0.5716541171875 0.45347749843749996 0.5674785906250001 0.44735708281250003 0.56606558125 0.44048306249999997 0.56791679375 0.4344563234375 0.57168271875 0.4272055015625 0.5751660421875 0.4249446859375 0.58495870625 0.4346436734375 0.5820405859375 0.4435890578125 0.5823866875 0.44923899375 0.580252875
0 0.3421796203125 0.546940759375 0.35055875 0.5609089484374999 0.3502756234375 0.5677199953125001 0.35809060000000004 0.572962428125 0.3570559671875 0.5606898484375 0.35489092968749997 0.5533136 0.3486768375 0.5467216578125 0.3421796203125 0.546940759375
0 0.5037711734375 0.4501571234375 0.5131870359375 0.45405005000000004 0.5238269796874999 0.45822557656249996 0.5224155453125 0.44758510781250005 0.5154478499999999 0.44425738593749997 0.50687926875 0.442279171875 0.5023597390625001 0.43951665625 0.5037711734375 0.4501571234375
0 0.594159665625 0.5277553296875 0.5987728703124999 0.53569678125 0.6041396812500001 0.5403740125 0.6064004953125 0.5305813484375 0.5988686453125001 0.51852786875 0.59303135625 0.510303815625 0.581073653125 0.500666753125 0.5709999625 0.4828691359375 0.5531112953124999 0.4598290875 0.5387991015625 0.45480575468750006 0.5430355062500001 0.46437931718750003 0.55452273125 0.47046955625000003 0.5591359359375 0.478411009375 0.5687391484375001 0.49266180000000004 0.577118278125 0.5066299921875 0.5809778796875 0.517835665625 0.5867214921875 0.520880784375 0.594159665625 0.5277553296875
0 0.6286234390625001 0.5236782015625 0.615254303125 0.5034006703125 0.6011315609375 0.486387359375 0.5932229078125 0.4759659921875 0.5791938421875 0.46413161562500005 0.5836175953125 0.4840630453125 0.591809375 0.4876733671875 0.5971761843750001 0.49235059843749995 0.6054616375 0.50113985625 0.61007484375 0.5090813078124999 0.61600580625 0.5224842953125 0.6221262234375 0.5238973046875001 0.6286234390625001 0.5236782015625
0 0.6322041125 0.49699922812499997 0.6283445125 0.48579355625 0.61770456875 0.48161802812500004 0.6187392 0.4938906078125 0.6258005718749999 0.5023972640625 0.6323914640625 0.5073570953125001 0.6341797015624999 0.5163654546875 0.6400169890625 0.5245895078125 0.64067691875 0.516146353125 0.6388886828125 0.50713799375 0.6322041125 0.49699922812499997
0 0.592275653125 0.5359158828125 0.5789044156250001 0.537986196875 0.5638386171875001 0.5362270859375 0.5553637124999999 0.53942780625 0.5452879203125 0.5439780375 0.5323871609374999 0.5495951734375 0.5235354546875 0.5544280046875001 0.5310673046875001 0.566481484375 0.5420840515625 0.5690249 0.5504652796875 0.5606452453124999 0.56007059375 0.5525481921875001 0.5690159765625 0.55289429375 0.5811631296875001 0.5505413796874999 0.589261234375 0.54897276875 0.6084697578125 0.5551265078125 0.618168746875 0.5522083890625 0.6302222265624999 0.544676540625 0.64236938125 0.5423236234375 0.6504674828125 0.5407550140625 0.66543960625 0.5373351921875 0.6747617906250001 0.5360491828125 0.6778698859375 0.52817123125 0.6634640171874999 0.5179689656249999 0.6504695828125 0.5184071671875 0.6367215421875 0.5221095921875001 0.62739935625 0.5233956 0.6160994843750001 0.527663228125 0.6093191390625 0.534693375 0.5983960671874999 0.5373288921875 0.592275653125 0.5359158828125
0 0.1892755203125 0.3827073890625 0.1872041546875 0.380510075 0.1736455671875 0.372222521875 0.15208255312500002 0.3706825109375 0.12844817343749998 0.3669451875 0.1306132109375 0.374321434375 0.14492540468749998 0.3793447671875 0.15999120312499998 0.381103878125 0.1787292515625 0.38371079531249996 0.1892755203125 0.3827073890625
0 0.657243628125 0.5784205609375 0.65978546875 0.5841646968750001 0.6624230859375 0.572739921875 0.660541175 0.5585526296875 0.6483003453125 0.5557266125 0.6513126640625 0.565017571875 0.657243628125 0.5784205609375
1 0.177032590625 0.40222921562499997 0.1587671203125 0.3808212765625 0.133155053125 0.38006557343749997 0.1123435421875 0.39760918749999996 0.09520428125 0.41600060625 0.0861631234375 0.43282341718749995 0.09265823906250001 0.4549521625 0.11488118437499999 0.448049015625 0.13107739062499998 0.44491179531249997 0.153110884375 0.449998628125 0.1662926703125 0.4599182921875 0.1803217375 0.4717526703125 0.193692975 0.46968235625 0.192283640625 0.4366940421875 0.177032590625 0.40222921562499997
0 0.67221785 0.552652890625 0.6703359375 0.5384656 0.6653438296874999 0.5545041046875 0.67221785 0.552652890625
1 0.41940102343749996 0.458184378125 0.434654171875 0.47030135624999997 0.453675346875 0.4660972296875 0.4648836453125 0.43430282187499997 0.461400846875 0.4214650390625 0.431646053125 0.41631470468750004 0.4296683640625 0.4192963234375 0.41940102343749996 0.458184378125
0 0.6757964234375 0.5483217640625 0.6707106406250001 0.5591813328125 0.6696739078125 0.5692566 0.675417521875 0.5723017203125 0.6780551390625 0.5608769437500001 0.6811632328125 0.55299899375 0.6807885312499999 0.532283259375 0.6757964234375 0.5483217640625
1 0.4003840484375 0.4176928140625 0.3716659859375 0.4024672140625 0.347465353125 0.41235198124999994 0.3241099 0.44649930312499997 0.32326052031249997 0.4669324375 0.34303110000000003 0.5041597796875 0.37080820625 0.5122917328125001 0.40065877656250004 0.500273153125 0.4111134703125 0.471742965625 0.41215229999999997 0.4393198546875 0.4003840484375 0.4176928140625
0 0.6540397578125 0.6034674234375 0.65018015625 0.59226175 0.6508400859375 0.5838185953125 0.64170735 0.573114625 0.6404811687499999 0.5951798687500001 0.63746675 0.6082367546875 0.6354890625 0.6112183734375 0.6268247046875 0.6264090734375001 0.6354869609375 0.6335662203125 0.6464100328125 0.630930703125 0.6506485359374999 0.61815641875 0.6540397578125 0.6034674234375
1 0.46251655625000004 0.5730036265625 0.463082809375 0.5593815390625 0.42551303906250004 0.5489887718750001 0.419861003125 0.57347043125 0.4373749671875 0.5757947453125001 0.46251655625000004 0.5730036265625
0 0.8332221531249999 0.6929698046875 0.8342567859375001 0.7052423859375 0.840472975 0.6894864828125 0.8434873953125 0.676429596875 0.8431126921875001 0.6557138625000001 0.8420780593750001 0.64344128125 0.8409497531250001 0.6259897671875 0.8394446421874999 0.6101703640625 0.830311909375 0.5994663953125 0.833324228125 0.6087573546875 0.8234378875000001 0.6013176062500001 0.8208002703125 0.61274238125 0.8271080375000001 0.6245132578125 0.8302140328125001 0.6389831515625 0.8349209140625 0.6521035390625001 0.8364260234374999 0.667922940625 0.8337884062500001 0.6793477171875 0.8332221531249999 0.6929698046875
1 0.509887390625 0.49626582499999994 0.5075308 0.5232274015625 0.52193456875 0.5557775140625 0.533798596875 0.5602356421875 0.5588465109375 0.552265590625 0.5677003171874999 0.5250849125 0.56610153125 0.5040865765625 0.5613946515625 0.490966190625 0.509887390625 0.49626582499999994
1 0.5640343671875 0.45719356875 0.5322082109374999 0.449845921875 0.5019829375 0.44114876562500005 0.48654033593749996 0.44102176562500006 0.4740163796875 0.44500679062500004 0.476745571875 0.4611087953125 0.499530571875 0.48527925312500003 0.5288127874999999 0.5092306093750001 0.5518830140625 0.5042421765625 0.569399078125 0.4842186453125 0.5783465609375 0.46221690156250006 0.5640343671875 0.45719356875
1 0.8286194468750001 0.5732891234374999 0.81468405625 0.5666336796875 0.7938746453125 0.5618294484375 0.7853997390624999 0.5650301703125 0.7823853187500001 0.57808705625 0.8017811968749999 0.5945986640625 0.817034346875 0.6067156421875 0.8292751765625 0.6095416609375001 0.83379680625 0.5899563328124999 0.8286194468750001 0.5732891234374999
1 0.7434020140625 0.5794016656250001 0.74020024375 0.58210068125 0.76298734375 0.5839232937500001 0.7657186359375 0.577677453125 0.7780552421875 0.563334559375 0.7661912140625 0.5588764312500001 0.7512190921874999 0.562296253125 0.7434020140625 0.5794016656250001
