1 0.45318167656249997 0.6240361625 0.4498354125 0.5894793890625001 0.43271428125 0.548918290625 0.39641696249999997 0.487098684375 0.34986098593750004 0.46816327187500006 0.332060975 0.50793 0.3531398078125 0.5795802375 0.3761037578125 0.6175961359375 0.39614629843750004 0.656884634375 0.4209953640625 0.6612661953125001 0.44392514843750003 0.66888478125 0.45318167656249997 0.6240361625
1 0.32482622656250004 0.6407335359374999 0.3198839234375 0.6917060390625 0.3536671609375 0.70660155 0.36963286093750003 0.677237721875 0.36628659531249996 0.6426809484375 0.332809075 0.6260516218750001 0.32482622656250004 0.6407335359374999
1 0.4094455015625 0.6502910281250001 0.3726050765625 0.6527336828125 0.3572000078125 0.70186131875 0.36830837656250004 0.7306358671875001 0.4047073046875 0.7459925953125001 0.43125490781250003 0.756036821875 0.45938190937499995 0.7341805265625 0.477181921875 0.6944138 0.456222225 0.6603267500000001 0.4094455015625 0.6502910281250001
1 0.5077038640625 0.6819184125 0.4938440296875 0.6687482140625 0.472341228125 0.6989234234375 0.452451990625 0.7275954265625 0.4309491890625 0.7577706375 0.44506393906249997 0.7924384609375 0.4503461265625 0.7701294562500001 0.470626053125 0.746889509375 0.488680978125 0.72862040625 0.49435385624999995 0.7117434593749999 0.511491625 0.698675803125 0.5077038640625 0.6819184125
1 0.542896559375 0.6505816531249999 0.5476356421874999 0.6925349078124999 0.5859880203125 0.7350519249999999 0.619652121875 0.7123842484375 0.62760080625 0.6673050203125 0.60302329375 0.630792328125 0.566403615625 0.6243352921875001 0.542896559375 0.6505816531249999
0 0.40508046875000003 0.667398584375 0.3965369859375 0.66231669375 0.3827621234375 0.6563123671875 0.39169629375000004 0.6668263171875 0.4061675671875 0.6765288843749999 0.42356024999999997 0.684958853125 0.43533085937499993 0.6870343296875 0.42870666249999995 0.6787154109375 0.41854961562500004 0.675136728125 0.40508046875000003 0.667398584375
0 0.47716439375 0.6103877328125 0.483703621875 0.611540775 0.49669710624999996 0.6066809859375 0.50184351875 0.6004375453125 0.4900729078125 0.59836206875 0.47376732343750005 0.5990624 0.47716439375 0.6103877328125
0 0.4630154796875 0.5453225953125 0.45778409687500005 0.5444001609375 0.4558648140625 0.5476371859375 0.46279473125 0.5542222859375 0.4630154796875 0.5453225953125
1 0.4753134421875 0.6744193843749999 0.4972411 0.6800735453125 0.5132068000000001 0.6507097171875 0.5004848671875 0.6234383765625 0.476637928125 0.6210212390625001 0.458277284375 0.6410241609375 0.4753134421875 0.6744193843749999
1 0.6606683359375001 0.3191665828125 0.6595812390625 0.3100362828125 0.65657485625 0.304143009375 0.6464178109375001 0.3005643234375 0.6385707359375 0.2991806734375 0.6308936046875 0.312128771875 0.628057165625 0.32056724375 0.6307578281249999 0.3281943375 0.63668561875 0.3328150125 0.6452291015625 0.337896903125 0.6517683296875 0.339049946875 0.658834025 0.3295694796875 0.6606683359375001 0.3191665828125
1 0.6185466109375 0.4815730625 0.6300623078124999 0.462150915625 0.6455015421875 0.44342059375 0.660855803125 0.4175243984375 0.6690594015625 0.3939427921875 0.666494515625 0.3702501359375 0.6588681890625 0.3599667953125 0.6487961140625 0.3635539859375 0.6352761640625 0.37904728125 0.6216204359375 0.41060614375000004 0.6105804 0.44262622343749997 0.5991496734374999 0.46921424375000004 0.60524740625 0.4881666671875 0.6185466109375 0.4815730625
1 0.8788771078125001 0.7259135953125 0.8748685999999999 0.7180558953125 0.8657986515625 0.7236075109375 0.8568136734375 0.736325 0.854367925 0.7501955312499999 0.8506993015625 0.7710013296875 0.8501728359375 0.7816348359374999 0.8651705765625 0.780703896875 0.880609809375 0.7619735750000001 0.8830555578125001 0.74810304375 0.880269925 0.7333100781249999 0.8788771078125001 0.7259135953125
0 0.4966296625 0.683541178125 0.4880861796875 0.6784592859374999 0.47818404687499994 0.696378225 0.46828191406249997 0.7142971625000001 0.4573776546875 0.7302516781249999 0.44538629687500003 0.7370758921875 0.4344820359375 0.7530304046875 0.446201840625 0.778337321875 0.452876846875 0.7634247984375 0.46094466718750005 0.755908759375 0.47516102812499994 0.744113703125 0.4867616953125 0.73185743125 0.49043031875 0.7110516328125 0.5004174234375001 0.70029856875 0.50687168125 0.6942857375 0.4966296625 0.683541178125
