0 0.1266433171875 0.8061808359375 0.1381382796875 0.8022589890624999 0.13410779374999998 0.7929992140625 0.1628057953125 0.7839465765625 0.1708220046875 0.7602372359375 0.1839157359375 0.7473506296875 0.1834204390625 0.7352599453125 0.17705943125 0.727386125 0.16684795624999998 0.72835905625 0.15105199062500002 0.7712658593749999 0.1369900484375 0.781085540625 0.12099168125 0.7847713734374999 0.10975555625 0.8052957859375001 0.11372960624999999 0.837173965625 0.1178953515625 0.822311375 0.1266433171875 0.8061808359375
0 0.1512096296875 0.7682579390625001 0.1476520578125 0.749974403125 0.15768351249999998 0.7308949499999999 0.1423156984375 0.7225490999999999 0.126632609375 0.72021909375 0.0984075234375 0.7202479703125 0.10042276718750001 0.724877859375 0.10099688281250001 0.7354645828125 0.1105778046875 0.746523334375 0.128512596875 0.748971346875 0.13576299687499999 0.7614160515624999 0.145918034375 0.7830615265625 0.1512096296875 0.7682579390625001
0 0.176699390625 0.691173075 0.19214602187500002 0.6980149625000001 0.20162574531250002 0.6894632281249999 0.20081517031249999 0.6833883843749999 0.172668903125 0.6819133015625 0.1413027234375 0.6772532874999999 0.121847984375 0.682266071875 0.10255088593749999 0.684270934375 0.11124241406249999 0.6907588015624999 0.13263357656250002 0.691879865625 0.14653788125 0.6850681046875 0.176699390625 0.691173075
0 0.24571394062500002 0.7098708828125 0.23380249687500002 0.7001980859375 0.2211028625 0.705564890625 0.23421897500000002 0.71379273125 0.24571394062500002 0.7098708828125
0 0.2059267453125 0.6504782703124999 0.1565469546875 0.6448742046875 0.1561528578125 0.6523940046875001 0.2009504265625 0.65926601875 0.2059267453125 0.6504782703124999
0 0.40843293281250004 0.7500685328125 0.3829324640625 0.7411916546875 0.344079425 0.7285988171875 0.2924479328125 0.72287674375 0.2634910921875 0.7153268171875 0.2425728453125 0.7051819921875 0.19104255312500001 0.7190704046875 0.1743124328125 0.7151774343749999 0.15011783437499998 0.724466084375 0.14595208906249998 0.7393286765625 0.13416423125000002 0.770380809375 0.11696119375 0.7755116 0.1087085265625 0.8037328234375 0.12103644531249999 0.8270002640625 0.142956959375 0.7964791609375 0.16160112499999998 0.785391534375 0.17967117187499998 0.76371718125 0.19396957343750001 0.7493856203125 0.21648658593749998 0.7505656859375 0.2524349875 0.7539577546875 0.3126791890625 0.7676716546875 0.43670278281249997 0.792268546875 0.491238909375 0.807191390625 0.5538924515625 0.818015378125 0.5670085640625 0.82624321875 0.5791340796875 0.8102896906250001 0.569001425 0.8097586609375 0.5525865796875 0.79984985 0.5280543234375 0.794039896875 0.5048843749999999 0.7837770640625 0.4796991828125 0.768884346875 0.4562927765625 0.763133396875 0.42613126718750005 0.7570284265625 0.40843293281250004 0.7500685328125
0 0.49037189843749995 0.823734953125 0.5012586906250001 0.8529592328125 0.5313413828125 0.8605681609375001 0.548071503125 0.8644611328125 0.5706449546875 0.84302279375 0.5241474187499999 0.8255050531249999 0.49037189843749995 0.823734953125
0 0.5875891515625 0.8212894390625 0.56096283125 0.81235355625 0.5371623296875 0.8141224078124999 0.5265567578125 0.8226151390625001 0.5400669671875 0.8233231796875 0.5794717406250001 0.8253882953125 0.5875891515625 0.8212894390625
0 0.10573674375 0.731188715625 0.11371889843750001 0.751212225 0.121419834375 0.7335187234375 0.11432707187499999 0.7180660984375 0.10573674375 0.731188715625
0 0.17032767499999998 0.5973375125 0.1812485234375 0.5828289421874999 0.1791544609375 0.5797030140625 0.1470789078125 0.5885786421875 0.1474953859375 0.6021732875 0.17032767499999998 0.5973375125
0 0.7024833234375001 0.6538803343749999 0.7101842578124999 0.6361868328125 0.6961223140625 0.6460065140625 0.6909095390625 0.6593061421875 0.7024833234375001 0.6538803343749999
0 0.6804392234375001 0.6436765078125 0.67737695 0.6374836578124999 0.6135975578124999 0.6266006671875 0.5564156328125 0.619079615625 0.527143515625 0.617545528125 0.575239815625 0.6260985125 0.63338995625 0.6366864875 0.667660771875 0.650547271875 0.682060371875 0.6558261953125 0.6804392234375001 0.6436765078125
1 0.033839940624999995 0.7244045828125001 0.023752046875 0.7661024421875 0.0626274671875 0.799809725 0.0949618609375 0.8075366624999999 0.09460181875 0.7713236125 0.081362125 0.722370840625 0.0663095890625 0.7080091546875 0.033839940624999995 0.7244045828125001
1 0.45634824687500003 0.8913240281249999 0.4655350734375 0.9099025812500001 0.5059304390625 0.9361490671875 0.5474292765625 0.9413401109375 0.5542972546875 0.8964573187499999 0.5106255375 0.8896443093749999 0.45634824687500003 0.8913240281249999
1 0.111331940625 0.7752165843750001 0.1158012875 0.819185446875 0.11969651875000001 0.8525675875 0.127363396875 0.8786069359375 0.1584931203125 0.8877788296875 0.22041490625 0.8910240125 0.2635125078125 0.8872503 0.3097512046875 0.8881654749999999 0.35687929218750003 0.8936515359375001 0.40102392656249997 0.8914407859375 0.437366425 0.8873130515625001 0.45569531249999995 0.882241265625 0.48271572812499997 0.8836573453125001 0.5104678984375 0.8926522296874999 0.5356307078125 0.8864305015625 0.5670533265625 0.868472109375 0.576488284375 0.8176914843749999 0.5683261078124999 0.77956145 0.6202281140625 0.73703879375 0.652101265625 0.6889421953125 0.6893672125 0.6456524953125 0.7169957984375 0.6139224484375 0.7176039703125 0.5807763203125 0.6915858234375001 0.5386943140625 0.6683146734375 0.5088209984375001 0.6315556984375 0.4993540875 0.565704625 0.5064596156250001 0.5283939140625 0.5075204265625 0.47862002812500004 0.5094361593750001 0.4469385703125 0.5107919859375001 0.41656298593749996 0.5303133421874999 0.3859285609375 0.5332321328125 0.334848803125 0.5169823375 0.3011521015625 0.513708278125 0.2875066375 0.5371226015625 0.2754599390625 0.551572171875 0.22222968125000003 0.5548148546875 0.1355615609375 0.57138604375 0.0950757015625 0.6114908140625 0.09342049687500001 0.643073978125 0.105433140625 0.672357259375 0.0957393453125 0.7065353203125 0.1043744359375 0.7356415937499999 0.111331940625 0.7752165843750001
