0 0.5391833921875 0.5470532671874999 0.54697745 0.54787245625 0.556330321875 0.5488554828125001 0.5557544078125 0.554334940625 0.550790015625 0.5565831578125 0.549231203125 0.5564193203125 0.5445547671875001 0.5559278078125 0.5352018984375 0.55494478125 0.5305254609375 0.5544532671875 0.5346259828125 0.560424240625 0.5439788531249999 0.5614072671875 0.5449617499999999 0.5670505625 0.538726503125 0.5663952125 0.5293736328125 0.5654121859375 0.524409240625 0.567660403125 0.5319153421875 0.571219321875 0.54098025625 0.574942078125 0.558127184375 0.5767442921875 0.5752741140625 0.5785465078125 0.5802385078125 0.576298290625 0.5842200015625 0.5684067765624999 0.5876255828125 0.5659947234375 0.582830121875 0.5516407234375 0.5790175578125 0.5429300203125 0.5749170375 0.5369590484375 0.5640053546875 0.535812184375 0.5533816296875 0.531925590625 0.545587571875 0.5311064015625 0.5359467437500001 0.53286310625 0.538776409375 0.535930509375 0.5462825109375 0.539489428125 0.547841321875 0.5396532656249999 0.54131811875 0.5417376453125 0.533524059375 0.54091845625 0.5347949140625 0.5438220234375 0.5391833921875 0.5470532671874999
0 0.5688699359375 0.594493371875 0.5610758765625 0.593674184375 0.5582462109375 0.5906067796875 0.543928946875 0.59187196875 0.5252232078125 0.5899059171875 0.52464729375 0.5953853765625 0.5352710171874999 0.59927196875 0.5446238875 0.6002549953125 0.553976759375 0.601238021875 0.5664472515625001 0.6025487234375 0.570140790625 0.5973969390625 0.5688699359375 0.594493371875
0 0.5749362515625001 0.6117509390625 0.5767830203125001 0.609175046875 0.575512165625 0.6062714812500001 0.5695648765625 0.6028763984375 0.5658713375 0.6080281828125 0.5621778 0.6131799671875 0.5525369734375001 0.6149366703125 0.5447429140625 0.6141174828125 0.53539004375 0.61313445625 0.5288668390625 0.6152188359374999 0.5223436359375 0.6173032140625 0.531408546875 0.6210259687499999 0.5469966656249999 0.6226643468749999 0.5579083484375 0.6238112109375 0.5613139281249999 0.6213991562500001 0.566566278125 0.616411209375 0.5702598156249999 0.611259425 0.5749362515625001 0.6117509390625
0 0.5723753281249999 0.5311519140625001 0.578034659375 0.5372867234375 0.5783226171875 0.53454699375 0.5757809093749999 0.5287398578125 0.570409534375 0.51986531875 0.5663090125 0.5138943453125 0.5644622421875 0.5164702375 0.5682748078125 0.525180940625 0.5723753281249999 0.5311519140625001
0 0.5574130312500001 0.49356937500000003 0.5653261140625 0.5082510499999999 0.5684437375 0.508578725 0.563648278125 0.49422472500000003 0.5598357125 0.4855140234375 0.5544643375 0.47663948125 0.5506517750000001 0.4679287796875 0.5478221078125001 0.464861375 0.5459753390625 0.4674372671875 0.5510587578125 0.4790515375 0.5574130312500001 0.49356937500000003
0 0.5511777828125 0.49291402343749996 0.5552783046875 0.49888499687500004 0.556549159375 0.5017885640624999 0.5606496796875 0.5077595359375 0.559378825 0.5048559671875 0.5583959265625 0.49921267187499996 0.5571250734375 0.49630910312500004 0.55585421875 0.4934055375 0.5545833640625 0.49050196875 0.553312509375 0.4875984015625 0.5501948859375 0.48727072656250003 0.5511777828125 0.49291402343749996
0 0.5626154750000001 0.5190461296875 0.56076870625 0.5216220234375 0.5620395609375 0.5245255890625 0.56458126875 0.530332725 0.5676988921875 0.5306604 0.565445140625 0.5221135359375 0.5626154750000001 0.5190461296875
0 0.5084869999999999 0.1643375953125 0.511316665625 0.167405 0.5125875203125 0.17030856875 0.5141463328125 0.17047240624999999 0.516449990625 0.14855456875 0.5133323671875 0.14822689375 0.5099267859375 0.15063894687499998 0.5080800171875001 0.1532148390625 0.5062332484375001 0.15579073125 0.5059452906249999 0.1585304609375 0.5053693765625 0.1640099203125 0.5084869999999999 0.1643375953125
0 0.491171140625 0.179137596875 0.49699940312499996 0.168670190625 0.49076415625 0.168014840625 0.4828011671875 0.1837978671875 0.48718964375 0.18702911093750002 0.491171140625 0.179137596875
0 0.2148507375 0.5739044265625 0.22986294062499998 0.5810222640625 0.23782593125 0.5652392359375 0.23586013593750002 0.553952640625 0.223270615625 0.538779453125 0.212765915625 0.5487553468749999 0.2148507375 0.5739044265625
