0 0.8232853062500001 0.4701254421875 0.8365180437499999 0.4544548796875 0.8408373921875001 0.431591915625 0.8260347109374999 0.43963571406249996 0.816173440625 0.4562096578125 0.8052269453124999 0.47009078281249994 0.8060805921875 0.4871337484375 0.8232853062500001 0.4701254421875
0 0.7712806765625 0.47540710624999993 0.7946278203125 0.4624466921875 0.801117621875 0.4449693640625 0.7922042312500001 0.4377769640625 0.7763163234375 0.44312794375 0.7441931359375 0.47535511875 0.7540759609375 0.49241541250000004 0.7712806765625 0.47540710624999993
0 0.7114478828124999 0.4761891875 0.697477290625 0.46764171250000003 0.66967345 0.477005925 0.658495375 0.5052371984375 0.6843818984375 0.5097714375 0.7002698078125 0.504420459375 0.7114478828124999 0.4761891875
0 0.759176278125 0.561038959375 0.7487145015625 0.5798540296875 0.7626850953125001 0.58840150625 0.7812281734375001 0.593370109375 0.8066299796875 0.5929704046875 0.8210637343749999 0.5728175875 0.8081783671875 0.56696293125 0.7940919828124999 0.5655905296875 0.7810908265625 0.5669109437500001 0.759176278125 0.561038959375
0 0.7901631203124999 0.6341967484375 0.8073678359375001 0.617188440625 0.8065141890625 0.6001454765625 0.7895410546875 0.6028036375 0.7733057765625 0.6296798359375 0.75381481875 0.648477578125 0.767416484375 0.644916034375 0.7901631203124999 0.6341967484375
0 0.9105961265625 0.5151386015625 0.9108277062499999 0.5007884546875 0.8965097421875001 0.5137661984374999 0.880390253125 0.5334673234375 0.8485202031249999 0.5849785921875 0.863438675 0.569759721875 0.9105961265625 0.5151386015625
0 0.846516659375 0.4643401 0.825455759375 0.475511078125 0.835823303125 0.49750531562500006 0.8507417765625 0.4822864453125 0.8785456140625 0.4729222328125 0.9017769687499999 0.46713689062499997 0.903209565625 0.4483044890625 0.8911562875 0.4258585609375 0.8712964015625 0.432547284375 0.8580636640625 0.4482178453125 0.846516659375 0.4643401
0 0.7119245953125 0.6564693890625 0.7346712328125 0.6457501015625 0.7546469078125 0.6318863046875001 0.74813555 0.61572939375 0.7389905796875 0.6228871375 0.7052974484375001 0.6474875531250001 0.6982071390625 0.66720600625 0.7119245953125 0.6564693890625
0 0.6823192312499999 0.6725569859375 0.693866234375 0.6564347328125 0.6981855828125 0.6335717703125 0.6812124484375001 0.6362299296875 0.6711195984375 0.66715401875 0.66523030625 0.6823902203125 0.6741436968750001 0.6895826203125 0.6823192312499999 0.6725569859375
1 0.6919489203125 0.6703331859375 0.7260109781249999 0.6578417921875 0.765130240625 0.6467054703125 0.799792809375 0.6319729484375001 0.8326538515624999 0.623963809375 0.8706878890624999 0.61013466875 0.8969217828125 0.593143690625 0.9180984750000001 0.5747976390625 0.9395067484374999 0.5421014421875 0.9479138624999999 0.5107256609374999 0.9558362609375 0.47441593437499996 0.94269775625 0.4492771859375 0.9107845921875001 0.43351998125 0.86189829375 0.4204209375 0.829637759375 0.42618894999999996 0.79400575625 0.43105358125000004 0.7559717203125 0.4448827203125 0.7710059828125 0.42248877656249995 0.7489756453124999 0.423791865625 0.7180534734374999 0.4515367890625 0.7043575734374999 0.49590764218750005 0.6866896984374999 0.5416162390625 0.677682075 0.5752331468749999 0.6704759765625 0.6021266734374999 0.68001143125 0.6407121859375 0.6919489203125 0.6703331859375
