0 0.08680142656249999 0.5088757390625 0.09155766875 0.5088757390625 0.0951248515625 0.5108481265625 0.0986920328125 0.5128205125 0.102259215625 0.5147929 0.10463733593749999 0.5167652859375 0.10582639687499999 0.5167652859375 0.10701545781249999 0.5128205125 0.10463733593749999 0.5108481265625 0.102259215625 0.5088757390625 0.097502971875 0.506903353125 0.09036860937499999 0.506903353125 0.08442330625 0.506903353125 0.08085612343750001 0.5049309671875 0.07609988125 0.5049309671875 0.0725326984375 0.506903353125 0.0689655171875 0.5088757390625 0.073721759375 0.5088757390625 0.078478003125 0.5108481265625 0.0832342453125 0.5088757390625 0.08680142656249999 0.5088757390625
0 0.21521997656249997 0.7041420125 0.21759809687499998 0.7001972390625 0.21878715781250002 0.7080867843750001 0.21878715781250002 0.71597633125 0.22116527968750002 0.723865878125 0.22116527968750002 0.7337278109375001 0.22116527968750002 0.74161735625 0.222354340625 0.7455621296875 0.222354340625 0.749506903125 0.225921521875 0.7534516765625 0.225921521875 0.7435897437500001 0.22473246093750002 0.737672584375 0.22473246093750002 0.7317554234375 0.222354340625 0.7179487171875001 0.22116527968750002 0.7061143984375 0.22116527968750002 0.6982248515625 0.21878715781250002 0.6923076921875 0.21759809687499998 0.6923076921875 0.21403091562499998 0.69033530625 0.21640903749999998 0.6863905328125 0.21759809687499998 0.682445759375 0.22116527968750002 0.6844181453125 0.2235434 0.6804733734374999 0.21997621875 0.6765285999999999 0.21997621875 0.6706114390625 0.21997621875 0.6646942796875 0.21759809687499998 0.66272189375 0.21759809687499998 0.6587771203125 0.21640903749999998 0.66272189375 0.21640903749999998 0.6686390531249999 0.21640903749999998 0.6725838265624999 0.21521997656249997 0.6745562125 0.21521997656249997 0.6706114390625 0.2128418546875 0.6686390531249999 0.210463734375 0.6686390531249999 0.2068965515625 0.6686390531249999 0.2068965515625 0.6844181453125 0.2092746734375 0.694280078125 0.2092746734375 0.7041420125 0.21521997656249997 0.7041420125
0 0.2080856125 0.6646942796875 0.2068965515625 0.656804734375 0.2045184296875 0.6548323468749999 0.2009512484375 0.6528599609375 0.202140309375 0.6587771203125 0.2045184296875 0.66074950625 0.205707490625 0.6646942796875 0.2080856125 0.6646942796875
0 0.23543400781249998 0.702169625 0.24019025 0.7041420125 0.24256837031249998 0.7041420125 0.24375743125 0.7001972390625 0.24019025 0.6982248515625 0.24019025 0.694280078125 0.23900118906249998 0.69033530625 0.234244946875 0.69033530625 0.2294887046875 0.68836291875 0.22473246093750002 0.68836291875 0.2306777640625 0.694280078125 0.234244946875 0.694280078125 0.23543400781249998 0.6982248515625 0.23543400781249998 0.702169625
0 0.2556480375 0.7218934906250001 0.25208085625 0.7218934906250001 0.2508917953125 0.7278106515625 0.25208085625 0.7317554234375 0.258026159375 0.7317554234375 0.26040428125 0.7297830375000001 0.2627824015625 0.7278106515625 0.26516052343749996 0.7218934906250001 0.26753864374999997 0.7179487171875001 0.2627824015625 0.7179487171875001 0.26040428125 0.7140039453125 0.24613555312500002 0.6923076921875 0.25208085625 0.7041420125 0.2556480375 0.7120315578125 0.2592152203125 0.7179487171875001 0.2556480375 0.7218934906250001
0 0.269916765625 0.74161735625 0.27586206875 0.74161735625 0.2829964328125 0.74161735625 0.29131985781249997 0.74161735625 0.2925089171875 0.735700196875 0.28656361406249997 0.7317554234375 0.2806183109375 0.7297830375000001 0.281807371875 0.7258382640625001 0.2806183109375 0.7218934906250001 0.27467300781250004 0.7218934906250001 0.269916765625 0.7278106515625 0.26753864374999997 0.7317554234375 0.261593340625 0.7317554234375 0.26040428125 0.7396449703125 0.266349584375 0.74161735625 0.269916765625 0.74161735625
0 0.3923900125 0.5443786984375001 0.39357907187499996 0.5502958578125 0.398335315625 0.5502958578125 0.398335315625 0.5443786984375001 0.3923900125 0.5443786984375001
0 0.386444709375 0.5719921109375 0.3888228296875 0.5700197234375 0.39001189062499997 0.5700197234375 0.39001189062499997 0.56607495 0.3852556484375 0.56607495 0.37812128437500003 0.56607495 0.37812128437500003 0.5719921109375 0.38168846562500003 0.5719921109375 0.386444709375 0.5719921109375
0 0.2639714625 0.44575936875 0.2639714625 0.43984220937499996 0.26040428125 0.437869821875 0.258026159375 0.437869821875 0.25208085625 0.4418145953125 0.24494649218750003 0.437869821875 0.24137931093749998 0.43589743593749997 0.237812128125 0.43589743593749997 0.24375743125 0.44378698281249995 0.25208085625 0.4477317546875 0.261593340625 0.4497041421875 0.2639714625 0.44575936875
0 0.44351961875 0.560157790625 0.4411414984375 0.56607495 0.43757431562500004 0.5680473375 0.44233055937500004 0.5700197234375 0.4494649234375 0.5700197234375 0.4530321046875 0.5700197234375 0.457788346875 0.5680473375 0.4613555296875 0.560157790625 0.45541022656249996 0.5581854046875 0.4494649234375 0.5562130171875 0.43281807343749995 0.5562130171875 0.425683709375 0.5562130171875 0.4173602859375 0.55424063125 0.4114149828125 0.55424063125 0.4054696796875 0.55424063125 0.401902496875 0.5581854046875 0.4078478 0.560157790625 0.4173602859375 0.562130178125 0.4316290125 0.562130178125 0.44351961875 0.560157790625
0 0.45541022656249996 0.5443786984375001 0.46848989375 0.5424063109375 0.47681331718750003 0.5424063109375 0.48275862031249994 0.5424063109375 0.4875148625 0.5424063109375 0.49464922656250004 0.5443786984375001 0.49346016718749997 0.5384615390625 0.481569559375 0.5345167656250001 0.469678953125 0.5345167656250001 0.45422116562500003 0.5364891515625 0.44233055937500004 0.5384615390625 0.4316290125 0.5384615390625 0.4233055890625 0.5424063109375 0.4114149828125 0.5443786984375001 0.4090368609375 0.5483234718750001 0.425683709375 0.5483234718750001 0.43638525625 0.5483234718750001 0.44827586249999996 0.5443786984375001 0.45541022656249996 0.5443786984375001
0 0.46611177187499997 0.5562130171875 0.47800237812499996 0.55424063125 0.4875148625 0.55424063125 0.48989298437500006 0.5502958578125 0.48394768125 0.5502958578125 0.4732461359375 0.5502958578125 0.45422116562500003 0.5522682453125001 0.4399524375 0.55424063125 0.445897740625 0.5562130171875 0.45422116562500003 0.5562130171875 0.46611177187499997 0.5562130171875
1 0.657550534375 0.3826429984375 0.653983353125 0.3944773171875 0.653983353125 0.437869821875 0.653983353125 0.4871794875 0.656361475 0.5719921109375 0.656361475 0.613412228125 0.677764565625 0.6331360953125 0.7039239 0.6370808671875 0.7205707484375 0.6370808671875 0.7705112953125 0.5917159765625 0.789536265625 0.546351084375 0.8145065390624999 0.5108481265625 0.8228299640625 0.479289940625 0.8311533890625 0.45562130156249997 0.8549346015625 0.44378698281249995 0.8751486328125001 0.43984220937499996 0.8596908437499999 0.4023668640625 0.8430439953125 0.3806706109375 0.8228299640625 0.33925049375 0.7800237812499999 0.32347139999999996 0.72413793125 0.30177514843750003 0.6944114156250001 0.3510848125 0.665873959375 0.370808678125 0.657550534375 0.3826429984375
1 0.5588585015625 0.723865878125 0.630202140625 0.7120315578125 0.7146254453124999 0.6548323468749999 0.8026159328125001 0.621301775 0.8026159328125001 0.5996055234375001 0.8299643281250001 0.520710059375 0.8596908437499999 0.47337278125 0.8668252078125 0.437869821875 0.862068965625 0.42209072968749994 0.8406658734375 0.43392505000000003 0.809750296875 0.4477317546875 0.77170035625 0.4477317546875 0.7419738406249999 0.45562130156249997 0.7205707484375 0.47534516718750003 0.706302021875 0.48126232812499997 0.6944114156250001 0.48126232812499997 0.6694411421875001 0.4832347140625 0.645659928125 0.4911242609375 0.6290130796875 0.5108481265625 0.6171224734375 0.5226824453125001 0.6028537453125 0.540433925 0.583828775 0.5483234718750001 0.55648038125 0.5502958578125 0.5326991671875 0.5502958578125 0.5053507734375 0.5502958578125 0.46611177187499997 0.546351084375 0.43638525625 0.5443786984375001 0.4054696796875 0.5384615390625 0.369797859375 0.52859960625 0.354340071875 0.52859960625 0.29131985781249997 0.49309664687500004 0.27467300781250004 0.49309664687500004 0.2639714625 0.5029585796875 0.24613555312500002 0.520710059375 0.24256837031249998 0.5641025640625 0.23900118906249998 0.59566075 0.23543400781249998 0.613412228125 0.21878715781250002 0.63510848125 0.2080856125 0.6489151875 0.21403091562499998 0.7120315578125 0.22711058281250002 0.7534516765625 0.26753864374999997 0.7435897437500001 0.39001189062499997 0.7613412234375 0.49940547031250004 0.735700196875 0.5588585015625 0.723865878125
1 0.2033293703125 0.5147929 0.210463734375 0.5147929 0.19976218750000002 0.50098619375 0.193816884375 0.4950690328125 0.18668252031250002 0.4950690328125 0.178359096875 0.49704142031250004 0.18549346093750002 0.5049309671875 0.19857312656249998 0.5147929 0.2033293703125 0.5147929
1 0.7491082046875001 0.23076923124999998 0.7491082046875001 0.19723865937500001 0.6991676578125 0.18737672656249998 0.6706302015625 0.1893491125 0.65160523125 0.21301775156249997 0.6409036859375 0.24654832343750002 0.6409036859375 0.29980276093749997 0.645659928125 0.3510848125 0.6706302015625 0.345167653125 0.7193816890625 0.2958579875 0.7491082046875001 0.23076923124999998
1 0.14625445937499998 0.532544378125 0.14744352031250002 0.5522682453125001 0.16409036875 0.5739644968750001 0.2009512484375 0.5739644968750001 0.202140309375 0.5502958578125 0.181926278125 0.5443786984375001 0.14625445937499998 0.532544378125
0 0.346016646875 0.7297830375000001 0.3590963140625 0.723865878125 0.3793103453125 0.7199211046875 0.3828775265625 0.71597633125 0.37098692031249997 0.71597633125 0.3626634953125 0.7199211046875 0.349583828125 0.723865878125 0.334126040625 0.7297830375000001 0.3198573125 0.7337278109375001 0.3091557671875 0.737672584375 0.3151010703125 0.737672584375 0.3281807375 0.737672584375 0.346016646875 0.7297830375000001
0 0.3246135546875 0.6548323468749999 0.33174791875 0.6528599609375 0.31629013125 0.6449704140625 0.304399525 0.641025640625 0.305588584375 0.6489151875 0.3091557671875 0.6508875734374999 0.3246135546875 0.6548323468749999
1 0.63614744375 0.4615384609375 0.63614744375 0.49704142031250004 0.6623067781249999 0.48915187343750005 0.6967895359375 0.4911242609375 0.7288941734375001 0.4832347140625 0.730083234375 0.47534516718750003 0.7217598093750001 0.437869821875 0.6908442328125 0.39250493125 0.677764565625 0.3629191328125 0.6694411421875001 0.357001971875 0.657550534375 0.3471400390625 0.6420927468750001 0.345167653125 0.6385255640625 0.36094674531250004 0.6373365046874999 0.437869821875 0.63614744375 0.4615384609375
0 0.3828775265625 0.6587771203125 0.39714625468750003 0.6528599609375 0.4078478 0.6489151875 0.4185493453125 0.6449704140625 0.42449465000000003 0.641025640625 0.41498216406250005 0.6390532546875 0.398335315625 0.6449704140625 0.3852556484375 0.6469428015625 0.3757431625 0.6528599609375 0.37098692031249997 0.66074950625 0.3757431625 0.66074950625 0.3828775265625 0.6587771203125
1 0.1367419734375 0.5897435890625 0.14744352031250002 0.6252465484374999 0.1533888234375 0.6706114390625 0.158145065625 0.7041420125 0.1747919140625 0.7337278109375001 0.193816884375 0.66074950625 0.19738406718749998 0.613412228125 0.18549346093750002 0.5719921109375 0.1652794296875 0.5305719921875001 0.1450653984375 0.49704142031250004 0.1153388828125 0.4497041421875 0.082045184375 0.4694280078125 0.070154578125 0.5167652859375 0.1034482765625 0.5483234718750001 0.120095125 0.5641025640625 0.1367419734375 0.5897435890625
1 0.3828775265625 0.49901380624999997 0.35552913125 0.48126232812499997 0.34126040468749996 0.47140039375000004 0.3151010703125 0.47140039375000004 0.293697978125 0.479289940625 0.2770511296875 0.506903353125 0.3032104640625 0.5345167656250001 0.33174791875 0.5266272187500001 0.37098692031249997 0.5226824453125001 0.3828775265625 0.49901380624999997
1 0.231866825 0.7475345171875001 0.23543400781249998 0.735700196875 0.2235434 0.735700196875 0.21878715781250002 0.74161735625 0.222354340625 0.7554240625 0.231866825 0.7475345171875001
0 0.7621878718749999 0.47140039375000004 0.7443519625 0.47534516718750003 0.7346565453125 0.4833864359375 0.7752675390625 0.47337278125 0.7621878718749999 0.47140039375000004
0 0.706302021875 0.48915187343750005 0.6872770515625 0.4950690328125 0.719103396875 0.487221453125 0.706302021875 0.48915187343750005
0 0.885850178125 0.49901380624999997 0.873959571875 0.506903353125 0.8644470875 0.520710059375 0.87633769375 0.5226824453125001 0.885850178125 0.5108481265625 0.885850178125 0.49901380624999997
0 0.9036860875 0.47337278125 0.8906064203125 0.4832347140625 0.8929845421874999 0.4950690328125 0.90011890625 0.4832347140625 0.9036860875 0.47337278125
0 0.8204518437500001 0.5976331359375 0.826397146875 0.57988165625 0.8299643281250001 0.56607495 0.8156956 0.5641025640625 0.8133174796875 0.5581854046875 0.8133174796875 0.5779092703125001 0.8156956 0.5897435890625 0.8073721765625 0.60946745625 0.80380499375 0.615384615625 0.7990487515625 0.627218934375 0.789536265625 0.63510848125 0.7835909625 0.6390532546875 0.7788347203125 0.6449704140625 0.7871581453125 0.6489151875 0.797859690625 0.642998028125 0.8073721765625 0.6311637078125 0.8133174796875 0.613412228125 0.8204518437500001 0.5976331359375
