1 0.46206509999999995 0.5905576 0.5042022171875 0.586924990625 0.44083029218750003 0.5058039062499999 0.3941375875 0.453346825 0.38691938124999997 0.45702891093750003 0.278537815625 0.48721218437499997 0.25460893281249997 0.5192115875 0.23182071093749998 0.589732409375 0.2262785109375 0.6591799515625001 0.31226726562499996 0.7586948515625 0.35020569375 0.7171352453125001 0.385582928125 0.6623994343749999 0.46206509999999995 0.5905576
0 0.5794493609375 0.6475057 0.5837879859374999 0.65349938125 0.5853170000000001 0.6532021718750001 0.5904008765625 0.6385399171875 0.6177061734375 0.583094121875 0.6142212796875001 0.5814925093750001 0.582328940625 0.6378299328125 0.5794493609375 0.6475057
0 0.779022325 0.3762538015625 0.76764394375 0.3830235515625 0.7588967234374999 0.38700284687500003 0.7497226375 0.388786109375 0.7525322484375 0.395077 0.762808484375 0.3908004953125 0.7704535546875 0.38931444375 0.779200775 0.3853351484375 0.782258803125 0.38474072812500004 0.7881964124999999 0.3744705390625 0.779022325 0.3762538015625
0 0.76856764375 0.3714489609375 0.7672170781250001 0.38082751875 0.7682492578125 0.3943009328125 0.7668986921875 0.4036794890625 0.77123731875 0.4096731703125 0.772587884375 0.4002946140625 0.772409434375 0.3912132671875 0.7713772546875 0.37773985312499997 0.76856764375 0.3714489609375
0 0.6028814078125 0.6292769218750001 0.6006771125 0.634263409375 0.59516636875 0.64672963125 0.5918599234374999 0.6542093640625 0.5863491796875 0.6666755859375 0.5887319265625 0.6707704421875 0.5924652375 0.66548674375 0.59424266875 0.658304221875 0.6012824265625001 0.6455407906249999 0.6056910203125 0.6355678140625 0.6044104234375001 0.6289797109374999 0.6028814078125 0.6292769218750001
0 0.6159357984375 0.688272628125 0.61287776875 0.68886705 0.6070101296875 0.683170578125 0.5976575937499999 0.6758724921875 0.5958801640625 0.683055015625 0.601747803125 0.6887514859375 0.6056595640625 0.692549134375 0.6145852328125 0.697651184375 0.6222303046875 0.6961651328125 0.6229055875 0.6914758546875001 0.6159357984375 0.688272628125
0 0.5856039296875 0.687331521875 0.5797362890625 0.6816350515625 0.5760029765625 0.6869187484375 0.5742255468749999 0.6941012703125 0.5689632203125 0.69968218125 0.5606428671875 0.7058575109375 0.5608213156249999 0.7149388562500001 0.564733075 0.7187365046874999 0.5693201171875 0.7178448734375 0.5741555765624999 0.71006793125 0.5805200515625 0.7019937765625001 0.5888404078125 0.6958184468749999 0.5856039296875 0.687331521875
0 0.557206771875 0.3943012859375 0.5630744109375 0.3999977578125 0.5676614546875001 0.3991061265625 0.5733506453125 0.39572125156250004 0.5690120203125 0.3897275703125 0.5600863515625 0.3846255203125 0.553543428125 0.38361832812499996 0.5435156109375 0.3810095203125 0.53960385 0.37721187343749996 0.533060928125 0.37620468125 0.52890075 0.3792923453125 0.5297544828125 0.3836844140625 0.5332393765625 0.3852860265625 0.5362974046875 0.38469160625 0.5421650453125 0.39038807656249996 0.5456499406249999 0.391989690625 0.5521928640625 0.3929968828125 0.557206771875 0.3943012859375
0 0.49925827656250005 0.5696539281249999 0.50121415625 0.5715527515625001 0.507935528125 0.5816412921875 0.5246847171875 0.5943386359375 0.5273158796875 0.5915481828125 0.5155806000000001 0.580155240625 0.5049474671875 0.566269053125 0.49925827656250005 0.5696539281249999
0 0.5315145703125 0.62947518125 0.5341457328125 0.6266847249999999 0.53090925625 0.6181978 0.53354041875 0.6154073453125 0.5342157015625 0.6107180671875 0.530303940625 0.6069204203125 0.52639218125 0.6031227734375 0.5205245406250001 0.5974263015625 0.5150837671875 0.5939258640625 0.5124526031250001 0.59671631875 0.5178933781249999 0.60021675625 0.5237610171875 0.6059132265625 0.528526509375 0.6141029421875001 0.5243663328125 0.6171906078125 0.5256469296875 0.623778709375 0.5315145703125 0.62947518125
0 0.5649744359375 0.6138552078124999 0.5621648234375 0.607564315625 0.560635809375 0.6078615265625 0.56038739375 0.6147468375 0.5597121109375001 0.6194361171875 0.5609927078125 0.62602421875 0.566006615625 0.627328621875 0.5686377796875 0.6245381671875 0.5688861953125001 0.6176528546875 0.5649744359375 0.6138552078124999
0 0.5803030921875 0.6518977671874999 0.57443545 0.6462012968749999 0.570096825 0.640207615625 0.5657581984375 0.6342139343750001 0.5635539015625 0.639200421875 0.567892528125 0.6451941046874999 0.57809879375 0.65688425625 0.5867760453125 0.66887161875 0.5906878046874999 0.6726692671875 0.59050935625 0.6635879203124999 0.58617073125 0.6575942390625 0.5803030921875 0.6518977671874999
1 0.601887740625 0.6568181703125 0.6102780625 0.6346761828124999 0.62986831875 0.5966830984375 0.6394307593749999 0.5560812078125 0.643373975 0.502897534375 0.6414880640625 0.48503205156250007 0.625127228125 0.433516078125 0.61669839375 0.41464340312500003 0.6030072328125 0.4013516375 0.5487779374999999 0.3754286109375 0.5210072625 0.3876637078125 0.5104826109375 0.398825528125 0.490783875 0.41177060625 0.4833172515625 0.42233800468749993 0.4712635859375 0.43379703281250004 0.45529816093750003 0.4414584140625 0.4293049171875 0.44651098906250003 0.4369885 0.48603959999999996 0.4543430046875 0.510014325 0.47383183593749995 0.5449692203125001 0.49339063593750004 0.5639574578125 0.5229772546875 0.5855545015625 0.58371801875 0.6694660390625 0.601887740625 0.6568181703125
1 0.6529505265625 0.6582876109375 0.663475178125 0.64712579375 0.6746751125 0.631274696875 0.6657494421875 0.626172646875 0.6497840171875 0.633834028125 0.6346723234375 0.6458874765625 0.6171778828125001 0.65384606875 0.600110309375 0.66400069375 0.597230728125 0.673676459375 0.6019962203125 0.6818661734375 0.6144067843750001 0.6885698390625 0.6229055875 0.6914758546875001 0.6320796718749999 0.6896925921875 0.6360614015625 0.6775235828125 0.6529505265625 0.6582876109375
0 0.2882684140625 0.8066609140625 0.25811499531250004 0.8148011531250001 0.241722703125 0.8202665015624999 0.27113087187499996 0.832782196875 0.2962703828125 0.8233375562499999 0.2882684140625 0.8066609140625
