1 0.7818908 0.4144075671875 0.7927131875 0.43362588593750007 0.78694454375 0.403948784375 0.7795365109375 0.38406678437499997 0.7696016078125 0.3694141734375 0.7744827671875 0.394525565625 0.7818908 0.4144075671875
1 0.8329705515624999 0.38552580000000003 0.8446804234374999 0.4093098265625 0.860180603125 0.425249765625 0.8673852656250001 0.416741996875 0.8475154578125 0.387436775 0.8354296343750001 0.37083315156249996 0.8225241171875 0.3591270796875 0.8329705515624999 0.38552580000000003
1 0.90801858125 0.36146150781249997 0.8985274203125 0.34909175000000003 0.886441596875 0.33248812656250004 0.8939174187500001 0.3618333875 0.903032628125 0.381383546875 0.90801858125 0.36146150781249997
1 0.8886295203125 0.2799424484375 0.8768456406249999 0.3651518046875 0.8981356046875 0.31008053125 0.89781251875 0.3089558671875 0.8886295203125 0.2799424484375
1 0.9094545999999999 0.3232766359375 0.9016028265625 0.30111177968749997 0.8981356046875 0.31008053125 0.9087704859375 0.34710070000000004 0.9094545999999999 0.3232766359375
1 0.828323546875 0.452764128125 0.86878428125 0.43305381406250004 0.89722698125 0.4062031359375 0.9120122578125001 0.38200719375 0.9117411000000001 0.3441541625 0.912936746875 0.3320762109375 0.9131401140625 0.3604659828125 0.9149520859375 0.3151007078125 0.9048138140624999 0.272058325 0.86370596875 0.2610960109375 0.8363233359375 0.25694222187500004 0.8083243781249999 0.286075753125 0.7798138875 0.3034631734375 0.737202234375 0.321222475 0.699712115625 0.33798625000000004 0.6736237046875 0.3951777125 0.68874793125 0.41829805468750003 0.7086177390625 0.4476032765625 0.7220347874999999 0.47105546093750006 0.730570675 0.46939625312500005 0.7404377906249999 0.47458560624999996 0.7660454546875 0.4696079796875 0.828323546875 0.452764128125
0 0.7822543171875 0.644140440625 0.7638513140625001 0.640610296875 0.7326105828125 0.6348373359374999 0.713011934375 0.64338514375 0.6946089328125 0.6398550000000001 0.6693094281249999 0.6281889640625 0.637692746875 0.6295964078125 0.6001348359375 0.6368969265625 0.5573876046875 0.6357297125 0.61898158125 0.642709925 0.6651431703124999 0.64321345625 0.7271808890625 0.6524765218749999 0.764430634375 0.6618196640625 0.7972429640625001 0.64833426875 0.7997020453125 0.6336416203125 0.7822543171875 0.644140440625
0 0.57312815625 0.6255627328125 0.59835986875 0.6277655109375 0.620996921875 0.6257344218750001 0.607271709375 0.6189258984375 0.583747175 0.6163912796875 0.5589592031249999 0.61647135625 0.57312815625 0.6255627328125
0 0.875021234375 0.64743035625 0.88444460625 0.6503368546875 0.8929804953125 0.648677646875 0.907901353125 0.6434082171875 0.9125113546874999 0.6306665796875001 0.9085854687499999 0.619584153125 0.898718353125 0.6143948 0.88536909375 0.6004058718749999 0.8801797703125 0.591938140625 0.8660108187500001 0.5828467625 0.8536168328124999 0.5828868 0.8459006375 0.579648459375 0.832551378125 0.5656595328125 0.8330629093749999 0.5774056453124999 0.8357253609375 0.5911027671875 0.8418021671875 0.6041362078125 0.8492101999999999 0.6240182109375 0.8492779890625 0.6334814671875 0.8578816687499999 0.641285515625 0.875021234375 0.64743035625
0 0.9125483578125 0.5761698890625 0.9228592140625 0.583642096875 0.9326585375 0.5793681921875 0.933034490625 0.5721877890625 0.9197530203125 0.5676621203125001 0.9265139421875 0.55687149375 0.9125483578125 0.5761698890625
