0 0.5693825890624999 0.59839475625 0.56755124375 0.60494905 0.5699022265625 0.6068333625 0.575998303125 0.609045328125 0.5836342343750001 0.6080347578125 0.5845087062500001 0.5980394921875 0.578266884375 0.597493403125 0.5693825890624999 0.59839475625
0 0.5643067312500001 0.5845216484375 0.5666577140625 0.5864059609375001 0.5715054265624999 0.5885087109375 0.5753962640625 0.5871704859375 0.573336771875 0.58195441875 0.5672406953125 0.5797424515625 0.5643067312500001 0.5845216484375
0 0.4688542375 0.48216744218749996 0.4712052203125 0.48405175468749995 0.4760529328125 0.486154503125 0.4799437703125 0.4848162796875 0.476781659375 0.4778251171875 0.4717882015625 0.47738824687500003 0.4688542375 0.48216744218749996
0 0.5772909546875 0.5655140796875 0.5796419375 0.5673983921875 0.5817014296874999 0.572614459375 0.5849268859375 0.5645035078125 0.5828673921874999 0.5592874421875 0.5764798265625 0.5604072296875 0.5772909546875 0.5655140796875
0 0.24482022187500002 0.3685638109375 0.24533985937499997 0.377002415625 0.248128078125 0.3738890953125 0.2507705515625 0.3724416546875 0.25274764375 0.364221484375 0.24650582187499998 0.3636753953125 0.24482022187500002 0.3685638109375
0 0.259750134375 0.5142320578125 0.257690640625 0.509015990625 0.253799803125 0.5103542156249999 0.251011584375 0.5134675343749999 0.2544651859375 0.51712694375 0.259750134375 0.5142320578125
0 0.17674316875 0.355893325 0.175868696875 0.365888590625 0.17821967968750002 0.367772903125 0.179239896875 0.3561117609375 0.17674316875 0.355893325
0 0.34841540000000004 0.3490905296875 0.35553169375000004 0.339641353125 0.3455447796875 0.3387676125 0.33651473906249996 0.3413348421875 0.336077503125 0.346332475 0.3370343765625 0.3497734484375 0.337699759375 0.35654617499999997 0.34159059687500004 0.35520795 0.3445245625 0.3504287546875 0.34841540000000004 0.3490905296875
0 0.6249188296875 0.524358009375 0.62564755625 0.516028621875 0.6224854453125 0.509037459375 0.6160978781249999 0.5101572484375 0.614412278125 0.5150456625000001 0.6189684984375 0.520480165625 0.6249188296875 0.524358009375
1 0.46368980468750004 0.5555752671875 0.449000925 0.5509329000000001 0.4376198984375 0.5516158171875001 0.42742389531249997 0.5675100671875 0.435142228125 0.5799357328125 0.44733438124999997 0.584359665625 0.474424503125 0.576657971875 0.48536829062500003 0.5809726875 0.5079212484375 0.5963748421874999 0.5321598062499999 0.606888584375 0.563451315625 0.623055265625 0.5713787375 0.6187129390624999 0.577100921875 0.6108204234375 0.5953067484375001 0.6040200828125 0.6070426078125 0.584903296875 0.619881084375 0.5675616046874999 0.6285372328125 0.5548898921875 0.6312430515624999 0.5383403359375001 0.6291011578125 0.5196880312500001 0.6232141718750001 0.500708071875 0.6182016578125 0.47173284843749996 0.6065924875 0.4606454078125 0.5948375718750001 0.45122384374999996 0.59182120625 0.4425668046875 0.58909633125 0.430578009375 0.5722022124999999 0.42238545 0.553394346875 0.407310946875 0.5402453203124999 0.3994460421875 0.5315067703125 0.39868151875 0.5187316375 0.400921096875 0.501774175 0.407830653125 0.4961977359375 0.4140572921875 0.490038315625 0.42694744062499995 0.48285867812500005 0.45149873124999995 0.477947621875 0.464498096875 0.47193394843750003 0.47572236874999996 0.46981111093749994 0.4856084140625 0.46687714687500004 0.4903876125 0.4635059453125 0.500164440625 0.45998900000000004 0.5116071468750001 0.4555151796875 0.51960888125 0.45170674218749995 0.53438334375 0.4623590390625 0.5420298125 0.46368980468750004 0.5555752671875
