0 0.0903887578125 0.464278884375 0.09238166249999999 0.4688428421875 0.0976284015625 0.46856787187500004 0.10112622812500001 0.468384559375 0.1043800640625 0.46354562968749996 0.1008822375 0.46372894374999996 0.095635496875 0.4640039140625 0.0903887578125 0.464278884375
0 0.1719357859375 0.5813836515624999 0.1681939671875 0.5769113499999999 0.1625812421875 0.5702028968749999 0.15709051093749998 0.5658222515625 0.15159978125 0.5614416062500001 0.14598705625 0.5547331515625 0.146353040625 0.5617165765625 0.1482239484375 0.5639527265625001 0.153836675 0.5706611796875001 0.1558295796875 0.5752251390625001 0.16132031093750002 0.579605784375 0.16843795781249998 0.581566965625 0.1719357859375 0.5813836515624999
0 0.21675846718749997 0.39930109687500004 0.2187513703125 0.4038650546875 0.222249196875 0.40368174218749997 0.22200520625000003 0.3990261265625 0.21675846718749997 0.39930109687500004
0 0.26426315312500004 0.4691717203125 0.265768075 0.4644244484375 0.263775171875 0.45986048906250004 0.26003335625 0.4553881875 0.2561695421875 0.44858807812499996 0.25454262499999997 0.45100754218750005 0.2530377015625 0.4557548140625 0.25515260156249997 0.46264658125 0.2571455046875 0.467210540625 0.2611313125 0.47633845781249995 0.2593823984375 0.4764301140625 0.2557625765625 0.47428561875 0.2560065671875 0.47894123437499997 0.265239115625 0.48779418281250003 0.2668660328125 0.48537471875 0.26662204218749996 0.48071910312500005 0.2646291390625 0.47615514531249997 0.2663780515625 0.4760634875 0.26625605625 0.47373567968749997 0.26426315312500004 0.4691717203125
0 0.19353461249999998 0.39118140156250003 0.19390059843750002 0.3981648265625 0.1976424140625 0.402637128125 0.20301114999999997 0.404689965625 0.20638698125000002 0.4021788453125 0.2045160734375 0.39994269375 0.1991473375 0.39788985625 0.19353461249999998 0.39118140156250003
0 0.1661610296875 0.504657653125 0.164168125 0.50009369375 0.1606702984375 0.5002770062499999 0.16404612968750001 0.49776588437499997 0.16555105312500001 0.49301861249999995 0.16368014375 0.4907824625 0.1564405 0.4864934734375 0.1511937609375 0.48676844375000006 0.1496888375 0.491515715625 0.149932828125 0.49617133124999996 0.15367464375 0.5006436328125 0.15741646250000002 0.5051159359375 0.1630291890625 0.5118243890625 0.166283025 0.506985459375 0.1661610296875 0.504657653125
0 0.12902688281250002 0.532279984375 0.13614453124999998 0.534241165625 0.14676000625000002 0.5360190328125001 0.1572534859375 0.5354690921875 0.1641271453125 0.532774659375 0.160385328125 0.52830235625 0.16014133749999998 0.5236467421875 0.154894596875 0.5239217109375 0.149769853125 0.5265244890624999 0.146028034375 0.5220521859375 0.1441571265625 0.5198160359374999 0.13728346875 0.52251046875 0.1335416515625 0.5180381671875 0.135046575 0.5132908953124999 0.13305367031249998 0.5087269359375 0.127928925 0.5113297140624999 0.1241871078125 0.5068574124999999 0.11857438281249999 0.5001489578125 0.118208396875 0.4931655359375 0.11946932968749999 0.4837626484375 0.1149545609375 0.4980044640625 0.111578728125 0.500515584375 0.1138156234375 0.509735159375 0.11767943593750001 0.5165352703125 0.11967233906250001 0.5210992296875 0.1254070609375 0.530135490625 0.12902688281250002 0.532279984375
0 0.1123516796875 0.481801465625 0.10734893125 0.4867320515625 0.1036071140625 0.48225975 0.1004752734375 0.4894264875 0.10059726875 0.49175429375 0.10084125937499999 0.49640990937499996 0.10633198749999999 0.5007905546875 0.109585825 0.4959516265625 0.112717665625 0.488784890625 0.1123516796875 0.481801465625
0 0.14261216875 0.45687356875 0.1338676015625 0.4573318515625 0.1362264921875 0.468879234375 0.13972431875 0.46869592187500003 0.1465979765625 0.4660014859375 0.1535936296875 0.465634859375 0.15322764375 0.4586514359375 0.149607821875 0.4565069421875 0.14261216875 0.45687356875
0 0.16258313124999998 0.3694614875 0.1553434890625 0.3651724984375 0.14810384375000002 0.36088350937499997 0.1426131125 0.3565028640625 0.137244378125 0.3544500265625 0.1301267296875 0.3524888453125 0.12451400312500001 0.3457803921875 0.1339905421875 0.35928895625 0.13935927812499999 0.36134179375 0.146720915625 0.36795859062499997 0.15408255625 0.3745753859375 0.16120020468750001 0.37653656875 0.1663249484375 0.37393378906249997 0.16258313124999998 0.3694614875
0 0.098890278125 0.35879428125 0.09840229687499999 0.34948305 0.09966323125 0.3400801625 0.10104615937500001 0.3330050828125 0.1024290859375 0.3259300015625 0.10031418750000001 0.3190382359375 0.09681635937500001 0.3192215484375 0.0930745421875 0.314749246875 0.0875838125 0.3103686015625 0.0804661640625 0.30840741875 0.07745631875 0.3179019640625 0.072697559375 0.327488165625 0.074934453125 0.3367077390625 0.0804251828125 0.341088384375 0.086037909375 0.34779683906250003 0.0916506359375 0.3545052921875 0.0938875296875 0.363724865625 0.0992562640625 0.36577770468750004 0.098890278125 0.35879428125
1 0.25344466718750003 0.430057271875 0.22700795624999998 0.394095540625 0.2007742546875 0.395470390625 0.1909717671875 0.44266814375 0.20488111406249998 0.507296821875 0.2200523375 0.46215190625 0.2490109140625 0.4793078609375 0.2758136109375 0.5222530171875001 0.2850871390625 0.49842499843750004 0.25344466718750003 0.430057271875
1 0.10869276875 0.311596528125 0.066596853125 0.31146848125000004 0.0530525453125 0.35419393125 0.0688328 0.421058759375 0.08461305625 0.4879235875 0.1121887046875 0.512154625 0.1128806421875 0.45843173125 0.10421803437499999 0.39352808437500003 0.09840229687499999 0.34948305 0.10869276875 0.311596528125
1 0.19491565 0.58484773125 0.189994859375 0.524416384375 0.18381313906250002 0.4733879265625 0.181983209375 0.43847081093750007 0.1759234828125 0.3897701609375 0.1125156015625 0.3510776046875 0.1129626015625 0.3930698015625 0.1070649046875 0.414386696875 0.117232434375 0.47454307343749996 0.12280417968749999 0.5139324921874999 0.13850342031250001 0.545788546875 0.17205778124999999 0.5837114609375 0.19491565 0.58484773125
