0 0.6905722859375001 0.513527215625 0.6872463796875 0.5093944859375 0.68255390625 0.5116827875000001 0.677861434375 0.5139710875 0.68429095625 0.515871 0.6905722859375001 0.513527215625
0 0.6914614453125 0.5389894015625 0.69759458125 0.53240191875 0.6943427718749999 0.5303910375 0.6867689718750001 0.5412777015625 0.688431925 0.5433440671875001 0.6914614453125 0.5389894015625
0 0.822735334375 0.426058959375 0.8152356296875001 0.439067475 0.8246946734374999 0.436612721875 0.8321202796874999 0.42148235781250004 0.822735334375 0.426058959375
0 0.8383275125 0.41701672343749996 0.8442383609374999 0.40406369375000006 0.8365163671875001 0.41070666093749997 0.828572084375 0.41098408124999997 0.8337091359375 0.42142687343749996 0.8383275125 0.41701672343749996
1 0.71312110625 0.6125883046875 0.7251322625000001 0.6376621015625 0.7589756578125 0.60461371875 0.7866118234374999 0.57603096875 0.8165037125 0.566489375 0.82311425625 0.528018675 0.8296094359374999 0.44068996718750003 0.824282921875 0.379267315625 0.8011497703125 0.35458190625 0.771406071875 0.3683671984375 0.7408885828125 0.40554831093750005 0.7217153781250001 0.4487065828125 0.710412359375 0.48946558281249997 0.7047979 0.510906009375 0.7093093515625 0.548988321875 0.714742790625 0.567918509375 0.71312110625 0.6125883046875
1 0.8933034546874999 0.3513638296875 0.86507451875 0.3629717875 0.8310088312499999 0.38965462500000003 0.8345982953125001 0.4468890609375 0.8233693750000001 0.4897699109375 0.8255922734375 0.553425378125 0.8878128000000001 0.5130127328125 0.8948679234375 0.4872731265625 0.9016266609375 0.4530461234375 0.90997425625 0.41876363593750004 0.9214995625 0.3843701828125 0.9046477421875 0.3573409875 0.8933034546874999 0.3513638296875
1 0.699660846875 0.5004632171875001 0.6887611390624999 0.507217153125 0.6921611421875 0.51347173125 0.698738859375 0.5196153406249999 0.699660846875 0.5004632171875001
1 0.7033985046875 0.5619413515625 0.702879828125 0.5470884093749999 0.687065359375 0.5497650984375 0.689172890625 0.5645625562500001 0.6958987999999999 0.5749498640625 0.7033985046875 0.5619413515625
1 0.7042135671875001 0.5852816875 0.691206328125 0.5772381656250001 0.6872548203125 0.60074495625 0.681936746875 0.6306727765625 0.6940960953124999 0.6599902734375 0.7050698984375 0.6553581859375 0.69941416875 0.6300624515625 0.70003976875 0.6024229328125 0.7042135671875001 0.5852816875
0 0.775629578125 0.489312584375 0.77729253125 0.49137895 0.781910909375 0.4869687984375 0.7850886218750001 0.48685783125000004 0.7898551921875 0.486691378125 0.7881181421875 0.48250316406250005 0.781762715625 0.48272510156250004 0.7786590984374999 0.48495791875 0.775629578125 0.489312584375
0 0.8051594265625001 0.5605122171875 0.8128814203125 0.55386925 0.8125109359374999 0.5432600062499999 0.8094814171875001 0.547614671875 0.8033482781249999 0.5542021546875 0.7972892390624999 0.5629114875 0.8051594265625001 0.5605122171875
0 0.7295527359375 0.4909216234375 0.7232714062500001 0.493265409375 0.72500845625 0.4974536234375 0.7329527390624999 0.497176203125 0.7328045453125 0.49293250468750005 0.7295527359375 0.4909216234375
0 0.8027142390625001 0.4904912046875 0.8058919515625 0.49038023593749996 0.810584425 0.488091934375 0.80249195 0.48412565625 0.7977994749999999 0.4864139578125 0.8027142390625001 0.4904912046875
0 0.8124283999999999 0.44978768750000003 0.8109136390625 0.45196502031249997 0.8111359296874999 0.458330565625 0.8143136421875001 0.4582195984375 0.8156802093750001 0.45179856718750006 0.8124283999999999 0.44978768750000003
