1 0.3704347828125 0.5302325578125 0.3686956515625 0.560465115625 0.366956521875 0.6046511625 0.39304347812499996 0.6302325578125 0.39304347812499996 0.5860465109375 0.3982608703125 0.555813953125 0.41565217343749994 0.5348837203125 0.433043478125 0.509302325 0.433043478125 0.47441860468749997 0.4243478265625 0.45348837187499996 0.4034782609375 0.43720930156250004 0.3704347828125 0.4209302328125 0.366956521875 0.45348837187499996 0.3721739125 0.5 0.3704347828125 0.5302325578125
0 0.285217390625 0.490697675 0.2817391296875 0.4767441859375 0.27999999999999997 0.5 0.2886956515625 0.5279069765625 0.2886956515625 0.50697674375 0.285217390625 0.490697675
0 0.29739130468749997 0.49767441874999996 0.2904347828125 0.4860465109375 0.2921739125 0.5046511625 0.2921739125 0.5279069765625 0.299130434375 0.5162790703125 0.29739130468749997 0.49767441874999996
0 0.34608695625 0.5697674421875 0.34608695625 0.553488371875 0.3234782609375 0.5348837203125 0.326956521875 0.5441860468749999 0.33391304375 0.553488371875 0.34608695625 0.5697674421875
0 0.3373913046875 0.5511627906250001 0.3304347828125 0.546511628125 0.32173912968749996 0.5441860468749999 0.325217390625 0.5511627906250001 0.33391304375 0.555813953125 0.3373913046875 0.5511627906250001
0 0.300869565625 0.42325581406249996 0.29739130468749997 0.439534884375 0.2956521734375 0.4627906984375 0.30434782656250003 0.446511628125 0.300869565625 0.42325581406249996
0 0.3582608703125 0.5162790703125 0.3565217390625 0.50232558125 0.34608695625 0.49302325625 0.3304347828125 0.490697675 0.3356521734375 0.50232558125 0.3426086953125 0.50697674375 0.3582608703125 0.5162790703125
0 0.313043478125 0.46744186093750006 0.3026086953125 0.47441860468749997 0.313043478125 0.48372092968749997 0.3234782609375 0.4767441859375 0.313043478125 0.46744186093750006
0 0.2921739125 0.4 0.2695652171875 0.40930232499999997 0.2782608703125 0.41395348906249996 0.285217390625 0.41162790625 0.2921739125 0.4
0 0.30782608749999996 0.41162790625 0.29391304375 0.40930232499999997 0.3026086953125 0.4186046515625 0.31652173906250003 0.4209302328125 0.30782608749999996 0.41162790625
0 0.3617391296875 0.46046511562500003 0.36 0.439534884375 0.36 0.4302325578125 0.3565217390625 0.4186046515625 0.353043478125 0.43720930156250004 0.3565217390625 0.45116279062500003 0.36 0.47209302343750004 0.3617391296875 0.46046511562500003
1 0.2504347828125 0.34651162812499997 0.246956521875 0.355813953125 0.245217390625 0.3627906984375 0.245217390625 0.3697674421875 0.245217390625 0.3837209296875 0.245217390625 0.39302325625 0.246956521875 0.4046511625 0.2486956515625 0.41162790625 0.2504347828125 0.4209302328125 0.25391304375 0.43255813906249996 0.2573913046875 0.455813953125 0.2573913046875 0.4651162796875 0.259130434375 0.4790697671875 0.260869565625 0.49302325625 0.260869565625 0.5046511625 0.30608695625000004 0.5511627906250001 0.36521739062499997 0.6046511625 0.36521739062499997 0.5976744187499999 0.36521739062499997 0.5860465109375 0.3634782609375 0.5744186046875 0.3634782609375 0.5674418609375 0.36521739062499997 0.555813953125 0.366956521875 0.546511628125 0.3686956515625 0.5372093015625 0.3686956515625 0.5302325578125 0.3721739125 0.5186046515625 0.3721739125 0.509302325 0.3721739125 0.50232558125 0.3704347828125 0.49302325625 0.3704347828125 0.48837209374999996 0.3686956515625 0.48139534843750004 0.366956521875 0.47441860468749997 0.366956521875 0.46744186093750006 0.366956521875 0.46046511562500003 0.366956521875 0.455813953125 0.366956521875 0.44418604687499996 0.366956521875 0.439534884375 0.366956521875 0.43255813906249996 0.3686956515625 0.4255813953125 0.3704347828125 0.4162790703125 0.37391304375 0.4 0.3721739125 0.39302325625 0.366956521875 0.3837209296875 0.3634782609375 0.3813953484375 0.3565217390625 0.3744186046875 0.3443478265625 0.3674418609375 0.33391304375 0.358139534375 0.2573913046875 0.3186046515625 0.2521739125 0.3279069765625 0.2504347828125 0.3348837203125 0.2504347828125 0.34651162812499997
0 0.37739130468750004 0.3674418609375 0.37739130468750004 0.3744186046875 0.38086956562499996 0.3837209296875 0.38260869531249997 0.390697675 0.38260869531249997 0.39767441875 0.38608695625 0.3953488375 0.38608695625 0.38837209375000004 0.38608695625 0.3837209296875 0.3843478265625 0.37906976718749996 0.38260869531249997 0.3674418609375 0.379130434375 0.358139534375 0.37739130468750004 0.35348837187500004 0.3756521734375 0.34651162812499997 0.37391304375 0.35348837187500004 0.3756521734375 0.3627906984375 0.37739130468750004 0.3674418609375
0 0.41739130468749996 0.4348837203125 0.41565217343749994 0.4302325578125 0.4104347828125 0.4279069765625 0.405217390625 0.4279069765625 0.394782609375 0.4279069765625 0.38608695625 0.4302325578125 0.38260869531249997 0.44186046562500003 0.394782609375 0.439534884375 0.4034782609375 0.439534884375 0.41739130468749996 0.439534884375 0.41739130468749996 0.4348837203125
