0 0.5649837859375 0.6435852703125 0.5645727578125 0.651635759375 0.571909909375 0.6590083718749999 0.5833266671875 0.6620168 0.5987599265625 0.6726883578125 0.589098146875 0.6514936984374999 0.5776813890625 0.6484852703125 0.5649837859375 0.6435852703125
0 0.62334841875 0.6605189828125 0.626605965625 0.6722557796874999 0.637848759375 0.6732757953124999 0.65159014375 0.6901062718750001 0.6557328499999999 0.6737147718750001 0.64618193125 0.6665358390625 0.6356980937500001 0.6614421578125 0.62334841875 0.6605189828125
0 0.5067777765625 0.666710328125 0.49349517968749995 0.6678724046875 0.497859609375 0.679512359375 0.5030460984375 0.6750513359375 0.5067777765625 0.666710328125
0 0.54591436875 0.6933408046875 0.5328688374999999 0.6844639796875 0.5289631953125 0.6908165765625001 0.539447034375 0.69591025625 0.54591436875 0.6933408046875
0 0.373271303125 0.632307084375 0.364479340625 0.6210544875 0.3623286765625 0.6092208515624999 0.3653491578125 0.63099655 0.37099443593750003 0.6445280796875 0.373271303125 0.632307084375
0 0.23173008906249998 0.4423234640625 0.22747651875 0.444699234375 0.227935309375 0.4626917875 0.2357943515625 0.47602963750000005 0.232947834375 0.45624235156250004 0.252223634375 0.47258862968750004 0.24215082500000001 0.45944445937499995 0.23173008906249998 0.4423234640625
0 0.2767183390625 0.548587284375 0.274441471875 0.5608082796875 0.2638945328125 0.5677419125000001 0.278046946875 0.5765219 0.2947610546875 0.58908503125 0.2854472 0.5718671953125 0.2853363390625 0.55785146875 0.2767183390625 0.548587284375
0 0.3382620765625 0.627355465625 0.33709209218749997 0.6394796203124999 0.34431838125 0.6328365046875 0.3382620765625 0.627355465625
0 0.33114664843749997 0.6480143093749999 0.34763903125 0.6325459859375 0.3380250109375 0.63739436875 0.33114664843749997 0.6480143093749999
0 0.2457409578125 0.5132284375 0.23729692343750003 0.505952665625 0.24585181875 0.527244165625 0.259134415625 0.5260820890625 0.2457409578125 0.5132284375
0 0.331225090625 0.5979166359375 0.345677671875 0.5846304046874999 0.335715725 0.5855019609375 0.331225090625 0.5979166359375
0 0.3135303046875 0.5613957140625 0.321104521875 0.5587294234375 0.3143523625 0.5452947328125 0.3135303046875 0.5613957140625
0 0.1823313828125 0.4386307609375 0.17195840625 0.44755280781250006 0.181509325 0.45473173906250003 0.189083540625 0.45206545 0.1823313828125 0.4386307609375
0 0.24316392343749998 0.54751565 0.2540587890625 0.5445588406249999 0.24544079062500002 0.5352946546874999 0.24316392343749998 0.54751565
0 0.6656316953125 0.684870528125 0.6747715859375 0.7000999515624999 0.669695959375 0.718576703125 0.68146064375 0.72556195625 0.6897938171875 0.7188220000000001 0.70884789375 0.7071368234375 0.699818865625 0.705923128125 0.7007040234375 0.6777948328125001 0.6831678609375 0.68133268125 0.6656316953125 0.684870528125
1 0.45780544062499995 0.6168967765625 0.467530321875 0.626064121875 0.470740109375 0.611757875 0.47598969843749994 0.5952695375 0.47663779218749996 0.5771801437499999 0.4765269296875 0.563164415625 0.475135221875 0.547257115625 0.47339558593750003 0.527372990625 0.46979011249999997 0.51165936875 0.4595433390625 0.49652678593750005 0.450925340625 0.4872626015625 0.436425 0.47450578906249996 0.42186155625 0.47377629375 0.4130695953125 0.46252369531250004 0.3979842609375 0.45582896249999993 0.38383184843749996 0.44704897499999996 0.3715452734375 0.43409848437500004 0.3637970921875 0.43477636249999996 0.3527282625 0.435744759375 0.33180834843749996 0.45160044218750006 0.3257520421875 0.446119403125 0.30990775312499996 0.4434983328125 0.29575533906249996 0.434718346875 0.27828227656250004 0.42622887968749995 0.26156816875 0.41366574843750004 0.2521912140625 0.40847522812500003 0.2389717203125 0.397609990625 0.2224315765625 0.3870352703125 0.20035701874999998 0.37694474843750003 0.167513796875 0.3457564078125 0.1516695078125 0.3431353390625 0.15514877968750002 0.3829035890625 0.1610157796875 0.424466575 0.1749157875 0.481355821875 0.1906816328125 0.5340745640625 0.21530254375000002 0.5860185890625 0.23859484687500002 0.610027996875 0.2554829171875 0.6245795421875 0.273825796875 0.643011071875 0.30597316406249997 0.6662457640625 0.321754353125 0.6808941484375 0.3335190359375 0.6878794 0.3417891078125 0.693166759375 0.35500860312500004 0.7040319984375001 0.3634526375 0.7113077703124999 0.370615825 0.7166919703125 0.3776050515625 0.7200877578125 0.38750389687500003 0.731243515625 0.396532925 0.7324572109374999 0.3888478453125 0.7211077734375 0.3835504953125 0.71155306875 0.38361359687499996 0.699525753125 0.3866494203125 0.68323109375 0.39242089999999996 0.6727079921875 0.393416921875 0.6585954265625 0.39219917656250003 0.6446765375 0.3917403875 0.626683984375 0.3927364078125 0.6125714171875 0.39740100625 0.60214515625 0.4031724859375 0.5916220546875001 0.40766311875000005 0.5792073796875 0.417451103125 0.5763474109375 0.42315948125 0.5778516234375 0.4290418234375 0.5813442515625 0.43603104843749996 0.5847400390625 0.4470367765625 0.59579895625 0.45122724375 0.6054505 0.45780544062499995 0.6168967765625
0 0.667512875 0.6426296671875 0.6800365171875 0.6455412546875 0.6870888421875 0.6369097265625 0.6901246671875 0.6206150671875 0.6818545953124999 0.6153277078125 0.6658363421875 0.6107182250000001 0.6515099640625001 0.599949828125 0.6400932078125 0.5969413984374999 0.6268106125 0.598103475 0.6057798359375 0.5999434296875 0.60717154375 0.6158507296875 0.6141607671875 0.61924651875 0.6262733796875 0.6302085953125001 0.6387970203125 0.6331201828124999 0.650387740625 0.638117025 0.6572030015625 0.6395243984375 0.667512875 0.6426296671875
0 0.5440792125 0.62137059375 0.5323776296875 0.602358025 0.5261473609375 0.5948885749999999 0.5440792125 0.62137059375
0 0.5691264921875 0.627193771875 0.557535771875 0.6221969296875 0.545597125 0.6132232640625 0.5393668546875 0.6057538124999999 0.5309228187499999 0.598478040625 0.537611878125 0.62394004375 0.5460559125 0.6312158171875 0.5513532624999999 0.6407705203125 0.5614891734375 0.6418873765625001 0.5736648859375 0.640822140625 0.5761157171875 0.6305895578125 0.5691264921875 0.627193771875
0 0.5181467734375 0.6436757125 0.530781275 0.6606030281249999 0.5385925578124999 0.6478978359374999 0.5220524140625 0.637323115625 0.5181467734375 0.6436757125
0 0.5967201249999999 0.6748704515624999 0.5827416750000001 0.6680788765625 0.5646205171875 0.677678803125 0.5778400109375 0.688544040625 0.5968309859375001 0.688886178125 0.5967201249999999 0.6748704515624999
0 0.5553715015625 0.7886877703125 0.5663141296875 0.8117740031249999 0.5717376828125 0.7972740765624999 0.5748366078125 0.7689521015625 0.5739667890625 0.7590100390625001 0.57105716875 0.75125006875 0.5562089015625 0.73451643125 0.555339084375 0.72457436875 0.5511486156250001 0.714922825 0.5423566531249999 0.703670228125 0.5353674296875 0.700274440625 0.5301178390625 0.7167627796875 0.532094540625 0.726608003125 0.53552605 0.7403332109375 0.5358108765625 0.7563373515625 0.5358586375 0.78238039375 0.545709721875 0.7674931078125 0.5553715015625 0.7886877703125
0 0.6517010046875 0.7041219984375 0.65385166875 0.715955634375 0.6621217421875001 0.72124299375 0.675230375 0.7180925046875 0.6718619640625 0.69233998125 0.663180865625 0.6951031109375 0.6517010046875 0.7041219984375
0 0.67807689375 0.737879790625 0.670739740625 0.730507178125 0.6633394859374999 0.73516188125 0.66549015 0.7469955171875 0.6726533390625 0.7523797171875 0.679642565625 0.755775503125 0.6838961328125001 0.75339973125 0.683026315625 0.7434576703125 0.67807689375 0.737879790625
0 0.5364436296874999 0.7763183171875 0.532664190625 0.7586162828125 0.528473725 0.7489647390624999 0.524931353125 0.721223803125 0.5191121109375 0.7057038609374999 0.506588471875 0.7027922734375001 0.5001211359375 0.705361725 0.49621549531250003 0.7117143203125 0.5190183265625 0.79387189375 0.52472670625 0.79537610625 0.5291542375 0.7949887484375 0.53340780625 0.7926129765625001 0.5398751390625 0.7900435265625 0.5402861703124999 0.781993034375 0.5364436296874999 0.7763183171875
