0 0.757355996875 0.7710915953125 0.752132809375 0.7381136875000001 0.7477611921875 0.7185229750000001 0.7429353484375001 0.7040749843749999 0.7269701625 0.691391290625 0.7116634796875 0.69888640625 0.701307615625 0.705597390625 0.696231821875 0.7216136484375 0.698321096875 0.7348048125 0.70835891875 0.75011756875 0.7131847625 0.764565559375 0.7118220828124999 0.7799937171875 0.7107886546875 0.80551128125 0.716204909375 0.831697575 0.7245508 0.8523490812500001 0.73823364375 0.8586332265625 0.7584342625 0.8740266125 0.768210925 0.8876904718749999 0.776159471875 0.8898120625000001 0.781757584375 0.8770935968750001 0.7804517875 0.86884911875 0.78343830625 0.8396416984374999 0.780565553125 0.82150385 0.7794528234375 0.8064677578125 0.76843845625 0.79299993125 0.757355996875 0.7710915953125
0 0.418646346875 0.5390841671875 0.3779270671875 0.5303211359375 0.35962265625 0.5349105296875 0.44203776093749997 0.5505916625 0.4382565546875 0.5427392515625 0.418646346875 0.5390841671875
0 0.373374428125 0.36539682500000004 0.368423609375 0.36618095781250004 0.36497165468750004 0.3684179515625 0.3583289046875 0.3745408359375 0.365039746875 0.3768584609375 0.369990565625 0.37607432812499997 0.3786544984375 0.374702096875 0.3836053171875 0.3739179640625 0.38229952031250003 0.3656734875 0.3780640875 0.3629637953125 0.373374428125 0.36539682500000004
0 0.509260784375 0.3421842796875 0.5157104671875 0.3428530109375 0.521898990625 0.3418728453125 0.5208543531250001 0.3352772625 0.5123834875 0.3298578796875 0.50743266875 0.33064201249999997 0.504309965625 0.3429684125 0.509260784375 0.3421842796875
0 0.38343466875 0.44493587031250004 0.38447930625 0.45153144999999995 0.39216669375 0.4520041484375 0.40206833125 0.4504358828125 0.40728030937500004 0.45130064531249997 0.41275344687500004 0.453814303125 0.4121630359375 0.44207600156250004 0.402976784375 0.44015044375 0.3945740109375 0.44317157187499995 0.38343466875 0.44493587031250004
0 0.454596665625 0.5097265703125 0.44567157343749997 0.5094499078125 0.446716209375 0.5160454875 0.45095164218750006 0.5187551796875 0.45642478124999997 0.5212688375 0.4631356234375 0.5235864625 0.46958530625000006 0.5242551921875 0.47525151093750007 0.519977234375 0.4744680328125 0.51503055 0.460592121875 0.5155380187499999 0.454596665625 0.5097265703125
0 0.45993361874999994 0.49535920781250004 0.4649525296875 0.5030155859375001 0.47316223593749995 0.506786071875 0.481565009375 0.5037649453124999 0.48521003125 0.4947363359375 0.47992996093749996 0.4854310625 0.47276489218749995 0.48825615781250004 0.45993361874999994 0.49535920781250004
0 0.423244659375 0.6482227 0.4178396140625 0.6541495515625 0.4217570046875 0.67888298125 0.42651475625 0.6848904640625 0.44736266875 0.6883495140625 0.4538123515625 0.6890182453125 0.459614740625 0.7016213078125 0.4519954453125 0.709589121875 0.44685155937500004 0.7171648687500001 0.4449665609375 0.7292952359375 0.4443192671875 0.7412295703125 0.449338178125 0.7488859484375 0.465757590625 0.7564269234375 0.4712988203125 0.7673810921875 0.4783389140625 0.779788121875 0.491238278125 0.78112558125 0.49266905000000005 0.7741379328125 0.49005745625 0.757648978125 0.48627624999999997 0.74979656875 0.483925815625 0.734956509375 0.481836540625 0.721765346875 0.48163226562499994 0.696443815625 0.480712603125 0.6746161093749999 0.47595485000000004 0.668608628125 0.47836216875000004 0.6597760515625 0.47777175781250003 0.6480377500000001 0.47522825625 0.6399893062500001 0.4702093453125 0.6323329296875 0.46271502499999995 0.6250686187500001 0.45665147656249994 0.610816659375 0.449418315625 0.6052012421875 0.4424463140625 0.601234721875 0.43273774375 0.596011371875 0.42654922031250003 0.5969915390625 0.42759385781250003 0.6035871203125 0.43261276875 0.6112434984374999 0.43515627031250004 0.6192919421874999 0.43620090781250004 0.6258875234375 0.4333393640625 0.63986281875 0.4291720234375 0.6455936375 0.423244659375 0.6482227
0 0.4418903671875 0.501597496875 0.4362810453125 0.48220281875 0.4268905171875 0.45495572968750003 0.4288548171875 0.4833790171875 0.43413488750000007 0.4926842890625 0.4412430734375 0.51353183125 0.45148517187500004 0.554166115625 0.4589794921875 0.5614304265625 0.45161014687499995 0.538933990625 0.4418903671875 0.501597496875
0 0.47883965 0.5346212609375 0.4701757171875 0.53599349375 0.469199171875 0.537838421875 0.4687449453125 0.5429811421874999 0.47916890156249997 0.5447106671874999 0.488355153125 0.5466362250000001 0.49278365312499994 0.542554303125 0.49545212968749996 0.5353706203125 0.48626587812500005 0.5334450625 0.47883965 0.5346212609375
0 0.5098719421875 0.78662559375 0.5081800109375 0.7919643453125 0.5072715578125 0.8022497843749999 0.50733965 0.8106902953124999 0.5061700375 0.8193268375 0.5070216078125 0.8327140343749999 0.5154924734375 0.8381334171875 0.5199209734375 0.83405149375 0.5240202218750001 0.8198801640625 0.524667515625 0.80794583125 0.52231708125 0.793105771875 0.5192512609375 0.7817595374999999 0.5146865765624999 0.768960440625 0.512143075 0.760911996875 0.50744220625 0.7312318796875 0.501571725 0.71018830625 0.4999366765625 0.691854421875 0.4953039 0.670614815625 0.49783619218749997 0.6465501140625001 0.48851375625 0.6277435359375 0.4804971171875 0.6171814328125 0.473002796875 0.6099171218749999 0.47430859375 0.6181615984375 0.48617453125 0.645016621875 0.494667815625 0.7146622953125 0.5003452296875001 0.7424974843750001 0.5034791421875 0.7622842296875 0.50706728125 0.776928253125 0.5098719421875 0.78662559375
0 0.6681507484375 0.7125391828125001 0.6760992953125 0.714660775 0.683525521875 0.7134845765625 0.6844339765624999 0.7031991359374999 0.67401001875 0.7014696109375 0.6693203609375 0.703902640625 0.6654141796874999 0.711282353125 0.6681507484375 0.7125391828125001
0 0.5246795609375 0.6558206140625 0.5261103328125001 0.6488329671875 0.5250656953124999 0.642237384375 0.5176394671875 0.643413584375 0.5130179 0.6542871234375001 0.5197287421875 0.656604746875 0.5246795609375 0.6558206140625
0 0.7943974625 0.5083054390624999 0.789707803125 0.5107384671874999 0.7991552140625 0.514312921875 0.8041060328125 0.5135287890625 0.8030613953125 0.5069332078125 0.7943974625 0.5083054390624999
1 0.814801521875 0.733258715625 0.8317889265625 0.6883117000000001 0.8398624484375 0.6752011671875 0.858030675 0.6537307546875 0.8779589250000001 0.6353620984374999 0.896456403125 0.623981090625 0.9388564046875001 0.595292225 0.9548103812500001 0.5758627734374999 0.95877344375 0.5448104234375 0.9611014609374999 0.495424190625 0.963361384375 0.43759745 0.958921675 0.409566228125 0.9525745484374999 0.3294390828125 0.9427530484375 0.1873226421875 0.9024767875 0.1413037484375 0.8604404999999999 0.09218309531249999 0.8361406328125 0.090961040625 0.8137826468749999 0.05393598125 0.767260978125 0.0325698875 0.7240662890625 0.0241989234375 0.6852432187499999 0.0354186703125 0.6472148328125 0.08369825 0.643138003125 0.16209586874999998 0.6206093687500001 0.19608871562500002 0.5534664828125 0.260811390625 0.547675303125 0.2803214734375 0.52019585 0.3150984515625 0.4710169140625 0.333029184375 0.4241203203125 0.357359465625 0.3941542484375 0.36041536406249997 0.3518111296875 0.36543159687500004 0.318393103125 0.37072449218750003 0.30419915 0.3932557015625 0.280375928125 0.45111721562499996 0.27771866093750003 0.49041404375 0.2815222859375 0.56249274375 0.29385365937499996 0.6163181921875001 0.31563244375 0.6737180953124999 0.34098815781249997 0.7136488765625 0.350571753125 0.7341043515625 0.40055658593750004 0.7853465953125001 0.4465671453125 0.8355280437499999 0.504693590625 0.882100265625 0.54880794375 0.9122989359375 0.6207990921875 0.9262505421875 0.6684903734375001 0.93898009375 0.7234148140625 0.9573250609375 0.751427796875 0.9579590171874999 0.7791115265624999 0.94850356875 0.7813145671874999 0.9143494609375 0.7798725859375 0.8892239640625 0.77940715 0.8622535390625 0.7878668046875 0.8355597749999999 0.79573605 0.7971277125 0.7967125953124999 0.795282784375 0.8029580031249999 0.7706299828125001 0.814801521875 0.733258715625
