0 0.76073101875 1 0.7608863718750001 0.9976686578124999 0.7623406671875 0.9583064953125 0.7629307921875 0.922169459375 0.7580724171875 0.896670890625 0.7450781578125001 0.8724489984374999 0.7394504828125 0.8692127265625 0.7321787703125 0.8672642765624999 0.72490705625 0.8653158265625001 0.7174667375 0.8736922453125 0.7168660453125 0.8856296765625 0.7213766390624999 0.907578378125 0.7247595859375 0.9240399015625 0.7292701796875 0.9459886015625001 0.7328323 0.9763248640625 0.7299869453125 1 0.76073101875 1
0 0.7502631796875 0.8530982312500001 0.7582198890625 0.8379468156250001 0.7646168624999999 0.8189207890624999 0.77698929375 0.8066809046875001 0.78667434375 0.7850792328125 0.800775115625 0.76638909375 0.8143595015624999 0.7544739500000001 0.8213677359375 0.747710096875 0.8328759968749999 0.7386953390625 0.8404006203125001 0.7251564875 0.8345094671875 0.7132079140625 0.8160772734374999 0.723824090625 0.7996369 0.7367023140625 0.7866637765625 0.7608796296875 0.7672831109375 0.77988336875 0.7576823640625 0.7963226062500001 0.750937609375 0.8117987624999999 0.74185325 0.821463003125 0.73839656875 0.8343635140625001 0.7370160109375 0.844363640625 0.7502631796875 0.8530982312500001
0 0.6472470140625 0.62673593125 0.6416193406249999 0.6234996609375 0.6385947437499999 0.634787609375 0.6440538109375 0.6483487484375 0.6512412203125 0.6554596312500001 0.6583443250000001 0.667732946875 0.661895878125 0.67386960625 0.6721078828125 0.669692540625 0.673836225 0.663242284375 0.661189746875 0.6425702624999999 0.6540866421875 0.6302969468749999 0.6472470140625 0.62673593125
0 0.6176332078125 0.601517528125 0.62040489375 0.60571688125 0.622481015625 0.60281649375 0.621785453125 0.59571675625 0.6206578046875 0.5902295796875 0.6166741671875 0.5857054859375 0.611826359375 0.58440651875 0.6120898359375 0.5931188234375 0.6176332078125 0.601517528125
0 0.5674584859375 0.66757693125 0.573781725 0.6779129421875 0.58027356875 0.6779240875 0.58286608125 0.6682487015625 0.577322709375 0.6598499984374999 0.5677113968749999 0.65208963125 0.566762921875 0.66047719375 0.5674584859375 0.66757693125
0 0.711396409375 0.8478689328125 0.7111329296875 0.8391566296875 0.7018693984375 0.8349461343750001 0.7009209249999999 0.8433336953125 0.711396409375 0.8478689328125
0 0.823844240625 0.6705983343749999 0.8208196437499999 0.6818862828125 0.8255831484374999 0.6883476828124999 0.8285234406249999 0.68222216875 0.8310316500000001 0.67770921875 0.8372600171875 0.6690080578125001 0.8369965390624999 0.6602957546875 0.834224853125 0.6560964015625 0.8277330078125 0.656085259375 0.823844240625 0.6705983343749999
0 0.279551171875 0.43315338125 0.2782443484375 0.41379146875000006 0.27486140468750003 0.39732994375 0.2721740203125 0.38796815625000003 0.26275244999999997 0.41828213124999997 0.26198315 0.4405444296875 0.2563660421875 0.46150776093749996 0.25204519062499997 0.4776334015625 0.250411721875 0.5031208265625 0.24894685781249998 0.5182833859375 0.258378996875 0.512169015625 0.264428190625 0.4895931203125 0.2741975421875 0.462829015625 0.279551171875 0.43315338125
1 0.4346387703125 0.3779218890625 0.4308974765625 0.33371089062500003 0.408386775 0.32076580312499997 0.368476659375 0.304886896875 0.356757521875 0.22742810625 0.32358159531249997 0.17187343906250002 0.2585159015625 0.4292453375 0.2376915078125 0.5118108421875001 0.2535311890625 0.5108700500000001 0.27628423281250003 0.48412823281249995 0.318154465625 0.429670375 0.3373453890625 0.372592296875 0.3646933328125 0.36263674687499997 0.3937801828125 0.37043054375 0.4346387703125 0.3779218890625
0 0.28994211718749996 0.2440917890625 0.27782259531250003 0.2408443734375 0.2720263125 0.24793296874999998 0.2665778109375 0.2585714328125 0.2648494703125 0.2650216890625 0.2780123375 0.2789187140625 0.27731677499999996 0.271818975 0.27921372187500004 0.2550438515625 0.2876130828125 0.262479475 0.28528405 0.2808671640625 0.2838191875 0.2960297234375 0.277506515625 0.3098933140625 0.283134190625 0.31312958750000003 0.28529461718750004 0.3050667671875 0.2884035171875 0.2886163859375 0.29151241875 0.272166003125 0.296349659375 0.24926536718749998 0.28994211718749996 0.2440917890625
0 0.23353926249999998 0.517611615625 0.248240728125 0.48698404218749997 0.251866015625 0.463758665625 0.254015875 0.431496240625 0.25184488125 0.41535945781250005 0.2303669578125 0.3888643734375 0.2197123 0.37045439999999996 0.2087204265625 0.372694159375 0.2230109421875 0.3920783578125 0.2214617765625 0.41240335000000006 0.2248447203125 0.4288648765625 0.2295344890625 0.4646883125 0.2352570359375 0.4869617546875 0.234919821875 0.5076114890625 0.23353926249999998 0.517611615625
1 0.33630204375 0.36194268749999997 0.329114634375 0.3548318046875 0.316563028125 0.35319695156250003 0.3118943953125 0.3657727234375 0.3071414578125 0.38351092656249997 0.30351616875 0.40673630625 0.3052550765625 0.424485653125 0.316510428125 0.4309581984375 0.32689104062499996 0.41645626562500004 0.33554331249999997 0.4084045890625 0.3417716796875 0.39970343124999996 0.34081263906250003 0.38389138906250003 0.33630204375 0.36194268749999997
0 0.17137112031249999 0.2745410578125 0.14833346249999999 0.2441713640625 0.11264932812499999 0.1931296484375 0.10607317812499999 0.1982809375 0.21494879375 0.363993 0.2218727265625 0.3623915796875 0.18323773125 0.2932757734375 0.17137112031249999 0.2745410578125
1 0.42440563124999997 0.333699746875 0.40302257812500003 0.32624183281249997 0.37982688124999997 0.3303966109375 0.362258859375 0.3377876609375 0.3620902515625 0.34811252656249997 0.372049346875 0.3594227625 0.38763611875000004 0.3739692703125 0.4106632078125 0.3801393609375 0.42970666093750004 0.38178535625 0.4411306171875 0.3779330328125 0.44493508125 0.368582390625 0.43428042343750006 0.350172415625 0.42440563124999997 0.333699746875
0 0.1616120984375 0.126745503125 0.1796227734375 0.1419414953125 0.182563065625 0.1358159796875 0.1781473421875 0.1329044484375 0.1700957625 0.12901869375 0.164900171875 0.1241698578125 0.158576934375 0.113833846875 0.1506096578125 0.10478565937499999 0.147669365625 0.11091117187499999 0.1557209453125 0.114796928125 0.1616120984375 0.126745503125
1 0.7649646453125001 0.8224706578125 0.7845139171875 0.793142053125 0.8027669359375 0.7686511406250001 0.8221476015625001 0.7496474015625 0.836680459375 0.7293446968749999 0.846186334375 0.693868290625 0.8408010015625 0.6509451140625 0.8267633984374999 0.6160736124999999 0.792818171875 0.5827812453125001 0.7521281890625 0.5649650328125 0.7058105296875 0.54391255 0.6680608421875001 0.5199708249999999 0.6377620390625001 0.511852284375 0.61941415 0.5173060281249999 0.6073895 0.5330957828125 0.604544078125 0.5582584671874999 0.6067993765625 0.5692328171875001 0.613733875 0.591831 0.632102896875 0.6347764640625 0.6530750000000001 0.69224615 0.667207475 0.7461548203125 0.6761443593750001 0.7952146546875001 0.6841959390625 0.7991004078125 0.7160650421875 0.8352931640625 0.74368703125 0.8582495203124999 0.7519072171875 0.8518104078125001 0.7649646453125001 0.8224706578125
0 0.245489940625 0.3324246359375 0.2353622390625 0.331439265625 0.25000053437499997 0.3543733359375 0.2587476765625 0.3653588296875 0.2674948203125 0.376344325 0.27285901875 0.3708682921875 0.271815671875 0.36021868437500004 0.2590848921875 0.3447090953125 0.245489940625 0.3324246359375
0 0.5244920703125 0.5903871625 0.5411221859374999 0.615583278125 0.5617359390625001 0.6453034890625 0.5638226296875 0.6666027062500001 0.5744772874999999 0.6850126828125 0.5830452562499999 0.6821234406250001 0.5824339953125001 0.6698612671874999 0.571695034375 0.6566137249999999 0.5735076796875 0.6450010359375 0.56796430625 0.63660233125 0.562420934375 0.628203625 0.5548857453125 0.617542871875 0.5490788953125 0.6004318640624999 0.54327204375 0.5833208562500001 0.5305412625 0.5678112671875 0.5183374390625 0.569726284375 0.5244920703125 0.5903871625
0 0.7864742703125 0.9215645531250001 0.7894145640625 0.9154390390625 0.7849988406249999 0.912527509375 0.776083090625 0.9118668812499999 0.77236293125 0.9160550890625 0.7787704734374999 0.9212286671875001 0.7864742703125 0.9215645531250001
0 0.4667081859375 0.47638858749999996 0.45502075 0.47152860937499996 0.445672915625 0.47248054375 0.46039551406249996 0.49025218125 0.47988161875 0.5144852156249999 0.5010117609375 0.537430428125 0.5127940671875 0.561327578125 0.52240538125 0.5690879468750001 0.5139111484375001 0.5426151515625001 0.5004005015625 0.52516825625 0.4881018046875 0.508046103125 0.47779492812499996 0.49318599843750005 0.4667081859375 0.47638858749999996
