1 0.5735694828125 0.777777778125 0.5926430515625001 0.7540983609375 0.584468665625 0.7049180328125 0.5749318796875 0.6885245906249999 0.55040871875 0.6684881609375 0.5081743875 0.6666666671875 0.482288828125 0.677595628125 0.4577656671875 0.6885245906249999 0.4536784734375 0.7540983609375 0.4795640328125 0.7996357015625 0.5163487734375 0.8069216750000001 0.5735694828125 0.777777778125
1 0.7343324250000001 0.770491803125 0.7547683921874999 0.7431693984375001 0.7574931874999999 0.7085610203125 0.7343324250000001 0.690346084375 0.71525885625 0.6830601093750001 0.6798365125 0.677595628125 0.65258855625 0.673952640625 0.6239782015625 0.6885245906249999 0.603542234375 0.721311475 0.6021798359375 0.7905282328125 0.6512261578125 0.7941712203125 0.7016348781249999 0.7941712203125 0.7343324250000001 0.770491803125
1 0.73841961875 0.8542805093749999 0.7765667578125 0.8433515484375 0.7820163484375 0.8069216750000001 0.7179836515625 0.7905282328125 0.7098092640625 0.8251366125 0.720708446875 0.8488160296875 0.73841961875 0.8542805093749999
0 0.760217984375 0.71948998125 0.7901907359375 0.7103825140625 0.833787465625 0.6885245906249999 0.861035421875 0.6593806921875001 0.8583106265625 0.6393442625 0.833787465625 0.6520947171875 0.79291553125 0.675774134375 0.752043596875 0.6830601093750001 0.71525885625 0.684881603125 0.6880108984375 0.684881603125 0.6920980921875 0.7085610203125 0.720708446875 0.7085610203125 0.752043596875 0.6994535515625 0.760217984375 0.71948998125
0 0.630790190625 0.6921675781250001 0.6103542234375 0.6921675781250001 0.5912806546875 0.6939890703125 0.5817438687500001 0.6976320578124999 0.5871934609375 0.72313296875 0.6212534062499999 0.7140255015625 0.64441416875 0.7067395265624999 0.630790190625 0.6921675781250001
0 0.4305177109375 0.7340619312500001 0.43460490468749996 0.7122040078125 0.4073569484375 0.6939890703125 0.36333203593749996 0.695003903125 0.3051771109375 0.6885245906249999 0.3174386921875 0.6994535515625 0.33242506875 0.71948998125 0.37329700312499997 0.721311475 0.4305177109375 0.7340619312500001
0 0.49455040937500006 0.763205828125 0.49591280624999995 0.7395264109374999 0.5027247953125 0.7085610203125 0.509536784375 0.684881603125 0.5149863765625 0.6684881609375 0.5 0.6703096546875 0.4768392375 0.7140255015625 0.4795640328125 0.7449908921875 0.47820163437499996 0.7832422593749999 0.49455040937500006 0.763205828125
1 0.4386920984375 0.761384334375 0.4400544953125 0.73770491875 0.435967303125 0.7158469953125 0.42234332500000005 0.7012750453125001 0.4073569484375 0.6976320578124999 0.3746594 0.7140255015625 0.36376021875000003 0.761384334375 0.38692098124999996 0.7832422593749999 0.41416893750000006 0.7850637515625001 0.4386920984375 0.761384334375
0 0.2724795640625 0.7122040078125 0.2915531328125 0.7122040078125 0.2956403265625 0.690346084375 0.28337874687500003 0.675774134375 0.27384196250000004 0.6703096546875 0.2547683921875 0.6612021859375 0.21117166250000002 0.6520947171875 0.18801089843750002 0.6484517296875 0.170299728125 0.6539162109375 0.181198909375 0.677595628125 0.2138964578125 0.690346084375 0.2411444140625 0.6994535515625 0.2724795640625 0.7122040078125
1 0.2861035421875 0.45537340625 0.31062670312499996 0.47905282343750005 0.3528610359375 0.48633879843749994 0.41553133437499995 0.489981784375 0.4891008171875 0.49544626562499994 0.584468665625 0.49544626562499994 0.6485013625 0.48633879843749994 0.7316076296875 0.464480875 0.7738419624999999 0.4408014578125 0.7629427796875 0.3970856109375 0.720708446875 0.3315118390625 0.6103542234375 0.313296903125 0.4877384203125 0.30418943593750003 0.3814713890625 0.309653915625 0.30653950937499996 0.324225865625 0.2574931875 0.35336976249999996 0.2465940046875 0.3934426234375 0.2629427796875 0.42622950781249996 0.2861035421875 0.45537340625
