0 0.6109223078125 0.6177310265625 0.6158275078125001 0.5958613390624999 0.6268201953125 0.5776355421875 0.636990459375 0.5664970265625 0.6398469359375001 0.5571820421875 0.62887625625 0.5599173390625001 0.6260417859375 0.5537418234375 0.6162900703124999 0.5561732 0.611003 0.560932528125 0.60448963125 0.571159278125 0.5983801359375 0.5830058874999999 0.590236590625 0.5970802015625 0.5877913265625 0.60285154375 0.5833120078125 0.6108505921875 0.577202515625 0.622697203125 0.57230465 0.6394033890624999 0.5690442984375 0.6470985140625001 0.56862575 0.6558056546875 0.5702412546875 0.66228509375 0.5767399546875 0.6623853421875 0.58567658125 0.661877746875 0.595428296875 0.6594463703125 0.600311490625 0.6530671828125 0.6048054796875 0.6347411359375 0.6109223078125 0.6177310265625
0 0.5813073 0.592424296875 0.5792879171875 0.5843249984375001 0.58945818125 0.5731864828125001 0.600847409375 0.56174404375 0.6102099187500001 0.547365809375 0.604930184375 0.5469616375 0.596390096875 0.5542525921875 0.5894728515625001 0.5628594828125 0.578083625 0.574301921875 0.569132325 0.585136515625 0.5609961140624999 0.5940473296875 0.5508331859375 0.6000223453125 0.544319815625 0.610249096875 0.537806446875 0.620475846875 0.5390180765625 0.6253354234375 0.5459279859375 0.6218920328124999 0.5556870375 0.6142971562499999 0.5682805578125001 0.612877796875 0.5739715046875 0.6097383265625 0.5772318578125 0.602043203125 0.5813073 0.592424296875
0 0.6930481546875 0.5628436140625 0.687371878125 0.555656084375 0.6841335328125 0.547860709375 0.67601199375 0.546444521875 0.6715400125000001 0.5492800703125 0.6739706046875 0.5538357265625 0.6784352515625 0.556163678125 0.685330490625 0.5630472875 0.6942524484375 0.5728666921875 0.699928721875 0.5800542234375 0.697909340625 0.5719549265625 0.6930481546875 0.5628436140625
0 0.6782954578125 0.36865782343750003 0.6734196 0.3698735109375 0.66894028125 0.37787255625 0.6571545140625 0.38253163749999997 0.649018303125 0.3914424484375 0.6408820921875 0.40035326250000003 0.6331570937500001 0.40572043593749996 0.6388407046875 0.407744465625 0.6453467390625 0.40268121562500003 0.6538868265625 0.3953902625 0.6628307890625 0.3897191671875 0.6713708765625 0.3824282140625 0.6799109624999999 0.37513725937500003 0.6782954578125 0.36865782343750003
0 0.71409331875 0.3304829453125 0.7112441765625 0.334634428125 0.7055532312499999 0.3377738984375 0.7027040906249999 0.3419253828125 0.6974170203125001 0.3466847125 0.6929377031249999 0.3546837578125 0.68683554375 0.3613668671875 0.6872320859375 0.368150228125 0.691300190625 0.3636948203125 0.6994364015625 0.354784009375 0.70391571875 0.3467849609375 0.7092027875 0.3420256328125 0.7173389984375 0.33311481875000004 0.717346334375 0.32795131875 0.71409331875 0.3304829453125
0 0.5085733046875001 0.6122794734375 0.513853040625 0.6126836453125 0.51670218125 0.6085321609375 0.5187435687499999 0.6011409578125 0.5159090984375 0.5949654421874999 0.5130599578124999 0.5991169265625 0.5093957296875 0.6051921921875001 0.5085733046875001 0.6122794734375
0 0.5346121140625 0.581699471875 0.5394879734375 0.5804837843749999 0.5439672890625 0.5724847359375 0.54803539375 0.56802933125 0.543578084375 0.560537878125 0.536668175 0.56398126875 0.533811696875 0.573296253125 0.5346121140625 0.581699471875
0 0.5647116921875 0.5518275640625 0.567149621875 0.5512197203125 0.5712177281249999 0.5467643125 0.5651302390625 0.5431204234375 0.5622811 0.5472719078125 0.5606509234375 0.55111946875 0.5647116921875 0.5518275640625
1 0.70398215625 0.585925815625 0.710877396875 0.5928094234375 0.71778730625 0.589366034375 0.723500259375 0.5707360640625 0.7235296015625 0.5500820656250001 0.71461498125 0.535099159375 0.7077197421875 0.5282155515625 0.7044960671875 0.5100931765625 0.70208748125 0.49004702031249997 0.6992676828125 0.47354450625 0.6923797796875 0.461497396875 0.68142376875 0.45390569531249997 0.670460425 0.45147749375 0.6558401859375 0.4499610578125 0.6424462484375 0.4429771984375 0.62579929375 0.438524965625 0.60550278125 0.429821 0.6006195859375 0.4362001875 0.5900527828125 0.4405553453125 0.581101484375 0.4513899390625 0.5725540609374999 0.4638443921875 0.56725965625 0.4737672203125 0.5672303125 0.49442122031249996 0.5704613234375 0.5073800937499999 0.5720694921875 0.5190230312499999 0.581799203125 0.53208215625 0.5931590875 0.5412937171875 0.6045263078125 0.5453417796875 0.6154823171875 0.55293348125 0.62726075 0.5534379015625001 0.6483870234375 0.5498910859375 0.6557008093750001 0.5480675546875 0.6715400125000001 0.5492800703125 0.6820921453125 0.5552519124999999 0.6938559078125001 0.5660833328125 0.70398215625 0.585925815625
1 0.5736629921875 0.5409929703125 0.5732737859375 0.5290461109375 0.5708578640625 0.5141634546875 0.565188925 0.5018124234375 0.5578751375000001 0.50363595625 0.55136176875 0.5138627062500001 0.544025975 0.5311767374999999 0.5358897640625 0.54008755 0.5289725171875 0.5486944421875 0.5192061296875 0.5614528171875001 0.5110625828125 0.5755271296875 0.5025151609375 0.587981584375 0.490714721875 0.6029676640625 0.4898849625 0.6152184453125 0.494753484375 0.61916625625 0.5069431296875 0.6161270375 0.5276728609375 0.6057968640625 0.537035371875 0.591418628125 0.5492396875 0.5780524078125 0.5642931453125 0.5605347046875 0.5736629921875 0.5409929703125
1 0.554783921875 0.6781829359375 0.5714308765625 0.6826351703125 0.5718494234375 0.673928028125 0.5730830609375 0.6632971078125001 0.576754625 0.6520583421875 0.5779955953125 0.6362639203125 0.5690663046875 0.6316080140625 0.5597258 0.63049575 0.5471322796875 0.6319151109375001 0.536168934375 0.629486909375 0.5325267124999999 0.6200716749999999 0.5174952625 0.6220988796875 0.504086653125 0.6254420203125 0.49390905468749996 0.6417440375 0.489018525 0.653286725 0.4865585890625 0.6693850671875 0.4902008109375 0.678800303125 0.49586975000000005 0.6911513328125001 0.5088671484375 0.69135183125 0.52187188125 0.6863888296875 0.5328572328125001 0.6733265328125 0.554783921875 0.6781829359375
0 0.5850232937500001 0.835816884375 0.5891060703125001 0.8210344781250001 0.5879091125 0.8058479000000001 0.5903763843750001 0.78458605625 0.59365874375 0.7614004328124999 0.59774885625 0.741454525 0.596559234375 0.7211044484375 0.5908756234375 0.7190804171875 0.5733989078125 0.726878965625 0.5551144421875 0.7314377953125 0.5335769578125 0.7385282515625 0.5201610125 0.7470348921875 0.5047110140625 0.7577692375 0.491287734375 0.771439378125 0.47826833124999996 0.7867293796875 0.46809073124999995 0.8030313953125001 0.45750925625 0.817713553125 0.4351420109375 0.8370547890625 0.42820275781249995 0.8611521796874999 0.42287901093749997 0.8917290078125 0.4354651953125 0.8954731468749999 0.4504893109375 0.8986094421875 0.4671436015625 0.8978981750000001 0.48624315625000003 0.8914155640624999 0.5086030640625 0.8772378281250001 0.529332796875 0.8669076546875001 0.5488435640625 0.8568814031249999 0.5602327921875 0.8454389656249999 0.5850232937500001 0.835816884375
0 0.5556874546875 0.8999095109375 0.563412453125 0.8945423390625 0.5589478078125001 0.8922143859375 0.548792215625 0.893025903125 0.5394370390625001 0.9022406374999999 0.5292667765625 0.9133791531250001 0.519507725 0.9209740312499999 0.5109676390625 0.928264984375 0.500797375 0.9394035000000001 0.4963180578125 0.9474025484374999 0.491427528125 0.958945234375 0.48937880468749995 0.9714999375 0.49466587500000003 0.966740609375 0.49954906718750003 0.960361421875 0.5056585625000001 0.9485148109375 0.5125831437499999 0.9347444203125 0.5276292640625 0.922390215625 0.5382034046874999 0.912871559375 0.5556874546875 0.8999095109375
1 0.8954325187500001 0.2009627109375 0.886921775 0.1875996671875 0.884909728125 0.17433686875 0.8849317343750001 0.15884637031249998 0.8796813421874999 0.1377881984375 0.8732046515624999 0.12219745 0.8679395890625001 0.11146627812500001 0.8622633140625 0.10427874687500001 0.8537305625 0.1064062015625 0.8525042624999999 0.111873625 0.858165865625 0.1293881546875 0.8638201343749999 0.152066184375 0.8645985453125 0.175959903125 0.8645325250000001 0.22243140156250002 0.865310934375 0.2463251203125 0.8701721203125 0.2554364328125 0.8738436859375 0.2441976671875 0.8771113734375 0.23133904218749998 0.8795639734374999 0.22040419687499999 0.8881113968750001 0.20794974375000003 0.895829059375 0.207746071875 0.8954325187500001 0.2009627109375
