0 0.2360934890625 0.7494428828124999 0.23134131875000002 0.7600567500000001 0.22972615156249998 0.765376965625 0.2325831703125 0.7761236499999999 0.238670525 0.7762299046875001 0.2449911984375 0.7629692140625 0.24831485937500003 0.7469820031250001 0.2360934890625 0.7494428828124999
0 0.29631371875 0.7879328875 0.291981525 0.7744862484375 0.2921681828125 0.763792690625 0.2829904890625 0.7663066984375 0.27381279531249997 0.7688207046875 0.2706291265625 0.7767877453125 0.2719643078125 0.7875078671875 0.2795734984375 0.7876406859375 0.2856141875 0.79042033125 0.296080396875 0.8012998359375001 0.29631371875 0.7879328875
1 0.346700028125 0.43046903593749997 0.340845996875 0.41699583437500004 0.3180650859375 0.41392398750000003 0.29352901875000004 0.42419252500000004 0.262532284375 0.455741925 0.24228174687499998 0.482130490625 0.232590746875 0.5140517828125 0.23668961875 0.54086536875 0.253289846875 0.549177740625 0.27487556875 0.5335092953125 0.2827180796875 0.5202751671875 0.3122396390625 0.48602581406249995 0.335673846875 0.45167020625000004 0.346700028125 0.43046903593749997
1 0.2023301359375 0.3290035 0.1883536078125 0.34480476250000003 0.1680564046875 0.37386671875 0.15393988281249998 0.39768815156250004 0.14268038125 0.43225626874999995 0.149962921875 0.451102815625 0.1573387921875 0.46460258281250005 0.177309346875 0.45425435312499995 0.19123921093750001 0.441126478125 0.21024789687499998 0.3986710109375 0.21593334999999997 0.33458935312500004 0.2023301359375 0.3290035
1 0.1537170671875 0.584878546875 0.1633614 0.5556306453125 0.164108028125 0.5128564124999999 0.1568254859375 0.4940098671875 0.1399919375 0.49906444375000003 0.11660439375000001 0.5307466609375 0.11286075625 0.5707943765625 0.11220745781250001 0.6082218328125 0.117921496875 0.629715203125 0.135950234375 0.6434009171875 0.14074906874999998 0.630113659375 0.1503934046875 0.6008657578125 0.1537170671875 0.584878546875
1 0.2197627421875 0.5512667265625 0.21201355937500002 0.5591540765625 0.20569288593750001 0.5724147687500001 0.2008473859375 0.5883754140625 0.20218256874999999 0.5990955375 0.21449726562500002 0.5912878781249999 0.2193427640625 0.57532723125 0.2197627421875 0.5512667265625
1 0.5863752515625 0.3918653171875 0.5679265359375 0.4022401109375 0.565844728125 0.434294221875 0.574509115625 0.46118750000000003 0.6031907203125 0.4750591609375 0.617260578125 0.4539111171875 0.6103046859375 0.4163508453125 0.5863752515625 0.3918653171875
1 0.1691221046875 0.5744506265625 0.15828258125 0.5849582390625 0.15795593125000001 0.603671965625 0.1681421578125 0.6305918078125 0.1818853640625 0.6281574921875 0.1866842 0.6148702375 0.1811568171875 0.5826833062500001 0.1691221046875 0.5744506265625
1 0.6269801609375001 0.5075648546875 0.633114178125 0.5049977203125 0.6302571578125 0.49425103437500006 0.6320589812499999 0.47823726093749996 0.624263134375 0.48879799999999995 0.61780246875 0.5100788625 0.6158606515625 0.534112803125 0.6184843515625 0.5582264375 0.6244317109375 0.5663528624999999 0.6265135203125001 0.5342987499999999 0.6269801609375001 0.5075648546875
1 0.62359175625 0.6144738734375 0.6218365968749999 0.62781425625 0.6230317859375 0.6465545484375 0.6287924890625 0.66537453125 0.63225614375 0.6413671515625 0.6282505984375 0.6092067859375 0.62359175625 0.6144738734375
0 0.60263075 0.507139834375 0.5827068609375 0.514814675 0.5612144703124999 0.525136340625 0.5443809203125001 0.530190915625 0.5198915171875 0.5377860640625001 0.50457980625 0.54286720625 0.5044398140624999 0.5508873750000001 0.5133841875 0.561740315625 0.5363050874999999 0.55679199375 0.58224021875 0.54154856875 0.6113884656249999 0.5286863328125 0.617895796875 0.5047320828124999 0.60263075 0.507139834375
