1 0.2594835890625 0.4027919171875 0.2544523515625 0.427653325 0.26299445 0.462704078125 0.315922328125 0.465965425 0.34345935 0.521394740625 0.3951774484375 0.45007161093750003 0.3863232234375 0.40401659062500006 0.33507216875 0.3640743875 0.27488943125 0.3392119640625 0.2594835890625 0.4027919171875
1 0.1416136046875 0.2707389109375 0.17581995781249998 0.2951933640625 0.195633546875 0.269924621875 0.168057796875 0.24506270468750002 0.1416136046875 0.2707389109375
1 0.252852221875 0.3180182234375 0.2512141265625 0.3241316765625 0.25390555625 0.3445099859375 0.25530974687499997 0.35143861875 0.2548419375 0.37752279375 0.284796225 0.32657759375 0.2867851765625 0.3009010078125 0.2623299359375 0.3009006265625 0.252852221875 0.3180182234375
1 0.1416136046875 0.2707389109375 0.14738605 0.261364996875 0.14512370000000002 0.2454699140625 0.1271821109375 0.2515831140625 0.12269690468750001 0.2744067046875 0.143563828125 0.275629725 0.1416136046875 0.2707389109375
1 0.14036509531250002 0.22672183281249997 0.1328763328125 0.21816284375 0.11532509375 0.25932667187499997 0.118250428125 0.26666289375 0.13186249218749999 0.24628483750000002 0.14036509531250002 0.22672183281249997
0 0.34252143749999997 0.3180196203125 0.3422875328125 0.3310617078125 0.350868359375 0.33554506093750003 0.34252143749999997 0.3180196203125
0 0.3535597890625 0.35592336874999997 0.3620236625 0.36692776562499996 0.3693172515625 0.357961440625 0.3535597890625 0.35592336874999997
1 0.24805488750000002 0.3298375421875 0.23370161718750002 0.334728103125 0.2284752046875 0.3420641984375 0.22375609375 0.377929875 0.22395126875 0.39545518749999997 0.2325320953125 0.3999385390625 0.24177590468750002 0.3958630296875 0.2465732390625 0.3840437109375 0.251370571875 0.372224390625 0.24953730156249998 0.3608125328125 0.2502002859375 0.3522536703125 0.24805488750000002 0.3298375421875
1 0.2989148265625 0.24954796406250002 0.30070860312500003 0.20634606562500002 0.2917769203125 0.22142584375 0.28643355625 0.23528298281249999 0.2892419375 0.2491402484375 0.2989148265625 0.24954796406250002
1 0.2985252421875 0.2996784953125 0.291231653125 0.30864481875 0.28838454375 0.3253549546875 0.29684841875 0.3363593484375 0.312488928125 0.3449184640625 0.308159403125 0.3306536109375 0.307964228125 0.3131282984375 0.3128785140625 0.294787934375 0.2985252421875 0.2996784953125
