1 0.5582682609375 0.47196568125000005 0.5664147859375 0.45814962656249997 0.577327065625 0.44282112500000004 0.5839787000000001 0.4306735625 0.58427600625 0.4177457875 0.579265825 0.4060183734375 0.5661824 0.3970037703125 0.5560154749999999 0.39575542812500003 0.5374005375 0.389765721875 0.522598196875 0.384244140625 0.5087694171875 0.39180638125 0.49464333125 0.41229639687499997 0.48776767187500003 0.42626849375000003 0.477006134375 0.4508757046875 0.46736471875 0.46636025 0.4584728390625 0.496753146875 0.4705094234375 0.503787171875 0.48277003125 0.5089966671874999 0.5058696390625 0.5099809015625001 0.5135681140624999 0.4998139140625 0.5306107 0.4870901609375 0.5484761015624999 0.47817151406249997 0.5582682609375 0.47196568125000005
0 0.56181699375 0.737243146875 0.558379165625 0.7442291953125 0.5572590421875 0.7533518625 0.5561389203125 0.7624745296875 0.557560528125 0.7719092812499999 0.5583100640625 0.786817634375 0.565263184375 0.793227490625 0.575654134375 0.7926512984375 0.5885868171874999 0.792387190625 0.594790403125 0.7838886953124999 0.5983015125 0.7657994046875001 0.60674534375 0.739055575 0.6154132 0.7104872109375 0.63155550625 0.6735763953125 0.6418689953125 0.6526182515625 0.644259984375 0.6436516265625001 0.6245249234375 0.6467845875 0.5996331203125 0.66039661875 0.577132303125 0.665042025 0.5715275109375 0.679170165625 0.5727250953125 0.6904294515625 0.568765934375 0.712167809375 0.566374946875 0.7211344328125 0.5654788484375 0.728432565625 0.56181699375 0.737243146875
0 0.5574914265625 0.8144977203125 0.550241 0.8210156390625001 0.5493449015625 0.828313771875 0.5592878031249999 0.8313866484375 0.5574914265625 0.8144977203125
0 0.43353283437499995 0.7103795921875 0.4008650921875 0.713776659375 0.4275532734375 0.71705355625 0.43353283437499995 0.7103795921875
0 0.5708994578125 0.45314415468749997 0.593921603125 0.43374643749999997 0.58480151875 0.434478671875 0.5777751140625 0.439172059375 0.5708994578125 0.45314415468749997
0 0.7649838703125 0.5955052921874999 0.758332234375 0.6076528546875 0.7653586375 0.6029594671875 0.7713381984375001 0.59628550625 0.7649838703125 0.5955052921874999
0 0.822987284375 0.54336193125 0.825753040625 0.5418494843749999 0.8304617359375 0.535019478125 0.8279200046874999 0.53470739375 0.8236593578125 0.53788833125 0.8211176281249999 0.5375762468749999 0.8202215296875 0.54487438125 0.822987284375 0.54336193125
0 0.814543453125 0.5701057625 0.819028125 0.5651002890625 0.81925215 0.5632757578125 0.8167104171874999 0.562963671875 0.814543453125 0.5701057625
0 0.8696303703125 0.510196140625 0.8783756875 0.5020097296875 0.8788237359375 0.4983606640625 0.8747871140625 0.4997170671875 0.8696303703125 0.510196140625
0 0.8454881000000001 0.538716525 0.847207015625 0.5352235015625 0.8474310390625 0.5333989671875 0.846160175 0.5332429249999999 0.844665284375 0.534911415625 0.8431703921875 0.5365799046874999 0.841227453125 0.5418974624999999 0.8454881000000001 0.538716525
0 0.8356959421875001 0.544922359375 0.8329301859375 0.5464348078125 0.8250076859375 0.558426328125 0.836742784375 0.5469029359375 0.8384616984375001 0.5434099125 0.8356959421875001 0.544922359375
1 0.7031260546875 0.332328571875 0.7150893578125 0.35046584062499997 0.7444658328125 0.3318483375 0.746706078125 0.313603003125 0.7436388359375 0.29655803281250004 0.7394514703125 0.288635728125 0.7235290078125 0.29223681562500003 0.70858010625 0.308921721875 0.7031260546875 0.332328571875
1 0.750070625 0.31772019687499997 0.76703575 0.284614490625 0.771516240625 0.2481238234375 0.766432778125 0.247499653125 0.7570153859375 0.2611596640625 0.747373971875 0.2766442078125 0.743712115625 0.2854547890625 0.750070625 0.31772019687499997
0 0.7502171890625 0.29551371249999997 0.76404596875 0.287951471875 0.768379896875 0.27366729218749997 0.771292215625 0.2499483578125 0.7828723890625 0.1976610609375 0.7760700109374999 0.2005299140625 0.768819584375 0.2070478328125 0.7611985703124999 0.237596771875 0.7557445203125 0.2610036203125 0.757166128125 0.2704383734375 0.7515613359375 0.2845665125 0.7502171890625 0.29551371249999997
