0 0.259689921875 0.417475728125 0.26485788125 0.4142394828125 0.26873385 0.4093851125 0.2674418609375 0.40453074375 0.259689921875 0.4061488671875 0.2545219640625 0.41100323593750004 0.2532299734375 0.41909385156249995 0.25710594375 0.422330096875 0.259689921875 0.417475728125
0 0.2364341078125 0.4757281546875 0.24418604687499998 0.4838187703125 0.24935400468750002 0.4838187703125 0.2545219640625 0.480582525 0.259689921875 0.477346278125 0.26356589218750004 0.4757281546875 0.26485788125 0.47087378593749996 0.2609819125 0.467637540625 0.25710594375 0.4660194171875 0.2545219640625 0.46440129375000005 0.259689921875 0.459546925 0.2661498703125 0.457928803125 0.27131782968749996 0.45307443437500006 0.26873385 0.4498381875 0.2622739015625 0.4482200640625 0.2583979328125 0.4466019421875 0.251937984375 0.4466019421875 0.24935400468750002 0.44498381875000004 0.24935400468750002 0.44174757343750004 0.24935400468750002 0.4336569578125 0.2454780359375 0.432038834375 0.23772609843749998 0.436893203125 0.23772609843749998 0.4563106796875 0.23772609843749998 0.46278317187500007 0.2364341078125 0.4757281546875
0 0.4108527125 0.4466019421875 0.41472868281249997 0.4336569578125 0.4056847546875 0.4336569578125 0.40051679531250006 0.43527508125000003 0.394056846875 0.43851132656249997 0.386304909375 0.44498381875000004 0.3927648578125 0.45145631093749994 0.40051679531250006 0.45145631093749994 0.4108527125 0.4466019421875
0 0.4470284234375 0.427184465625 0.4431524546875 0.4239482203125 0.43669250625 0.427184465625 0.43669250625 0.43527508125000003 0.44444444375 0.436893203125 0.4470284234375 0.427184465625
0 0.44444444375 0.45145631093749994 0.44186046562500003 0.4466019421875 0.43798449687499996 0.4482200640625 0.43540051718750006 0.45469255625000005 0.4392764859375 0.4563106796875 0.44444444375 0.45145631093749994
0 0.43540051718750006 0.48220064687499997 0.4341085265625 0.477346278125 0.427648578125 0.4789644015625 0.427648578125 0.4886731390625 0.4315245484375 0.48705501562500003 0.43540051718750006 0.48220064687499997
0 0.41989664062500004 0.4789644015625 0.41989664062500004 0.47249190937499996 0.41472868281249997 0.46925566406249997 0.4108527125 0.47249190937499996 0.41214470312499996 0.480582525 0.4173126609375 0.48220064687499997 0.41989664062500004 0.4789644015625
0 0.352713178125 0.4482200640625 0.360465115625 0.44174757343750004 0.3682170546875 0.436893203125 0.3759689921875 0.432038834375 0.3850129203125 0.427184465625 0.3850129203125 0.41909385156249995 0.3733850125 0.42071197343750005 0.36692506406250003 0.4239482203125 0.360465115625 0.43042071249999997 0.352713178125 0.436893203125 0.3462532296875 0.436893203125 0.34108527187500004 0.4466019421875 0.33979328125 0.45145631093749994 0.3475452203125 0.45145631093749994 0.352713178125 0.4482200640625
0 0.360465115625 0.4563106796875 0.3643410859375 0.45307443437500006 0.36304909531249996 0.4482200640625 0.35529715781250004 0.4498381875 0.34883720937499996 0.45307443437500006 0.352713178125 0.459546925 0.356589146875 0.457928803125 0.360465115625 0.4563106796875
0 0.365633075 0.46278317187500007 0.365633075 0.4563106796875 0.36175710625 0.45469255625000005 0.356589146875 0.459546925 0.352713178125 0.46116504843749995 0.35529715781250004 0.4660194171875 0.360465115625 0.46440129375000005 0.365633075 0.46278317187500007
0 0.34108527187500004 0.4935275078125 0.3475452203125 0.4902912625 0.3514211890625 0.48543689375000004 0.3578811375 0.4838187703125 0.36304909531249996 0.480582525 0.3708010328125 0.477346278125 0.36950904375000004 0.46925566406249997 0.3643410859375 0.46925566406249997 0.356589146875 0.47249190937499996 0.3514211890625 0.477346278125 0.34366925 0.48220064687499997 0.3346253234375 0.48705501562500003 0.3294573640625 0.4902912625 0.3333333328125 0.49514563125000005 0.3359173125 0.4967637546875 0.34108527187500004 0.4935275078125
0 0.25710594375 0.48220064687499997 0.2532299734375 0.48705501562500003 0.2609819125 0.4902912625 0.2622739015625 0.4838187703125 0.25710594375 0.48220064687499997
0 0.2803617578125 0.47087378593749996 0.27390180937499997 0.47087378593749996 0.2700258390625 0.4757281546875 0.2751937984375 0.4789644015625 0.2803617578125 0.477346278125 0.2803617578125 0.47087378593749996
0 0.3010335921875 0.4935275078125 0.3049095609375 0.48705501562500003 0.3010335921875 0.4789644015625 0.293281653125 0.48220064687499997 0.2842377265625 0.4886731390625 0.290697675 0.4967637546875 0.2971576234375 0.4967637546875 0.3010335921875 0.4935275078125
0 0.1795865640625 0.6262135921875001 0.18863049062499998 0.6213592234374999 0.1821705421875 0.6084142390625 0.1692506453125 0.6035598703125 0.155038759375 0.6067961171875 0.1485788109375 0.6197410999999999 0.1576227390625 0.6343042078125001 0.17054263593750002 0.632686084375 0.1795865640625 0.6262135921875001
0 0.21576227343749999 0.62459546875 0.22868217031250002 0.6197410999999999 0.23514211875000002 0.6132686078125 0.218346253125 0.6100323624999999 0.2002583984375 0.6100323624999999 0.2041343671875 0.6229773468750001 0.20930232499999998 0.62459546875 0.21576227343749999 0.62459546875
0 0.3010335921875 0.6294498374999999 0.3139534890625 0.6294498374999999 0.32428940625 0.632686084375 0.3255813953125 0.62459546875 0.3255813953125 0.6132686078125 0.3165374671875 0.6067961171875 0.30361757031250003 0.60517799375 0.29198966406250004 0.6067961171875 0.281653746875 0.6181229781249999 0.2829457359375 0.6294498374999999 0.29198966406250004 0.6310679609375 0.3010335921875 0.6294498374999999
0 0.3850129203125 0.6294498374999999 0.390180878125 0.632686084375 0.40051679531250006 0.632686084375 0.4134366921875 0.6310679609375 0.42506459999999996 0.6262135921875001 0.4302325578125 0.6213592234374999 0.43798449687499996 0.61488673125 0.43540051718750006 0.6035598703125 0.4263565890625 0.6003236249999999 0.4173126609375 0.6003236249999999 0.40956072343749994 0.601941746875 0.4018087859375 0.601941746875 0.3927648578125 0.601941746875 0.3850129203125 0.6035598703125 0.374677003125 0.6067961171875 0.37726098124999996 0.6165048546875 0.382428940625 0.62459546875 0.3850129203125 0.6294498374999999
0 0.4651162796875 0.60517799375 0.4599483203125 0.6035598703125 0.45348837187499996 0.6035598703125 0.449612403125 0.6067961171875 0.45478036250000003 0.61488673125 0.4651162796875 0.6116504859375 0.4651162796875 0.60517799375
0 0.4677002578125 0.6262135921875001 0.46640826874999997 0.6165048546875 0.4560723515625 0.6165048546875 0.4521963828125 0.62459546875 0.4599483203125 0.6310679609375 0.4677002578125 0.6262135921875001
0 0.5490956078125 0.6504854375 0.5439276484375 0.6488673140625 0.5374677 0.6488673140625 0.5297157625 0.6504854375 0.524547803125 0.65533980625 0.53359173125 0.6634304203125 0.5452196375 0.6634304203125 0.5490956078125 0.6504854375
0 0.60852713125 0.652103559375 0.6188630484375001 0.6504854375 0.6188630484375001 0.6407766984375 0.609819121875 0.6407766984375 0.6033591734375 0.642394821875 0.595607234375 0.642394821875 0.587855296875 0.6440129453125001 0.5904392765625001 0.65533980625 0.60077519375 0.656957928125 0.60852713125 0.652103559375
0 0.1640826875 0.67961165 0.16795865625 0.6860841421874999 0.171834625 0.6860841421874999 0.17571059375 0.67961165 0.173126615625 0.6763754046875 0.17054263593750002 0.6699029125 0.1692506453125 0.66504854375 0.17054263593750002 0.6618122984375 0.177002584375 0.660194175 0.1834625328125 0.6585760515625 0.18992248125 0.6585760515625 0.1989664078125 0.656957928125 0.210594315625 0.656957928125 0.218346253125 0.656957928125 0.2196382421875 0.6504854375 0.20801033593749998 0.647249190625 0.1950904390625 0.6456310671875001 0.18475452187500002 0.6440129453125001 0.17441860468749998 0.6440129453125001 0.17054263593750002 0.647249190625 0.1692506453125 0.652103559375 0.16020671875 0.6537216828125 0.15633075000000002 0.6537216828125 0.15633075000000002 0.6618122984375 0.16020671875 0.6699029125 0.1640826875 0.67961165
0 0.2454780359375 0.6618122984375 0.2545219640625 0.6634304203125 0.26485788125 0.6634304203125 0.2674418609375 0.65533980625 0.2661498703125 0.6504854375 0.2609819125 0.6488673140625 0.24935400468750002 0.6488673140625 0.24160206718750002 0.6488673140625 0.22997416093749998 0.6504854375 0.2248062015625 0.652103559375 0.22351421249999998 0.6585760515625 0.2196382421875 0.6634304203125 0.22739018125000002 0.6634304203125 0.23514211875000002 0.6634304203125 0.2454780359375 0.6618122984375
0 0.290697675 0.6585760515625 0.3010335921875 0.656957928125 0.3049095609375 0.660194175 0.3087855296875 0.6634304203125 0.315245478125 0.6634304203125 0.3178294578125 0.6585760515625 0.322997415625 0.660194175 0.3204134359375 0.6634304203125 0.32428940625 0.6666666671875 0.328165375 0.6634304203125 0.3333333328125 0.6634304203125 0.33979328125 0.6634304203125 0.3540051671875 0.6634304203125 0.3682170546875 0.6666666671875 0.386304909375 0.6666666671875 0.41214470312499996 0.6666666671875 0.43540051718750006 0.66504854375 0.4651162796875 0.66504854375 0.471576228125 0.656957928125 0.46124030937500005 0.65533980625 0.45090439218749995 0.6537216828125 0.44186046562500003 0.65533980625 0.4302325578125 0.65533980625 0.4186046515625 0.656957928125 0.408268734375 0.6537216828125 0.39922480625 0.6537216828125 0.3927648578125 0.65533980625 0.3850129203125 0.65533980625 0.378552971875 0.656957928125 0.3708010328125 0.65533980625 0.3643410859375 0.652103559375 0.3578811375 0.6504854375 0.352713178125 0.652103559375 0.344961240625 0.6504854375 0.3385012921875 0.6504854375 0.33204134375 0.652103559375 0.3294573640625 0.65533980625 0.328165375 0.652103559375 0.3255813953125 0.6504854375 0.322997415625 0.6488673140625 0.3178294578125 0.647249190625 0.3126614984375 0.647249190625 0.3049095609375 0.647249190625 0.2971576234375 0.647249190625 0.289405684375 0.6488673140625 0.2842377265625 0.652103559375 0.27777777812500004 0.6537216828125 0.27777777812500004 0.660194175 0.2842377265625 0.6634304203125 0.290697675 0.6585760515625
0 0.3501291984375 0.67961165 0.3540051671875 0.6763754046875 0.3540051671875 0.6731391578125 0.3475452203125 0.6731391578125 0.33979328125 0.6731391578125 0.33979328125 0.677993528125 0.34366925 0.67961165 0.3501291984375 0.67961165
0 0.5426356593749999 0.711974109375 0.5478036171875 0.7087378640625001 0.5490956078125 0.7038834953124999 0.54134366875 0.702265371875 0.5348837203125 0.7038834953124999 0.5297157625 0.70550161875 0.5322997421875 0.7103559875000001 0.5374677 0.711974109375 0.5426356593749999 0.711974109375
0 0.5775193796875 0.7411003234375 0.5852713171875 0.7394822 0.59302325625 0.7394822 0.5981912140625 0.7394822 0.6020671828124999 0.73462783125 0.6020671828124999 0.7281553390625 0.596899225 0.7297734625000001 0.595607234375 0.7265372171875 0.5943152453125 0.7216828484375 0.5891472875 0.7233009703125 0.5891472875 0.7281553390625 0.5852713171875 0.7313915859375 0.576227390625 0.7313915859375 0.5671834625 0.733009709375 0.56330749375 0.733009709375 0.56330749375 0.737864078125 0.5671834625 0.7411003234375 0.5736434109374999 0.7411003234375 0.5775193796875 0.7411003234375
0 0.4677002578125 0.7394822 0.478036175 0.7394822 0.4974160203125 0.7411003234375 0.5077519374999999 0.7411003234375 0.516795865625 0.7394822 0.521963825 0.737864078125 0.5232558140625 0.733009709375 0.5180878546875001 0.7297734625000001 0.512919896875 0.7281553390625 0.505167959375 0.7281553390625 0.5025839796875 0.7313915859375 0.5012919890624999 0.73462783125 0.4935400515625 0.73462783125 0.4896640828125 0.7297734625000001 0.4844961234375 0.72491909375 0.478036175 0.7233009703125 0.47286821718749994 0.7233009703125 0.46640826874999997 0.7233009703125 0.4599483203125 0.72491909375 0.45736434062500003 0.7297734625000001 0.45736434062500003 0.73462783125 0.4560723515625 0.7362459546875 0.4560723515625 0.7411003234375 0.4625323 0.7411003234375 0.4677002578125 0.7394822
0 0.427648578125 0.72491909375 0.41989664062500004 0.7265372171875 0.4108527125 0.7281553390625 0.40051679531250006 0.7281553390625 0.394056846875 0.7281553390625 0.3875969 0.7265372171875 0.3850129203125 0.7265372171875 0.3798449609375 0.7265372171875 0.378552971875 0.7233009703125 0.3759689921875 0.7200647250000001 0.3682170546875 0.7200647250000001 0.36304909531249996 0.7184466015625001 0.360465115625 0.7216828484375 0.3578811375 0.72491909375 0.352713178125 0.72491909375 0.34366925 0.72491909375 0.3346253234375 0.72491909375 0.3294573640625 0.7216828484375 0.32428940625 0.7200647250000001 0.322997415625 0.7168284796875 0.3178294578125 0.7135922328125 0.3126614984375 0.711974109375 0.30620155 0.7103559875000001 0.3010335921875 0.711974109375 0.293281653125 0.711974109375 0.289405684375 0.711974109375 0.28552971562499996 0.711974109375 0.2790697671875 0.711974109375 0.2751937984375 0.711974109375 0.2700258390625 0.711974109375 0.26873385 0.7135922328125 0.2674418609375 0.7168284796875 0.2622739015625 0.7184466015625001 0.2609819125 0.72491909375 0.2583979328125 0.7265372171875 0.2545219640625 0.7281553390625 0.24935400468750002 0.7313915859375 0.2454780359375 0.7362459546875 0.24160206718750002 0.7394822 0.24160206718750002 0.742718446875 0.2454780359375 0.747572815625 0.259689921875 0.7508090609375 0.26485788125 0.7540453078125 0.26873385 0.757281553125 0.27260981875 0.7637540453125 0.28552971562499996 0.766990290625 0.29457364375 0.76537216875 0.2971576234375 0.7588996765625 0.307493540625 0.7556634296875 0.315245478125 0.7540453078125 0.3204134359375 0.752427184375 0.328165375 0.752427184375 0.3423772609375 0.7540453078125 0.3514211890625 0.7491909390625 0.3591731265625 0.747572815625 0.36950904375000004 0.747572815625 0.382428940625 0.7459546921875 0.3837209296875 0.7411003234375 0.3888888890625 0.7394822 0.3979328171875 0.7394822 0.40439276562500004 0.7459546921875 0.4134366921875 0.747572815625 0.42118863125 0.7491909390625 0.43281653750000004 0.7459546921875 0.4392764859375 0.7459546921875 0.445736434375 0.7443365703125 0.45090439218749995 0.7443365703125 0.4470284234375 0.7394822 0.44186046562500003 0.7362459546875 0.44186046562500003 0.733009709375 0.44186046562500003 0.7297734625000001 0.43798449687499996 0.7265372171875 0.427648578125 0.72491909375
0 0.1795865640625 0.7233009703125 0.18475452187500002 0.7281553390625 0.18992248125 0.72491909375 0.18475452187500002 0.7200647250000001 0.1782945734375 0.7168284796875 0.173126615625 0.7103559875000001 0.171834625 0.71521035625 0.173126615625 0.7184466015625001 0.1795865640625 0.7233009703125
0 0.21447028437500001 0.733009709375 0.2196382421875 0.733009709375 0.22868217031250002 0.7362459546875 0.22997416093749998 0.7297734625000001 0.22997416093749998 0.7200647250000001 0.22351421249999998 0.711974109375 0.21447028437500001 0.711974109375 0.20801033593749998 0.7168284796875 0.210594315625 0.7233009703125 0.2118863046875 0.7281553390625 0.21447028437500001 0.733009709375
0 0.3294573640625 0.5938511328125 0.3333333328125 0.592233009375 0.3346253234375 0.5906148875 0.328165375 0.587378640625 0.319121446875 0.5889967640625 0.3165374671875 0.592233009375 0.3204134359375 0.5938511328125 0.3255813953125 0.5938511328125 0.3294573640625 0.5938511328125
0 0.1459948328125 0.632686084375 0.1421188625 0.642394821875 0.147286821875 0.652103559375 0.1614987078125 0.6585760515625 0.16795865625 0.6440129453125001 0.1537467703125 0.6359223296875001 0.1459948328125 0.632686084375
