1 0.5070422531250001 0.5091911765625 0.5134443015625 0.4981617640625 0.52880921875 0.4834558828125 0.5454545453125 0.47242647031249996 0.5544174140625 0.46507352968750004 0.5608194625 0.450367646875 0.5697823296875 0.43382352968750004 0.5749039687499999 0.4209558828125 0.573623559375 0.4080882359375 0.5672215109375001 0.3970588234375 0.553137003125 0.3897058828125 0.5428937265625 0.3897058828125 0.5236875796875 0.3860294125 0.5083226625 0.382352940625 0.495518565625 0.3915441171875 0.483994878125 0.41360294062499997 0.4788732390625 0.4283088234375 0.47119078124999997 0.4540441171875 0.46350832343750004 0.4705882359375 0.458386684375 0.5018382359375 0.47119078124999997 0.5073529406249999 0.483994878125 0.5110294125 0.5070422531250001 0.5091911765625
0 0.595390525 0.6801470593750001 0.594110115625 0.7022058828125 0.5928297062500001 0.7113970593750001 0.5928297062500001 0.71875 0.5902688859375 0.7279411765625 0.5877080671875 0.7352941171875 0.5877080671875 0.74448529375 0.5877080671875 0.7536764703125 0.5902688859375 0.762867646875 0.5928297062500001 0.7775735296875 0.6005121640625 0.7830882359375 0.6107554421875 0.78125 0.6235595390625 0.7794117640625 0.628681178125 0.7702205875 0.6299615875 0.7518382359375 0.6350832265624999 0.72426470625 0.640204865625 0.6948529406249999 0.651728553125 0.65625 0.6594110109375 0.6341911765625 0.660691421875 0.625 0.641485275 0.63051470625 0.6184379 0.6470588234375 0.596670934375 0.6544117640625 0.5928297062500001 0.669117646875 0.595390525 0.6801470593750001
0 0.595390525 0.8051470593750001 0.5889884765625 0.8125 0.5889884765625 0.8198529406249999 0.5992317546875 0.8216911765624999 0.595390525 0.8051470593750001
0 0.45454545468749996 0.72426470625 0.45966709375 0.7169117640625 0.42765685 0.72426470625 0.45454545468749996 0.72426470625
0 0.5646606921874999 0.44485294062499997 0.585147246875 0.4227941171875 0.5761843796874999 0.424632353125 0.5697823296875 0.43014705937500003 0.5646606921874999 0.44485294062499997
0 0.7746478875 0.5625 0.7695262484375001 0.575367646875 0.775928296875 0.5698529406249999 0.7810499359375 0.5625 0.7746478875 0.5625
0 0.8297055062500001 0.49448529375000005 0.8258642765624999 0.4981617640625 0.8233034578125 0.4981617640625 0.8233034578125 0.50551470625 0.8258642765624999 0.5036764703125 0.8284250953125 0.5018382359375 0.832266325 0.49448529375000005 0.8297055062500001 0.49448529375000005
0 0.8207426375000001 0.53125 0.8245838671874999 0.52573529375 0.8245838671874999 0.5238970593750001 0.8220230468749999 0.5238970593750001 0.8207426375000001 0.53125
0 0.8681177984374999 0.46507352968750004 0.87580025625 0.455882353125 0.87580025625 0.4522058828125 0.8719590265624999 0.4540441171875 0.8681177984374999 0.46507352968750004
0 0.8476312421875001 0.4908088234375 0.8463508328125 0.49264705937500003 0.8450704218749999 0.49448529375000005 0.8437900125000001 0.5 0.8476312421875001 0.49632352968750004 0.8489116515624999 0.49264705937500003 0.8489116515624999 0.4908088234375 0.8476312421875001 0.4908088234375
0 0.8361075546875 0.50551470625 0.8297055062500001 0.518382353125 0.839948784375 0.50551470625 0.8412291937499999 0.5018382359375 0.8386683734375 0.5036764703125 0.8361075546875 0.50551470625
1 0.71702945 0.268382353125 0.7119078109375 0.2610294125 0.69654289375 0.2665441171875 0.6837387968749999 0.28492647031249996 0.6811779765625 0.30882352968750004 0.6952624843749999 0.325367646875 0.7221510890625 0.3033088234375 0.7221510890625 0.28492647031249996 0.71702945 0.268382353125
1 0.7336747765625 0.2169117640625 0.7259923171875 0.23161764687500003 0.7183098593749999 0.2481617640625 0.7157490390625 0.257352940625 0.7259923171875 0.288602940625 0.738796415625 0.25367647031249996 0.738796415625 0.2169117640625 0.7336747765625 0.2169117640625
0 0.7272727265625 0.20772058750000003 0.7247119078125001 0.23161764687500003 0.7272727265625 0.2408088234375 0.7234314984375 0.25551470625 0.7234314984375 0.2665441171875 0.7362355953125 0.257352940625 0.738796415625 0.242647059375 0.738796415625 0.21875 0.743918053125 0.1654411765625 0.7375160046875 0.169117646875 0.73111395625 0.1764705875 0.7272727265625 0.20772058750000003
