0 0.5549019609375 0.7014136421875 0.5607872703125001 0.6795684718749999 0.5495691609375 0.6831092765625 0.5396915484375 0.6916441671875 0.5235200421874999 0.698616425 0.52116008125 0.7070200953125 0.53622456875 0.7084296390625 0.5549019609375 0.7014136421875
0 0.46203833281250006 0.6946721046875 0.481968665625 0.6876342375 0.505541084375 0.673842815625 0.531736128125 0.666695596875 0.5491897609375 0.66137345625 0.565332084375 0.6527292124999999 0.56640991875 0.6426754265625 0.5440028859375 0.6514290203125 0.5203429109375 0.660204484375 0.493011665625 0.6740615171875 0.47063381875 0.6844870984375 0.4544914953125 0.693131340625 0.46203833281250006 0.6946721046875
0 0.5523648953125 0.6278681234375 0.5748594812500001 0.6241304890625 0.575878946875 0.6107327296875 0.56460246875 0.6109295609375 0.5509368453125 0.6178580765625 0.5372420375 0.6231146062499999 0.522381840625 0.6334089656249999 0.5286757359375 0.6349716015625 0.5523648953125 0.6278681234375
0 0.7076069703125001 0.40271645781250004 0.7140467875 0.412639021875 0.723953584375 0.40577611718749995 0.7287902453124999 0.39565671875 0.7323739625 0.3855591921875 0.7484579171875 0.373570978125 0.7633472984375 0.3649486046875 0.786948903125 0.3528291671875 0.7968265156250001 0.3442942765625 0.799098921875 0.330874646875 0.78042153125 0.33789064375 0.7642792093749999 0.3465348875 0.7506427703125 0.35513538906250003 0.7382592734375 0.363714021875 0.7233698921875 0.37233639531249996 0.7135214640624999 0.38254327187500003 0.707344309375 0.3876685828125 0.7076069703125001 0.40271645781250004
0 0.7978771625000001 0.4044857765625 0.8128249109375 0.3992073765625 0.8164378140625 0.39078183437499997 0.8064434625000001 0.39262878125 0.78651313125 0.39966665 0.7741004499999999 0.40657329531249997 0.7552771359375 0.40522936249999997 0.7378235 0.41055150312500005 0.7042859140625 0.427861859375 0.7108132859375 0.4428003828125 0.738056978125 0.42392739218750003 0.7467400171875 0.41875834218749997 0.7542284859375 0.4169551359375 0.7804818984375 0.4131518890625 0.7978771625000001 0.4044857765625
0 0.7632949203125 0.5773564515625 0.789081378125 0.546801428125 0.8038540187500001 0.5314911109375 0.8222103796875 0.506083265625 0.8357884484375001 0.494138790625 0.8393137968750001 0.48069729062500005 0.8219477171875 0.491035390625 0.8109630859375001 0.5079520828125 0.7974433859375 0.52324053125 0.7827582984375 0.54356680625 0.764314384375 0.5639586921874999 0.74587046875 0.584350578125 0.747269334375 0.5926886390624999 0.7632949203125 0.5773564515625
0 0.791322603125 0.4597925390625 0.7813574359375 0.4633114734375 0.76906149375 0.47690606406249997 0.7592714359375 0.4904569140625 0.77165493125 0.48187828125000004 0.7901864 0.466502353125 0.791322603125 0.4597925390625
0 0.7187103375 0.46440498124999996 0.7103191437499999 0.4862938921875 0.7042003578125 0.49476317343750004 0.6969161828125 0.508270284375 0.6856688890625 0.5101391015625001 0.678063684375 0.505254365625 0.6717989734375001 0.5053637156249999 0.6593279234375 0.5089263890625 0.6495670484375 0.5241492265625001 0.66093108125 0.528968353125 0.6736064234375 0.53710958125 0.6838342515625 0.5486385234375 0.694149634375 0.5651834234375 0.7016964703124999 0.5667241875 0.7051634499999999 0.549938715625 0.7112238671875 0.5381254625 0.7186247796874999 0.5313062953125 0.72719108125 0.519449303125 0.7257338468750001 0.5077672703125 0.7193523984375 0.5011886750000001 0.7267533125 0.4943695109375 0.7379130515625001 0.487484734375 0.7528024328125 0.47886236249999997 0.7663513171874999 0.4652459015625 0.7862232812500001 0.4548640609375 0.8022196796875001 0.4378598875 0.787242746875 0.4414663015625 0.7699350359375 0.45514837343750003 0.7685069859375 0.445138328125 0.761047703125 0.4486135203125 0.7474112640625 0.45721402187500004 0.7336872718749999 0.4607985671875 0.7187103375 0.46440498124999996
0 0.659182 0.5005664578125 0.6727600703125 0.4886219828125 0.6787037484375 0.47012078593749995 0.6722639312500001 0.46019821875 0.6632890453125 0.44864740937500003 0.6494774984375 0.4472159953125 0.635841059375 0.455816496875 0.6509639171875 0.4605700125 0.6622987640625 0.46371715468749997 0.6674272703125 0.4703176171875 0.6651840484375 0.4854092328125 0.656471825 0.4889062953125 0.6491584640625 0.5007414203125 0.659182 0.5005664578125
0 0.5727893703125 0.577336746875 0.5729061093750001 0.5840246921875 0.5767233046875 0.5873030531250001 0.5804821296875 0.5872374421875 0.5815891484375 0.578855640625 0.589019246875 0.5737084625 0.5914083921875 0.566976778125 0.583949109375 0.5704519703125001 0.5777427687500001 0.57390529375 0.5727893703125 0.577336746875
1 0.649070909375 0.4957254625 0.640300315625 0.495878553125 0.6290822078125 0.4994193578125 0.6204283515625 0.50626039375 0.6167862656249999 0.5130139484375 0.6119496046874999 0.5231333453125 0.6108425859375 0.5315151453125 0.6122122671875 0.5381812203125 0.6184477921875 0.536399884375 0.6259070734375001 0.5329246890625 0.6371251828125 0.5293838859375 0.6444385421875001 0.5175487609375 0.651751903125 0.5057136390625 0.649070909375 0.4957254625
1 0.688437434375 0.5251432359375 0.689544453125 0.516761434375 0.6893693453124999 0.50672951875 0.6867467234375 0.5000853140625 0.679229071875 0.5002165359374999 0.675528615625 0.50362611875 0.671886528125 0.5103796734375 0.6643396921875 0.508838909375 0.6581333515625001 0.51229223125 0.6532966906250001 0.5224116296875 0.6659428484375 0.528880871875 0.6748593656249999 0.5370877109375 0.682522940625 0.5453164203124999 0.687593078125 0.5485729125 0.6874179703125 0.5385409953125 0.68730123125 0.5318530499999999 0.688437434375 0.5251432359375
1 0.577771953125 0.5755772796875 0.5804821296875 0.5872374421875 0.5844160640625 0.5972037484375 0.5928656265625001 0.578658809375 0.6026848703125001 0.566779946875 0.6137278703125 0.553207225 0.6211287828125001 0.546388059375 0.6297826390625 0.5395470234374999 0.6222358015625 0.538006259375 0.61349439375 0.5398313359375 0.6072588671875 0.5416126734375 0.5986633828125 0.55179768125 0.591174915625 0.5536008890625 0.58502694375 0.5603981828125 0.5776260296875 0.5672173500000001 0.577771953125 0.5755772796875
1 0.6334830953125 0.5361374421875 0.6458665921875 0.527558809375 0.66093108125 0.528968353125 0.6736064234375 0.53710958125 0.6863693203125 0.55026676875 0.697966828125 0.568461784375 0.7006478203125 0.5784499609375 0.7103503250000001 0.5598831515625 0.705978621875 0.5248370546875 0.690213703125 0.48329984374999996 0.668563475 0.46360780312500005 0.66095826875 0.458723065625 0.649623421875 0.45557592500000005 0.64210576875 0.4557071453125 0.6346173015625001 0.457510353125 0.6196987359375 0.464460740625 0.6072276859375 0.46802341406250003 0.5910853640625 0.4766676578125 0.57998399375 0.4868964046875 0.570135565625 0.49710328437499995 0.5628513921875 0.5106103937500001 0.553178071875 0.5308491875 0.5483705953125 0.542640571875 0.5386097203125 0.5578634078125 0.5336271375 0.559622875 0.5300434187499999 0.569720403125 0.5264305171875 0.57814594375 0.515329146875 0.5883746921874999 0.5004981359375 0.6003410375 0.4907372609375 0.6155638734375 0.48222932968750004 0.630764840625 0.48747457499999997 0.6440532484375 0.502626615625 0.65047875 0.517895396875 0.663592196875 0.5305123703125 0.668389453125 0.54688816875 0.6731211 0.559475959375 0.6762463703125 0.5664974734375 0.6476913843750001 0.573635725 0.6258243453125 0.58319230625 0.5988976046875 0.5940893843749999 0.576964953125 0.6063561421875 0.5616983765625 0.6211287828125001 0.546388059375 0.6334830953125 0.5361374421875
0 0.7537031625 0.3868593859375 0.7673396015625 0.37825888281250003 0.778528525 0.37304609375000003 0.7871823796874999 0.36620505625 0.782141428125 0.3646205515625 0.7685049890625 0.3732210546875 0.7585398234375 0.37673998750000004 0.7510805406250001 0.38021518125 0.7423683140625 0.38371224375 0.7336269046874999 0.385537321875 0.7251481578125001 0.402410275 0.7400959078125 0.3971318734375 0.7576079109375 0.3951537046875 0.776285303125 0.3881377078125 0.792427625 0.379493465625 0.8023344218749999 0.372630559375 0.7848807890625 0.3779527 0.7636975140625 0.3850124375 0.7537031625 0.3868593859375
