1 0.48383500625 0.5367793234375 0.5105908578125 0.5188866796875 0.55406911875 0.51093439375 0.5975473796874999 0.5228628234375 0.6164994421875 0.5387673953125 0.6387959859375 0.5029821078125 0.6666666671875 0.4831013921875 0.6989966562500001 0.4632206765625 0.7268673359375 0.449304175 0.7346711265625 0.4234592453125 0.7413600890625001 0.36580516875 0.732441471875 0.345924453125 0.7212932000000001 0.2922465203125 0.7134894093749999 0.2504970171875 0.6923076921875 0.260437375 0.68004459375 0.28628230625 0.6655518390624999 0.2922465203125 0.649944259375 0.30417495 0.6354515046875 0.3180914515625 0.6243032328125 0.310139165625 0.612040134375 0.324055665625 0.5986622078125 0.324055665625 0.5863991078125 0.310139165625 0.5685618734375 0.3001988078125 0.5496098109374999 0.3161033796875 0.5406911921875001 0.349900596875 0.536231884375 0.3777335984375 0.5295429203124999 0.389662028125 0.51616499375 0.42544731562500004 0.505016721875 0.4413518890625 0.4871794875 0.4632206765625 0.4704570796875 0.4771371765625 0.457079153125 0.491053678125 0.44593088124999997 0.50695825 0.43032329999999996 0.5288270374999999 0.419175028125 0.5427435390625 0.4102564109375 0.5705765406250001 0.41471571875 0.6043737578124999 0.41806020000000005 0.6401590453125 0.43701226249999997 0.596421471875 0.4581939796875 0.550695825 0.48383500625 0.5367793234375
0 0.47380156093750003 0.449304175 0.45373467187500005 0.46719681875 0.434782609375 0.5049701796875 0.45596432499999995 0.4791252484375 0.47268673281250007 0.4572564609375 0.4804905234375 0.451292246875 0.494983278125 0.4373757453125 0.50947603125 0.41948310156249996 0.51616499375 0.40556660000000005 0.51616499375 0.3956262421875 0.501672240625 0.41948310156249996 0.48940914218750003 0.4234592453125 0.482720178125 0.4373757453125 0.47380156093750003 0.449304175
0 0.4916387953125 0.51093439375 0.49052396875 0.49701789218750003 0.49052396875 0.4831013921875 0.4927536234375 0.473161034375 0.48829431406249996 0.473161034375 0.48383500625 0.487077534375 0.48606465937500004 0.49701789218750003 0.48829431406249996 0.5168986078125 0.4916387953125 0.51093439375
0 0.46376811562500003 0.45526838906249995 0.4013377921875 0.45526838906249995 0.422519509375 0.4592445328125 0.4492753625 0.46123260468750005 0.46376811562500003 0.45526838906249995
0 0.6889632109375 0.5844930421875 0.6900780375 0.5765407546875 0.6767001109375 0.5785288265624999 0.671125975 0.5864811140625 0.6767001109375 0.5864811140625 0.6889632109375 0.5844930421875
0 0.7034559640625 0.6143141156249999 0.6956521734375001 0.6143141156249999 0.6956521734375001 0.6302186875 0.7001114828125 0.632206759375 0.7034559640625 0.6143141156249999
0 0.6532887406250001 0.5029821078125 0.641025640625 0.508946321875 0.6432552953124999 0.512922465625 0.6521739125 0.508946321875 0.6532887406250001 0.5029821078125
0 0.671125975 0.46719681875 0.6767001109375 0.44731610312500003 0.6856187296875 0.43936381718749995 0.70568561875 0.4413518890625 0.72463768125 0.407554671875 0.7212932000000001 0.403578528125 0.70568561875 0.43538767343749996 0.6856187296875 0.43141153125000004 0.672240803125 0.449304175 0.671125975 0.46719681875
0 0.580824971875 0.4373757453125 0.5707915265625 0.43538767343749996 0.561872909375 0.4373757453125 0.52842809375 0.43141153125000004 0.5250836125 0.43936381718749995 0.5574136015625 0.4433399609375 0.577480490625 0.4433399609375 0.599777034375 0.429423459375 0.615384615625 0.43936381718749995 0.6309921968750001 0.4373757453125 0.649944259375 0.45526838906249995 0.6521739125 0.449304175 0.63322185 0.429423459375 0.6176142703124999 0.43141153125000004 0.603121515625 0.4214711734375 0.580824971875 0.4373757453125
0 0.5830546265625001 0.38767395625 0.57302118125 0.3936381703125 0.5752508359374999 0.3996023859375 0.584169453125 0.3956262421875 0.5830546265625001 0.38767395625
0 0.5752508359374999 0.40556660000000005 0.561872909375 0.40556660000000005 0.5641025640625 0.41351888593749997 0.574136009375 0.41153081562500005 0.5752508359374999 0.40556660000000005
1 0.41471571875 0.473161034375 0.415830546875 0.487077534375 0.425863990625 0.5049701796875 0.4325529546875 0.508946321875 0.4470457078125 0.4990059640625 0.4615384609375 0.4791252484375 0.4749163875 0.46719681875 0.4871794875 0.45328031874999997 0.5083612046875 0.433399603125 0.5228539578125 0.40556660000000005 0.517279821875 0.3956262421875 0.5039018953125 0.39761431406250003 0.4871794875 0.41351888593749997 0.47157190625 0.43538767343749996 0.4615384609375 0.44532803125 0.4403567453125 0.4413518890625 0.4247491640625 0.43936381718749995 0.4102564109375 0.45526838906249995 0.41471571875 0.473161034375
1 0.675585284375 0.53280318125 0.6778149390625 0.5347912531250001 0.678929765625 0.530815109375 0.6767001109375 0.5288270374999999 0.675585284375 0.53280318125
1 0.7090301 0.5288270374999999 0.7112597546874999 0.530815109375 0.7134894093749999 0.5288270374999999 0.71237458125 0.5248508953125001 0.7090301 0.5288270374999999
1 0.7157190640625 0.5705765406250001 0.7134894093749999 0.566600396875 0.7112597546874999 0.5705765406250001 0.7134894093749999 0.5725646125 0.7157190640625 0.5705765406250001
1 0.678929765625 0.508946321875 0.6767001109375 0.5049701796875 0.675585284375 0.508946321875 0.6767001109375 0.51093439375 0.678929765625 0.508946321875
1 0.7748049046875 0.487077534375 0.7725752515625001 0.4791252484375 0.770345596875 0.48508946249999996 0.7714604234375 0.48906560624999995 0.7748049046875 0.487077534375
1 0.7558528421874999 0.46520874687499997 0.7536231890625 0.46520874687499997 0.7536231890625 0.46918489062499996 0.7558528421874999 0.46918489062499996 0.7558528421874999 0.46520874687499997
1 0.7603121515625 0.45526838906249995 0.758082496875 0.45526838906249995 0.758082496875 0.4592445328125 0.7603121515625 0.4592445328125 0.7603121515625 0.45526838906249995
1 0.7636566328125001 0.43936381718749995 0.761426978125 0.43936381718749995 0.761426978125 0.4433399609375 0.7636566328125001 0.4433399609375 0.7636566328125001 0.43936381718749995
1 0.76923076875 0.4155069578125 0.7681159421875 0.4155069578125 0.7681159421875 0.4174950296875 0.76923076875 0.4174950296875 0.76923076875 0.4155069578125
1 0.754738015625 0.43936381718749995 0.7525083609375 0.43936381718749995 0.7525083609375 0.4433399609375 0.754738015625 0.4433399609375 0.754738015625 0.43936381718749995
1 0.7447045703125 0.4413518890625 0.7458193984375 0.4413518890625 0.7458193984375 0.43936381718749995 0.7447045703125 0.43936381718749995 0.7447045703125 0.4413518890625
1 0.739130434375 0.49701789218750003 0.735785953125 0.49701789218750003 0.735785953125 0.5009940359375 0.739130434375 0.5009940359375 0.739130434375 0.49701789218750003
