0 0.3116830734375 0.7134691234375 0.335380265625 0.708879909375 0.3330601875 0.6826290984375001 0.31584654218749997 0.6719451421875 0.308838190625 0.672189878125 0.32051075625 0.684948178125 0.32256843125 0.703684771875 0.3141584109375 0.70397845625 0.29427262656250003 0.697149503125 0.2930677578125 0.7028341140625 0.3116830734375 0.7134691234375
0 0.42557041875 0.67939856875 0.4365869765625 0.6733713265625 0.454808690625 0.6727350109375 0.45454628750000003 0.66522079375 0.44320172500000005 0.6618552656250001 0.42530801562500004 0.6718843531250001 0.42557041875 0.67939856875
0 0.26409188906250003 0.7170118890625 0.2299926015625 0.7050367468750001 0.218976040625 0.7110639890625 0.211090825 0.7263861078125 0.204672878125 0.7435378312500001 0.2088778890625 0.7433909890625 0.2384441640625 0.7461202015625 0.24639497968750002 0.7326766390625 0.26409188906250003 0.7170118890625
0 0.1344997109375 0.7836052328124999 0.11748286875 0.7785569390625 0.14597547500000002 0.7907278703125 0.1673941296875 0.8012649843749999 0.182812503125 0.8007265625000001 0.2040999578125 0.80750656875 0.21785425625000002 0.799502878125 0.2245346046875 0.78986536875 0.2147229125 0.7902080015624999 0.1964356 0.7889657640625 0.18375496875 0.7875277359374999 0.200378209375 0.7813047046875 0.1973780671875 0.7757669359375 0.1834925671875 0.7800135187499999 0.1678117921875 0.7730377234375 0.17048393125 0.7691827203125 0.18323016406249998 0.772499303125 0.18710717187499998 0.762959690625 0.1982549328125 0.76068955625 0.2332966859375 0.7594658703125 0.2331654859375 0.7557087625000001 0.19792693125 0.751296784375 0.19773012968749998 0.7456611234375 0.18645116718750002 0.744174146875 0.1853118984375 0.7517373109375 0.169762325 0.7485186234375 0.1661477203125 0.7655724546875 0.16080344062500002 0.7732824609375 0.1538606921875 0.775405753125 0.1453194703125 0.771942328125 0.14691794062500002 0.77752904375 0.1414424625 0.781481940625 0.1344997109375 0.7836052328124999
0 0.6566491937500001 0.6656865843750001 0.6426324921875 0.666176059375 0.6413620234375 0.6699821140625 0.6526409859375 0.671469090625 0.656911596875 0.6732008015625001 0.6588380703125 0.6881802875 0.6593628734375 0.703208721875 0.6627150765625001 0.678640675 0.6566491937500001 0.6656865843750001
0 0.5571962125 0.6710404046875 0.5333678187500001 0.6718725109375 0.5335646203125 0.6775081734375 0.5573274125000001 0.6747975140625 0.5571962125 0.6710404046875
0 0.5413601796874999 0.6998060875000001 0.5300812171875 0.6983191109375 0.5302124171875 0.7020762203124999 0.5414913796875 0.7035631953125 0.5413601796874999 0.6998060875000001
0 0.5013918078125 0.68051251875 0.5073920921874999 0.691588053125 0.51012983125 0.689611603125 0.50373594375 0.66726474375 0.5009326046875 0.6673626375 0.5013918078125 0.68051251875
0 0.4894983828125 0.701617140625 0.47541608125 0.7002280609375 0.477145753125 0.7095718843750001 0.48275243437500004 0.7093760953125 0.4894983828125 0.701617140625
0 0.4437024703125 0.7163822843750001 0.4366941203125 0.7166270203125 0.436890921875 0.722262684375 0.44383367187499995 0.7201393921875 0.4437024703125 0.7163822843750001
0 0.3067805140625 0.6534532828125 0.269066621875 0.6585319734375 0.27059949375 0.6622401328125 0.280411184375 0.6618975015624999 0.29602635781250003 0.6669947421875 0.3157809421875 0.6700665875 0.33133051406249997 0.6732852734375 0.3322729796875 0.6600864484375 0.3067805140625 0.6534532828125
0 0.30384597343749997 0.64979406875 0.31219039375 0.6476218312500001 0.3220020859375 0.6472792 0.321870884375 0.6435220921875 0.3078541828125 0.644011565625 0.302378703125 0.6479644640625 0.30384597343749997 0.64979406875
0 0.57620513125 0.6929467390624999 0.5693935812500001 0.6988271390625 0.570860853125 0.7006567453125 0.5792052734375 0.6984845078124999 0.57620513125 0.6929467390624999
0 0.604787396875 0.6674976390625 0.5936396375 0.6697677734374999 0.5952381078125 0.6753544875 0.6049185984375 0.6712547468750001 0.604787396875 0.6674976390625
0 0.2315495296875 0.669246321875 0.2595829328125 0.668267375 0.2649272125 0.6605573687499999 0.25224658125 0.6591193421875 0.23402486718749999 0.6597556578125 0.2315495296875 0.669246321875
1 0.6515257765625 0.6395336687500001 0.643050153125 0.6379487984375001 0.6315503312499999 0.670324746875 0.6361489453125 0.6814492296875 0.656625134375 0.7051851703125 0.6701170328125 0.6896672625 0.679010315625 0.6630248734374999 0.6515257765625 0.6395336687500001
1 0.7315281171875 0.6799993609375 0.7394789328125 0.666555796875 0.7386261265625 0.64213459375 0.7340275125 0.631010109375 0.7228141515625001 0.6314016890625 0.716855409375 0.66170329375 0.7315281171875 0.6799993609375
1 0.78061063125 0.6387876171875 0.7829547671875 0.6255398421875 0.7772824859374999 0.623857078125 0.76920046875 0.6335435328125001 0.7752663531249999 0.6464976234375001 0.78061063125 0.6387876171875
