0 0.3355327390625 0.38275004687499997 0.34069781718750003 0.3818393046875 0.3308693453125 0.376438184375 0.3231692390625 0.373039825 0.32570427031250004 0.37734892656249996 0.3355327390625 0.38275004687499997
0 0.17704207656249998 0.42020842031249994 0.17369370312500002 0.41128663593750003 0.17269034218749998 0.42573184375000006 0.178573746875 0.4389627328125 0.1835488 0.45710988124999996 0.1887138765625 0.4561991390625 0.1870871953125 0.4469737734375 0.1829254828125 0.43343930625000004 0.17704207656249998 0.42020842031249994
0 0.43293571562500005 0.4820996390625 0.434060715625 0.498547609375 0.440350790625 0.5140848375 0.441760821875 0.5019459687500001 0.4423575140625 0.48519441875 0.43647410937500003 0.47196353281250003 0.43293571562500005 0.4820996390625
0 0.2985638703125 0.384512559375 0.3042306265625 0.3763792125 0.30604733125 0.3665466859375 0.3013839359375 0.3602348234375 0.296937190625 0.37528719375 0.2985638703125 0.384512559375
0 0.3030372421875 0.4098823140625 0.30466392343750004 0.41910767968749996 0.3111440203125 0.415587015625 0.314682415625 0.40545090625 0.30961235 0.39683270312499996 0.30059722187500004 0.396044265625 0.3030372421875 0.4098823140625
0 0.2508164203125 0.47616341249999994 0.2607399 0.4720355859375 0.2471563890625 0.455406340625 0.2306311734375 0.4321616515625 0.22931615156250001 0.4347715734375 0.2465596953125 0.472157890625 0.2508164203125 0.47616341249999994
0 0.347854484375 0.4828334671875 0.33680600312500003 0.4705133234375 0.3291058953125 0.4671149609375 0.320999115625 0.46141026093750004 0.3119839875 0.4606218234375 0.2956754203125 0.45874136718749997 0.29345204687500004 0.4662675515625 0.2894119703125 0.483626265625 0.29507872812499997 0.47549291718750003 0.30631722968749997 0.4687551703125 0.31533235937500004 0.4695436078125 0.32516083125 0.4749447296875 0.3392460234375 0.4843513703125 0.352016196875 0.496367934375 0.3567746015625 0.49315085 0.347854484375 0.4828334671875
1 0.322720809375 0.46110667968749997 0.319847490625 0.40454016406250004 0.29865888125 0.37498361406249997 0.26958014218750004 0.3610865921875 0.208100915625 0.36479289375 0.17120043125 0.316604334375 0.16453031093749998 0.33918289218750003 0.16120856562500002 0.3706832328125 0.17147033125 0.4188128203125 0.23185118437500002 0.43908067500000003 0.2839618609375 0.5131238453125 0.2956754203125 0.45874136718749997 0.322720809375 0.46110667968749997
1 0.12244961875 0.4227003984375 0.11603790624999999 0.376269990625 0.1059927875 0.3495046375 0.0933176265625 0.32795912656250004 0.0914059109375 0.3473206 0.093750921875 0.37068759375 0.10035265625 0.3980601109375 0.10826941406249999 0.42282270312500003 0.1205645296875 0.482483996875 0.1337413734375 0.49680690156249996 0.1354364390625 0.45608119687500004 0.12244961875 0.4227003984375
1 0.090972615625 0.30459213281249997 0.09278931875 0.29475960625000003 0.0895359578125 0.2763088765625 0.0833675203125 0.291664828125 0.0828658375 0.2988874328125 0.090972615625 0.30459213281249997
1 0.2863334984375 0.5769129656249999 0.2869568171875 0.600583540625 0.29202688125 0.6092017453125 0.2975986265625 0.6105973437500001 0.3044853953125 0.6093830203125 0.30245204375 0.5978513140625 0.297883659375 0.5820105046874999 0.2863334984375 0.5769129656249999
