0 0.41075912812500004 0.8594914171875001 0.40026608125 0.8512409906249999 0.383884171875 0.8492802765624999 0.37264167187499997 0.8463205640625 0.3584547390625 0.8465057078125 0.3479616921875 0.8382552828125001 0.3391817828125 0.8296718546875 0.32210380625 0.814983859375 0.3067389640625 0.7999628640625 0.2964601453125 0.8019608640625 0.3078634859375 0.833187 0.3156797140625 0.8368127125000001 0.32740405625 0.84225128125 0.33645157812500004 0.8430651390625 0.35160219375 0.8478377078125 0.36675280625 0.8526102765625 0.3779953078125 0.855569990625 0.397803490625 0.8568647046875 0.41075912812500004 0.8594914171875001
0 0.2664805984375 0.84894856875 0.270870553125 0.8532402812500001 0.280399915625 0.8565329937499999 0.2916424171875 0.8594927078125 0.29581814375 0.8535359953125001 0.28264828125 0.8406608546875001 0.2709239390625 0.8352222859375 0.2606451203125 0.8372202859375 0.2664805984375 0.84894856875
0 0.5464185890625 0.8897172609374999 0.5386557468750001 0.8680735515625001 0.523772746875 0.8555314125000001 0.5022514265625 0.8545697000000001 0.4878502671875 0.8445064171875 0.48463822187499994 0.8554208421875 0.480944334375 0.8638564125 0.4875292671875 0.8702939828125 0.499521221875 0.8679629828125 0.515421290625 0.8674448390625 0.5261819515624999 0.8679256953125 0.5315355875 0.8771751218749999 0.54176101875 0.8931951171874999 0.5464185890625 0.8897172609374999
0 0.5799852484375 0.8703299781249999 0.5714195671875 0.8719949781249999 0.5670296125000001 0.8677032656250001 0.561890203125 0.8687022656250001 0.55503765625 0.870034265625 0.566440996875 0.9012604 0.5723298625 0.8949706875000001 0.572115634375 0.8847222625000001 0.5858207265625001 0.8820582625 0.5951358640625 0.8751025484375001 0.6010247265625 0.8688128359375 0.6008104999999999 0.858564409375 0.5939579546875 0.859896409375 0.5846428171875 0.8668521218749999 0.5799852484375 0.8703299781249999
1 0.45171151875 0.5762717687500001 0.45647654062500004 0.6190783296875 0.4573868359375 0.6420540390625 0.48233442968749995 0.6423497515625 0.4945406109375 0.650267178125 0.511886203125 0.6571856046875 0.5326580671875 0.66343803125 0.544650021875 0.66110703125 0.564243978125 0.6521533171875 0.578430909375 0.651968175 0.59261784375 0.65178303125 0.602950046875 0.6317670343749999 0.6115691171875001 0.6120840390625 0.6206700265625 0.5948799 0.6349103453125 0.5766767625 0.647437528125 0.558806621875 0.663390984375 0.5402704828125 0.6785949859375 0.5270250578125 0.6872140546875001 0.5073420609375 0.698242328125 0.5000533484374999 0.7136605546875 0.4970563484375 0.7215301703125 0.482664065625 0.733307896875 0.470084640625 0.7387149203125001 0.4613160703125 0.7463169203125 0.45469335781250003 0.743693490625 0.43205064843749996 0.7427298078125 0.4270929359375 0.7420337390625 0.41436565312500007 0.7425689671875 0.39882651406249997 0.739945534375 0.37618380625 0.7365726484375 0.358831809375 0.706539034375 0.3415171015625 0.6548574796875 0.344251615625 0.6390306453125 0.34177681875 0.6099290265625 0.3424570703125 0.7422479671875 0.42461407968750003 0.5926419828125 0.3340725 0.587208096875 0.331269965625 0.585902975 0.32999405 0.542773321875 0.30389197343749996 0.556878528125 0.309517946875 0.5339934140625 0.2953085484375 0.508992434375 0.31303083125 0.4959834109375 0.3284221140625 0.477567365625 0.352581965625 0.46257759218750005 0.3760758171875 0.45197777187500005 0.40386138281250006 0.44507183906250003 0.423211378125 0.44400138437500003 0.45428965625 0.4465714296875 0.49495035937500004 0.44352022343749997 0.534131209375 0.45171151875 0.5762717687500001
0 0.7160690796875 0.42713022343749996 0.7334146703125 0.4340486484375 0.729078103125 0.411738940625 0.713659875 0.41473594062499997 0.7160690796875 0.42713022343749996
0 0.7027917609375 0.3679706671875 0.7047191234375 0.37788609218749997 0.7091090796875 0.38217780625 0.7152121703125001 0.38613651875 0.722760784375 0.3975318015625 0.7332538296875 0.4057822265625 0.72988094375 0.38843023125 0.721101034375 0.37984680625 0.7110898296875 0.37407523593750003 0.7027917609375 0.3679706671875
0 0.716496853125 0.3653066671875 0.7233493984375 0.3639746671875 0.7197088984375 0.3543922390625 0.7145694890625001 0.3553912390625 0.716496853125 0.3653066671875
0 0.6716876921875 0.3817342359375 0.6719019171875 0.3919826609375 0.67752316875 0.39346251875 0.6819131234375 0.39775423125 0.6880162140625 0.40171294375000005 0.690960646875 0.39856808906249996 0.6834120328125 0.38717280625 0.6768271 0.38073523593749997 0.6716876921875 0.3817342359375
0 0.52505334375 0.340779109375 0.5090998890625 0.3593152484375 0.5292297515625 0.4171428046875 0.5630640265625 0.389985953125 0.52505334375 0.340779109375
0 0.5431497515625 0.507047640625 0.5816429578125 0.6410537484375001 0.5936349125 0.6387227484375 0.5466294109375001 0.48836364374999996 0.5431497515625 0.507047640625
