0 0.7766798421875001 0.652777778125 0.7628458499999999 0.6555555562500001 0.7549407109375 0.6638888890625 0.7549407109375 0.672222221875 0.7727272734375 0.6638888890625 0.7766798421875001 0.652777778125
0 0.7509881421875 0.7111111109375 0.7569169953125 0.702777778125 0.75889328125 0.6888888890625 0.7529644265625001 0.6888888890625 0.7529644265625001 0.6833333328125 0.760869565625 0.6805555562500001 0.75889328125 0.66944444375 0.7470355734374999 0.675 0.7430830046875 0.6916666671875 0.735177865625 0.702777778125 0.7430830046875 0.702777778125 0.739130434375 0.7111111109375 0.7509881421875 0.7111111109375
0 0.768774703125 0.675 0.76679841875 0.6888888890625 0.7766798421875001 0.6861111109375 0.7747035578125 0.6666666671875 0.768774703125 0.675
0 0.7786561265625 0.6972222218749999 0.794466403125 0.6888888890625 0.78853755 0.6805555562500001 0.7747035578125 0.6888888890625 0.760869565625 0.6944444437499999 0.760869565625 0.702777778125 0.768774703125 0.7 0.7786561265625 0.6972222218749999
0 0.7826086953125 0.702777778125 0.7766798421875001 0.7138888890625 0.7826086953125 0.7194444437499999 0.78853755 0.7111111109375 0.7826086953125 0.702777778125
0 0.7470355734374999 0.722222221875 0.735177865625 0.7166666671875 0.7272727265625 0.722222221875 0.735177865625 0.73055555625 0.731225296875 0.7416666671875001 0.74110671875 0.7416666671875001 0.7569169953125 0.7361111109375 0.7628458499999999 0.7416666671875001 0.7727272734375 0.725 0.764822134375 0.7083333328125 0.7549407109375 0.722222221875 0.7549407109375 0.73055555625 0.7470355734374999 0.73055555625 0.7470355734374999 0.722222221875
0 0.7490118578125 0.5638888890625 0.7470355734374999 0.5527777781250001 0.739130434375 0.55 0.7292490125 0.5555555562500001 0.7272727265625 0.5666666671875 0.735177865625 0.575 0.7490118578125 0.5638888890625
1 0.28853755 0.6111111109375 0.2806324109375 0.5916666671875 0.25889328125 0.5666666671875 0.260869565625 0.5888888890625 0.26877470312499996 0.60555555625 0.28853755 0.6111111109375
1 0.6916996046875 0.51944444375 0.7035573125 0.547222221875 0.7252964421875 0.547222221875 0.7470355734374999 0.547222221875 0.7628458499999999 0.54444444375 0.768774703125 0.5083333328124999 0.768774703125 0.475 0.7549407109375 0.48333333281249996 0.7213438734375 0.497222221875 0.6996047437499999 0.5083333328124999 0.6916996046875 0.51944444375
0 0.2529644265625 0.7888888890625 0.23320158124999998 0.7638888890625 0.2272727265625 0.7805555562500001 0.23320158124999998 0.7916666671875 0.24110671875 0.8 0.2529644265625 0.7888888890625
