0 0.3730537734375 0.4486781171875 0.37561414375 0.452406753125 0.3827779875 0.44843710156250005 0.388406553125 0.44485023906250004 0.3853336375 0.43906589374999994 0.37612196875000004 0.4413626203125 0.3730537734375 0.4486781171875
0 0.3571955296875 0.47010005 0.36333428125 0.46201897656249996 0.3561680765625 0.45943870625 0.34951677812500004 0.4654640671875 0.3474736765625 0.4768909859375 0.34849876874999997 0.481002409375 0.35310460312499997 0.479854046875 0.3571955296875 0.47010005
0 0.4524181859375 0.5446160296875 0.45907420468750004 0.5516905125 0.46675295625 0.55632649375 0.46623332656249994 0.5346210171875 0.46008749375 0.5230523265625 0.455479296875 0.51765076875 0.4493358234375 0.5126319984375 0.4431923515625 0.5076132265625 0.436026146875 0.50503295625 0.424251746875 0.49705112656250006 0.4124797078125 0.49561921875000003 0.4140197078125 0.508336275 0.42169845937500006 0.51297225625 0.4293795703125 0.5241581609375 0.4345003125 0.5316154296875 0.44422688906249996 0.5379243359375 0.4524181859375 0.5446160296875
0 0.5245691703124999 0.5069752375000001 0.53275810625 0.507117009375 0.5409470437499999 0.5072587828125 0.54913598125 0.5074005546875 0.5516916296875001 0.498029346875 0.5404274140625 0.4855533078125 0.5271200968749999 0.4845041859375 0.5153480593750001 0.48307227812500003 0.5056214828125001 0.476763371875 0.49794273125000005 0.47212738906249996 0.4917992578125 0.4671086203125 0.485655784375 0.4620898484375 0.476444115625 0.46438657499999997 0.46928027187500004 0.46835622499999996 0.4713328203125 0.48312899375 0.4825946734375 0.4890551125 0.4933439796875 0.49292551875 0.5035831015625 0.5012901359375 0.5112618531249999 0.5059261187499999 0.5245691703124999 0.5069752375000001
0 0.494371434375 0.5035868625 0.48055393124999995 0.507031953125 0.479021015625 0.5139646625000001 0.4841441171875 0.5279718531250001 0.4933557859375 0.5256751265624999 0.503077640625 0.5188841890625 0.508193659375 0.5132416140625 0.49948981562499994 0.504494209375 0.494371434375 0.5035868625
0 0.5885241359375 0.449542909375 0.61001566875 0.43763395781250003 0.6217853453125 0.4325159453125 0.6371404859375 0.4352379875 0.6453317843749999 0.44192968125 0.6509627109375 0.444892740625 0.6729667890625 0.4350395015625 0.6678460484375 0.42758223125 0.647372525 0.423952840625 0.6197375203125 0.4308430203125 0.5721439015625001 0.4427094421875 0.5501398234375 0.45256268281249995 0.546048896875 0.4623166796875 0.5562856578125001 0.464131375 0.5706133453125 0.456192075 0.5885241359375 0.449542909375
1 0.3433803890625 0.48009506249999995 0.3515669640625 0.4736869125 0.34388585156249996 0.46250100781250003 0.3336514515625 0.46723623437499995 0.3239295984375 0.47402717031249997 0.3321232578125 0.48726878749999997 0.3433803890625 0.48009506249999995
1 0.5481132484375 0.5098390546875 0.5736957078125 0.4881761078125 0.59774525 0.47344586875 0.6617096578125 0.442213225 0.67654753125 0.42977971562499995 0.6693766046875 0.4140996 0.6309946531249999 0.42366929531249997 0.5695858921875 0.44553072968749996 0.5332541265625 0.4633232703125 0.5102225953125 0.462515165625 0.48104995156249997 0.4632382125 0.469785734375 0.4507621734375 0.44623693593749997 0.43479851406250003 0.42473595781249995 0.420507778125 0.3996589640625 0.424576671875 0.3802128953125 0.43160862499999997 0.3525826125 0.4515986484375 0.34082001875 0.47636642656249994 0.355152428125 0.48152697031249997 0.3889356296875 0.492755403125 0.42733410781250003 0.529035159375 0.46931805000000004 0.5731549734375 0.5292033390625 0.5844259359375 0.5343146359375 0.5656835171875 0.5481132484375 0.5098390546875
0 0.5250651890625 0.46318149843749995 0.5219899109374999 0.4508472296875 0.5132884296875 0.448649746875 0.50868495625 0.45634803125 0.5112476874999999 0.46662658749999997 0.5250651890625 0.46318149843749995
0 0.6719960031250001 0.581576278125 0.6678979921875 0.5716805093749999 0.6638047046875 0.5748845828125 0.6719960031250001 0.581576278125
0 0.7067972124999999 0.5772663671875 0.712933603125 0.5626353734375 0.702699203125 0.5673705984375 0.7067972124999999 0.5772663671875
0 0.670444196875 0.5361096125 0.6745374843749999 0.5329055390625 0.6781182265625 0.5276457531250001 0.6714645671875 0.52712119375 0.659692528125 0.5256892843750001 0.649460490625 0.5369744328125 0.647927571875 0.5439071421875 0.6556086859375 0.5550930468749999 0.6622623437499999 0.55561760625 0.6622599828125 0.549067684375 0.66072234375 0.5429005499999999 0.664303084375 0.5376407640624999 0.670444196875 0.5361096125
