1 0.375404009375 0.5576154375 0.387780340625 0.5295431171875 0.409718528125 0.5134419390625 0.4327819375 0.4928277578125 0.441221071875 0.4589802328125 0.43784720000000005 0.43656804843749997 0.42153581406249996 0.41572373125000006 0.39341213124999996 0.3919342796875 0.38216066249999997 0.4226838359375 0.37597089375000003 0.4690760703125 0.36696950625 0.49798985937499995 0.3579681171875 0.526903646875 0.3455910734375 0.5693564453125 0.36471443593749997 0.6004889703125 0.375404009375 0.5576154375
0 0.2932844671875 0.45565035624999994 0.29384778749999996 0.439013378125 0.2938485015625 0.42463290000000004 0.286534940625 0.44677718281249995 0.288220984375 0.47595887187499997 0.2932844671875 0.45565035624999994
0 0.30115885468750003 0.467200765625 0.30397225781250004 0.44872801874999996 0.3000354203125 0.43576257500000004 0.2972220171875 0.454235321875 0.2915959265625 0.4768003390625 0.30115885468750003 0.467200765625
0 0.325906528125 0.5117194671874999 0.333780559375 0.5304601156250001 0.33771882343750004 0.5146646031250001 0.320282575 0.4911430515625 0.32140708125 0.5010105265625 0.325906528125 0.5117194671874999
0 0.32534391875 0.51397596875 0.329844078125 0.5103044328124999 0.3242194125 0.5041084953125 0.3163446671875 0.499748325 0.31803178125 0.507359296875 0.32534391875 0.51397596875
0 0.32535068906250003 0.3773614328125 0.318037484375 0.3923154765625 0.31072392187500003 0.414459759375 0.323099540625 0.4007679171875 0.32535068906250003 0.3773614328125
0 0.339971396875 0.46249716406249997 0.34559606249999997 0.46869310156250005 0.35853286406249996 0.4815057140625 0.360221046875 0.46754596875 0.35234665781249996 0.45599555937499997 0.33772203125 0.44995245468749995 0.339971396875 0.46249716406249997
0 0.3264734125 0.4231801 0.3146607609375 0.427425203125 0.32253515 0.4389756109375 0.3343478015625 0.434730509375 0.3264734125 0.4231801
0 0.322539425 0.35269274687499996 0.29835186875 0.3562492140625 0.3056640046875 0.36286588750000004 0.312976496875 0.36229231875 0.322539425 0.35269274687499996
0 0.33491361875000003 0.36776185781250004 0.3219764609375 0.3621394859375 0.328163378125 0.37326916250000003 0.3411005359375 0.378891534375 0.33491361875000003 0.36776185781250004
0 0.372599159375 0.403522453125 0.372598446875 0.41790293125 0.37090990625 0.4390529140625 0.375410421875 0.4281911390625 0.378786434375 0.40746189062499993 0.3810368703125 0.398435884375 0.38047497343750003 0.3863119078125 0.372599159375 0.403522453125
1 0.2809159765625 0.32553742343750003 0.2786655390625 0.33456343125 0.277539965625 0.346266671875 0.277539609375 0.3534569109375 0.27697664375 0.362903653125 0.277538540625 0.375027628125 0.2752873921875 0.3984341125 0.27303695625 0.4074601203125 0.271348771875 0.42141986249999996 0.2696605890625 0.43537960781249996 0.26684754375 0.44666211562499997 0.29946960312500004 0.5027312265625 0.343903603125 0.5689357109375 0.3455914296875 0.5621662062499999 0.348404475 0.5508836968749999 0.34953005 0.53918045625 0.3512178765625 0.5324109515625 0.3557183921875 0.5215491765625 0.35965630000000004 0.5129439031249999 0.36359420781249996 0.5043386296875 0.365282034375 0.49756912499999995 0.3714700203125 0.487128084375 0.3737204578125 0.4781020765625 0.375408284375 0.471332571875 0.37597125 0.46188583281250006 0.37709646874999997 0.45737282968750004 0.377096825 0.45018258906249997 0.37709718125 0.4429923515625 0.3787850078125 0.43622284687499996 0.3804728359375 0.429453340625 0.3815980546875 0.4249403375 0.3844110984375 0.41365782968750003 0.38553631718750003 0.4091448265625 0.3872241453125 0.40237532031249995 0.3905994421875 0.39602654843749996 0.39453735 0.38742127656249997 0.4018505546875 0.37246723125000003 0.40185091093749997 0.36527699375 0.399038934375 0.35498878437500003 0.3962266015625 0.351890815625 0.3911645453125 0.3434383765625 0.38104007812499996 0.3337237359375 0.37316568906250003 0.322173325 0.3084813265625 0.2653005125 0.3011684765625 0.27306431875000003 0.2977931796875 0.2794130890625 0.294980134375 0.29069559843750004 0.28935475624999996 0.2988801375 0.2859794578125 0.30522890937499997 0.2842916296875 0.3119984140625 0.2809159765625 0.32553742343750003
0 0.4108505171875 0.3723143984375 0.41478806874999996 0.3708993640625 0.4164758953125 0.36412985937500003 0.41760111406249995 0.35961685625 0.41703886093750003 0.35468311875 0.41816443437500006 0.3429798765625 0.4170399296875 0.3331124015625 0.416477678125 0.328178665625 0.41647803281250007 0.3209884265625 0.4131027359375 0.32733719843750003 0.41253977031250005 0.3367839390625 0.41310202343749997 0.34171767656249996 0.411414196875 0.34848718125 0.4125387015625 0.3583546546875 0.41253834375 0.36554489375 0.4108505171875 0.3723143984375
0 0.415348896875 0.40459405625 0.40634893281249995 0.4047468890625 0.4001609453125 0.41518793125000003 0.4125358515625 0.41587656562499997 0.4209732046875 0.417980234375 0.434472971875 0.42134610468749994 0.43559818906250003 0.4168331 0.4350359359375 0.4118993625 0.43053613281249997 0.40838066093750003 0.42547372031249997 0.407118459375 0.415348896875 0.40459405625
