1 0.6338521359375 0.522033846875 0.64095524375 0.50976053125 0.63836273125 0.5000851453124999 0.63014254375 0.49364603437500004 0.6207947093749999 0.49269409687500004 0.6211319234375 0.51334383125 0.6338521359375 0.522033846875
0 0.7477333640625 0.5883065515625 0.7639208281250001 0.5856974765625 0.781752328125 0.584376221875 0.78841278125 0.5946899453125 0.794820321875 0.58951636875 0.789024040625 0.5824277734375001 0.780456071875 0.5795385296875 0.7678201609374999 0.5760109484375 0.75691259375 0.5789336234375 0.7477333640625 0.5883065515625
0 0.40370757343749997 0.69085803125 0.40941955312499995 0.6927841921875 0.40405535625000005 0.6873081609375 0.39955532968749996 0.6850572578125 0.39462321718750004 0.681193790625 0.39756351093750003 0.68731930625 0.40370757343749997 0.69085803125
0 0.8001950875 0.5707927953125 0.81767880625 0.573021409375 0.82469760625 0.5555856609375 0.8294611125 0.549124259375 0.8114610046875 0.5401206468749999 0.7881810046875 0.5308034359375 0.756849425 0.52537198125 0.7435179515625 0.5289441390625 0.7351185890624999 0.5363797640625 0.7348551125 0.545092065625 0.747575325 0.55378208125 0.763847090625 0.5563354390625 0.7731949265625 0.5572873765625 0.8001950875 0.5707927953125
0 0.832243365625 0.5207253046875 0.8315478015625001 0.5278250421874999 0.835700046875 0.533625815625 0.8414963296875 0.5407144109375001 0.8500642984375 0.543603653125 0.8577680953125 0.54326776875 0.8593278296875001 0.53939315625 0.8580315734375 0.534555465625 0.853531546875 0.5323045609375 0.85110764375 0.5329540453125 0.8388195140624999 0.5258765921874999 0.832243365625 0.5207253046875
0 0.61091991875 0.5091667671875 0.60200416875 0.50982739375 0.606240715625 0.5207906 0.6135124296875001 0.51884215 0.61091991875 0.5091667671875
0 0.8115347406250001 0.5694826843749999 0.8136108640625 0.572383071875 0.8192385390625001 0.5691467984374999 0.8228743953125001 0.5681725734375 0.8255617765625001 0.5588107875 0.8187221499999999 0.5623718015625 0.8159504656250001 0.5665711546875001 0.8115347406250001 0.5694826843749999
1 0.1177296203125 0.2731801046875 0.067333453125 0.3177938515625 0.11899417500000001 0.35061660781250004 0.1685893390625 0.356339371875 0.23160028124999998 0.36365241406250004 0.27201621875000004 0.3787481078125 0.1668927 0.27729030468750004 0.1409253171875 0.27733487968750004 0.1177296203125 0.2731801046875
1 0.58309785625 0.3956378046875 0.5702090375 0.3766229234375 0.535420775 0.35829095624999996 0.49924138593749995 0.3541584671875 0.4627985203125 0.3587382796875 0.44884521875 0.39877221406249996 0.442774890625 0.4245955265625 0.44656878750000006 0.45814577187500005 0.5885883921875 0.5082371171875 0.5910228625 0.48338803124999996 0.575457228125 0.44953533125 0.5664677421875 0.420833921875 0.6022993484375 0.42851627968750006 0.5991904484374999 0.41206589843749997 0.58309785625 0.3956378046875
1 0.404477109375 0.514361065625 0.409240615625 0.507899665625 0.43521856562499994 0.4836554859375 0.44656878750000006 0.45814577187500005 0.44528309843749997 0.42910847656250006 0.452396771875 0.39263555625 0.45959474843750003 0.3613250703125 0.464189646875 0.3445388015625 0.44879261875000004 0.32101097031250003 0.4360724046875 0.3123209546875 0.41071628125000004 0.30010335781249997 0.3671808765625 0.2927568859375 0.313338596875 0.30027051718750003 0.2886569 0.3293523875 0.28361935 0.3687256953125 0.304117096875 0.40644186250000003 0.3244462375 0.4338331609375 0.3232237171875 0.45835750624999994 0.3735038796875 0.4811801375 0.3904606421875 0.500833359375 0.40145251406250004 0.5030731171875 0.404477109375 0.514361065625
