0 0.813263525 0.36890951250000004 0.811518325 0.34570765625 0.7993019203125 0.357308584375 0.7940663171875 0.3758700703125 0.7870855140625 0.39211136875 0.7923211171875 0.40835266875 0.8045375218749999 0.3874709984375 0.813263525 0.36890951250000004
0 0.774869109375 0.3874709984375 0.7766143109375 0.36890951250000004 0.76614310625 0.3642691421875 0.7521815015625 0.373549884375 0.7294938921874999 0.41299303906249996 0.743455496875 0.426914153125 0.7556719015625 0.40603248281250004 0.774869109375 0.3874709984375
0 0.6980802796875001 0.42227378125000004 0.6823734734375 0.41763341093750006 0.6579406624999999 0.43387470937500006 0.6544502624999999 0.46403712343750003 0.6806282718750001 0.4617169375 0.6945898781250001 0.4524361953125 0.6980802796875001 0.42227378125000004
0 0.79581151875 0.5174013921875 0.820244328125 0.5104408359375 0.8289703312500001 0.48723897968749996 0.8150087265625 0.48491879375 0.8010471203125 0.48723897968749996 0.788830715625 0.49187934999999994 0.76614310625 0.49187934999999994 0.7609075046875 0.5127610203125 0.7766143109375 0.5174013921875 0.79581151875 0.5174013921875
0 0.82722513125 0.5336426921874999 0.821989528125 0.5174013921875 0.8062827218749999 0.5243619484375001 0.79755671875 0.5545243625 0.7835951140625 0.57772621875 0.79581151875 0.5707656609375 0.8150087265625 0.5545243625 0.82722513125 0.5336426921874999
0 0.9005235609375 0.40835266875 0.897033159375 0.3944315546875 0.8865619546874999 0.410672853125 0.87609075 0.43387470937500006 0.85863874375 0.49187934999999994 0.869109946875 0.473317865625 0.9005235609375 0.40835266875
0 0.85863874375 0.3758700703125 0.8795811515624999 0.3642691421875 0.87609075 0.34570765625 0.85863874375 0.327146171875 0.8411867359375 0.3387471 0.8324607328125 0.357308584375 0.8254799296875 0.3758700703125 0.8080279234375001 0.39211136875 0.8237347296875001 0.410672853125 0.834205934375 0.39211136875 0.85863874375 0.3758700703125
0 0.7643979062499999 0.580046403125 0.7801047125 0.56148491875 0.7696335078125001 0.5475638046875 0.7626527046875 0.5568445468750001 0.7364746953125 0.589327146875 0.73472949375 0.6102088171875 0.7452006984375 0.596287703125 0.7643979062499999 0.580046403125
0 0.727748690625 0.600928075 0.7260034906249999 0.57772621875 0.710296684375 0.584686775 0.7085514828125 0.6171693734375 0.7068062828125 0.6334106734375 0.7172774875 0.63805104375 0.7207678890625 0.619489559375 0.727748690625 0.600928075
1 0.6980802796875001 0.39675174062499996 0.696335078125 0.443155453125 0.6910994765625 0.49187934999999994 0.6910994765625 0.526682134375 0.6910994765625 0.5545243625 0.710296684375 0.589327146875 0.7294938921874999 0.6148491875000001 0.759162303125 0.5939675171875 0.7940663171875 0.573085846875 0.8237347296875001 0.5498839906249999 0.853403140625 0.5336426921874999 0.8865619546874999 0.5104408359375 0.9075043624999999 0.48723897968749996 0.92321116875 0.46403712343750003 0.9354275734374999 0.426914153125 0.9354275734374999 0.3944315546875 0.9336823734375 0.357308584375 0.9144851656249999 0.33642691406249997 0.8795811515624999 0.3294663578125 0.8289703312500001 0.3294663578125 0.7993019203125 0.3433874703125 0.76614310625 0.357308584375 0.73298429375 0.380510440625 0.741710296875 0.3549883984375 0.7207678890625 0.36194895625 0.6980802796875001 0.39675174062499996
