1 0.6604803953125 0.5212765453125 0.6759928421875 0.5210057734375 0.7029163453125 0.527944359375 0.7508962265625 0.528959 0.747946503125 0.521601953125 0.689481 0.48557979375000004 0.668263025 0.48224588749999997 0.6604803953125 0.5212765453125
1 0.64511771875 0.449311478125 0.6481643984375001 0.46222323593750003 0.70053654375 0.47242188125 0.731399840625 0.462622490625 0.753672525 0.4455645125 0.7632855281250001 0.43057964687499994 0.7461043046875 0.4160624734375 0.7149501359375 0.4091977359375 0.6772296421874999 0.43022962343750004 0.64511771875 0.449311478125
1 0.7643197453125 0.4898298796875 0.7928473875 0.5078532671875 0.8125581828125 0.5056570796875001 0.8195123359375 0.49997929374999994 0.8178435593750001 0.48519135 0.7920394046875 0.4615640234375 0.770756790625 0.4545269765625 0.7643197453125 0.4898298796875
1 0.7186991703125 0.623979834375 0.7231560734375 0.636866975 0.734470171875 0.6385216203125 0.7499502984374999 0.63639928125 0.747000578125 0.6290422328124999 0.7213903390625 0.6165243234375 0.7186991703125 0.623979834375
1 0.7029281703125 0.6094380453125 0.6930889328125 0.6114619234374999 0.6975135156250001 0.622497496875 0.70475854375 0.6334838390625 0.7133168359375001 0.638890853125 0.7217458515625 0.636891590625 0.7173535875 0.6277075890625 0.7029281703125 0.6094380453125
1 0.6678018859375 0.6174597125 0.6752085109375 0.637703903125 0.6921634984375 0.6392600859375 0.703412959375 0.63721159375 0.6876096390625 0.6208182343749999 0.6691474703125 0.613731959375 0.6678018859375 0.6174597125
1 0.66671485625 0.6360000265625 0.6708485671875 0.6303714703125001 0.6621933171875 0.6194097453125 0.6437311484375 0.6123234671875 0.63244936875 0.6125203906250001 0.652515675 0.630691471875 0.66671485625 0.6360000265625
1 0.8374573953125 0.477440453125 0.84005160625 0.464430234375 0.8314933140624999 0.4590232171875 0.82316125625 0.4665771890625 0.8219126296875 0.4758596546875 0.8277797546875 0.48872218125 0.8374573953125 0.477440453125
1 0.7753311453125 0.3933267109375 0.8012322578125 0.42250874843749997 0.8299538140625 0.4516415546875 0.84277509375 0.4588262921875 0.845401621875 0.44766764375 0.82950134375 0.42571957656250003 0.7979593421875 0.3966360015625 0.7822853000000001 0.3876489234375 0.7753311453125 0.3933267109375
1 0.5976344515625 0.5575640703125 0.5810996140625 0.58007829375 0.5828653484374999 0.600420946875 0.6041156437499999 0.6056064234375 0.6309745078125 0.6088418671875 0.607506009375 0.5573917625 0.5976344515625 0.5575640703125
1 0.7819534390625 0.5302690296875 0.7931059406250001 0.5226658265624999 0.7857639562500001 0.506124775 0.768679690625 0.4971623125 0.7645782999999999 0.5046424390625 0.763652865625 0.5324406015625 0.7819534390625 0.5302690296875
1 0.78425993125 0.7432241734375 0.8066942140625001 0.7354240453124999 0.8353716265625 0.6812115953125 0.8323249453124999 0.6682998359375001 0.7921395203125 0.709748221875 0.7274632046875 0.7219899562500001 0.7276571203125 0.733099375 0.78425993125 0.7432241734375
1 0.5390719890625 0.5159872015625 0.5048711390625 0.49621070625 0.45522248125000003 0.48040812187500004 0.462532146875 0.4950976015625 0.4489793515625 0.5268204453124999 0.456192059375 0.535955215625 0.47875561875 0.5355613671875 0.5042689 0.5425245656250001 0.5156153171875 0.5460307828125 0.5336896546875 0.530898221875 0.5390719890625 0.5159872015625
1 0.57163638125 0.5228273234375 0.5533358109375001 0.5249988953125 0.540708446875 0.528923575 0.5199429421875 0.5515116453125 0.544207596875 0.567757309375 0.563950709375 0.5674126921875 0.57933388125 0.5597356421875 0.5873750656250001 0.5355175421875 0.57163638125 0.5228273234375
1 0.5798186703125 0.5875091890624999 0.5824451984375 0.5763505390625 0.5780529359375 0.5671665375 0.5557156109375 0.5805213734375 0.5658134031250001 0.593310053125 0.5798186703125 0.5875091890624999
1 0.7759128921875 0.42665496718749996 0.778604059375 0.41919945625 0.769981128125 0.4100893 0.7544040437499999 0.40665693125 0.7487954734375 0.40860696250000006 0.7589902234375 0.42695035312499996 0.7759128921875 0.42665496718749996
