0 0.09689102187500001 0.7392254125 0.12656962031250002 0.7342548640625 0.13780752031250001 0.7118919015625 0.1525672921875 0.700953003125 0.1537595140625 0.6889110515625 0.148556234375 0.680228578125 0.13830873125 0.679770878125 0.11669501874999999 0.7200617421875 0.101403290625 0.7278288140625 0.0850476484375 0.7292522359375 0.071064428125 0.7480131390625 0.0705632171875 0.7801341640625 0.07675689375 0.7659959734374999 0.0876646625 0.7512398984375 0.0995935734375 0.7489560078124999 0.09689102187500001 0.7392254125
0 0.128880546875 0.6810066484374999 0.114823809375 0.6706032343749999 0.0996176203125 0.6661132390625 0.07166320000000001 0.6622136625 0.0730144765625 0.6670789609375001 0.0721096171875 0.6776425578125 0.0800582171875 0.6899270921875 0.097477771875 0.694847321875 0.10292564374999999 0.708179975 0.10996938593750001 0.7310281062499999 0.11726974375000002 0.7171050328125 0.1162913703125 0.6985043140625 0.128880546875 0.6810066484374999
0 0.1781613171875 0.6460937140625 0.17820408593749998 0.63996518125 0.1505370296875 0.6345872499999999 0.1201246515625 0.6256072578125 0.1001616 0.6278636828125 0.0807732765625 0.627163396875 0.0884772828125 0.6347977515625 0.1095042453125 0.6388849796875 0.1242212484375 0.634074615625 0.15323958124999998 0.64431784375 0.16758367968750001 0.6532429015625 0.1781613171875 0.6460937140625
0 0.1952079671875 0.6647493671875 0.207051340625 0.6747225453125 0.21898025312499997 0.6724386531250001 0.20853092499999998 0.6612022390625001 0.1952079671875 0.6647493671875
0 0.138290009375 0.60305664375 0.18169521093750002 0.6160963953125 0.1878461171875 0.6080867390625 0.1397268234375 0.5956648734375001 0.138290009375 0.60305664375
0 0.313782028125 0.704674159375 0.26344936875 0.6918220578125001 0.23582507968750002 0.68031559375 0.21652229374999998 0.6673582390624999 0.16356059843749998 0.6739398609375 0.1475350921875 0.6677563937500001 0.122283221875 0.6735874109375 0.1160895453125 0.6877256 0.100094784375 0.7168349828125 0.082345096875 0.7195216421875 0.070245109375 0.74631966875 0.0792148515625 0.7710763875 0.10516975312500002 0.743903059375 0.125175575 0.735518103125 0.146086253125 0.716569546875 0.1622400703125 0.7043674125 0.184373715625 0.7086697578125001 0.2195001859375 0.7170318640625 0.2772494875 0.738996675 0.3966428671875 0.7806149390625 0.44857139375 0.8029825171875 0.5091087875 0.8224208531249999 0.5209521609375 0.83239403125 0.5351799749999999 0.8182833078125 0.525219834375 0.8163472531249999 0.510343778125 0.80425036875 0.48685885625 0.7950827265625 0.46534270624999996 0.7816951390625 0.44247527968749994 0.7634422546875 0.4200970421875 0.75448973125 0.391078709375 0.7442465031250001 0.37452124531250003 0.734891209375 0.3505043671875 0.7225517421875 0.313782028125 0.704674159375
0 0.48085498125 0.8614210140624999 0.4968804890625 0.8676044812500001 0.522217896875 0.8495163968749999 0.47861087031249994 0.82569793125 0.4454104015625 0.8192444140624999 0.45212401093750004 0.8496994328125 0.48085498125 0.8614210140624999
0 0.49308327968750004 0.8162373859375001 0.481398959375 0.8231714562500001 0.4946791484375 0.8257528640625 0.533413028125 0.8332819671875 0.5420218921875 0.8303527265625 0.5168983328125 0.8177981390625 0.49308327968750004 0.8162373859375001
0 0.092604625 0.678557959375 0.087731478125 0.662268596875 0.0773984359375 0.6740679625 0.082516175 0.69500750625 0.092604625 0.678557959375
0 0.17118439218749998 0.53427428125 0.13818574687500002 0.538599478125 0.1367061625 0.5521197828125 0.159989259375 0.5505087109375 0.17282303125 0.537661225 0.17118439218749998 0.53427428125
0 0.6738934859375 0.6718805406249999 0.666880490625 0.684325259375 0.679096765625 0.6805630140625001 0.6891852140625 0.6641134671875 0.6738934859375 0.6718805406249999
0 0.5948726265625 0.641178321875 0.5392939203125 0.6257722796875 0.51052018125 0.6201792312500001 0.5569580671875001 0.6353426890625 0.61306873125 0.6539205578125 0.645076978125 0.6724160265625 0.658601759375 0.6796476124999999 0.6586872968749999 0.6673905453125 0.656516703125 0.6608317765625 0.5948726265625 0.641178321875
1 0 0.70715410625 0.0251584984375 0.73602150625 0.0561028328125 0.7481733234375 0.060786178125 0.7122625890625 0.054488240624999996 0.6619436125 0.0415809546875 0.645626784375 0.007145496875 0.6573437515625 0 0.6753910734375 0 0.70715410625
1 0.44517250625000004 0.9327298515625 0.4855450265625 0.9436458984374999 0.49859264375 0.900155740625 0.4562941234375 0.8873311062499999 0.40231128437499997 0.881440540625 0.40882307031250004 0.9011168453125 0.44517250625000004 0.9327298515625
1 0.07432968125 0.7962084078125 0.07829797031249999 0.8230613671875 0.107848259375 0.8364764203125 0.168715784375 0.8483078687500001 0.2119191625 0.850568909375 0.2575805 0.8579103609375001 0.303486428125 0.8699019937499999 0.347509128125 0.8738565046875 0.3840724125 0.8748268390625 0.40292877968749996 0.8723552984375 0.42948915468750004 0.8775181125 0.455719396875 0.8902878140625001 0.481503221875 0.8876286234374999 0.5151193609375 0.8742181828125 0.5315297953125 0.8252448453125 0.528753728125 0.786349934375 0.5860686375 0.75146446875 0.6243253546875 0.708271828125 0.66725339375 0.6705898359375 0.69902906875 0.643013740625 0.704244371875 0.61027483125 0.6843361156250001 0.5649813375 0.6654490015625 0.5321600281250001 0.6303653015624999 0.5176693875 0.5641661874999999 0.5155410671875 0.527070946875 0.51139890625 0.47751483749999996 0.5063688109375 0.44595300625 0.5033022359375 0.4131561875 0.5184061468750001 0.3824136765625 0.5170330437499999 0.33409255781249997 0.4938324625 0.30117945156250003 0.485900590625 0.28440814062499997 0.5071879671875 0.2704676890625 0.5198203375 0.2173041703125 0.51562324375 0.129173234375 0.5199712921875 0.08349987343750001 0.5540512234375 0.0774652515625 0.5850966609375 0.08528554375 0.6157667984375 0.0709294203125 0.6482631234375 0.075429665625 0.678287909375 0.0768116859375 0.71844605625 0.0751182546875 0.7626090296875 0.07432968125 0.7962084078125
