0 0.79503768125 1 0.7949664765625 0.9782578484375 0.7936714640625 0.9388901234375 0.791739359375 0.9027999515625 0.785114128125 0.8777023984375001 0.7704618875 0.85444594375 0.7646221718749999 0.8516101218750001 0.7572322546875 0.8501736671875 0.7498423390625 0.8487372125 0.7430044515625001 0.8576122375 0.7432379375 0.8695624921875 0.74926860625 0.8911430828125001 0.7537916109375 0.9073285249999999 0.7598222812500001 0.9289091171875 0.765491875 0.9589230000000001 0.7637290218749999 0.9942949453125 0.764544071875 1 0.79503768125 1
0 0.7611398671875 0.8169193171875 0.7604602453125 0.8269913875 0.7742844390625 0.8347806249999999 0.78116485625 0.8191110859374999 0.786219059375 0.799685175 0.797707540625 0.7866120484375 0.8058621421875 0.764387403125 0.8186248062500001 0.744759171875 0.8313449421874999 0.731925453125 0.8378642828125 0.72468920625 0.8487156718750001 0.714893634375 0.85527754375 0.7008628703124999 0.84856725 0.6893543484375 0.8309205046875 0.7012304296874999 0.8154185187499999 0.71522410625 0.8041635218750001 0.7402474859375 0.7861557 0.7605568593750001 0.7777250828125 0.7776257656250001 0.77207631875 0.7935347140625 0.763688234375 0.8038091046875 0.7611398671875 0.8169193171875
0 0.6707422953125 0.630978940625 0.66280035 0.619231009375 0.6557289796875 0.6161557765625 0.6498892625 0.61331995625 0.6476594421875 0.6247913921875 0.6540511890625 0.6379386921875 0.6617171203125001 0.6445308843750001 0.669659065625 0.656278815625 0.6736300375 0.6621527828125 0.683525790625 0.6572735390625 0.684799975 0.6507184328125 0.6707422953125 0.630978940625
0 0.6174418562499999 0.5764002968749999 0.61831243125 0.5850729984374999 0.6244281640625 0.593064559375 0.62748603125 0.5970603390625 0.629354775 0.5940221953125 0.6281656531250001 0.5869882718749999 0.6266579859375 0.581593121875 0.6223684671874999 0.5773579328125 0.6174418562499999 0.5764002968749999
0 0.5781556906249999 0.6469958390625 0.5777946140625 0.6554291328125 0.5789837359375001 0.66246305625 0.586012575 0.672332803125 0.592489384375 0.671891071875 0.594400659375 0.6620584109375 0.588284928125 0.6540668515625 0.5781556906249999 0.6469958390625
0 0.7247423171875 0.820048525 0.7243812390625 0.8284818171874999 0.73514756875 0.8322752734375 0.7342769921875 0.8236025734375 0.7247423171875 0.820048525
0 0.8442994328125 0.6324018125 0.8378226234374999 0.6328435453125001 0.8349557109375001 0.6475925328125001 0.8327258890625 0.6590639687500001 0.8379285140625001 0.6651773453125001 0.84043435 0.6588616468749999 0.8426216421875001 0.6541847265625 0.8482278750000001 0.64507029375 0.8473572984375 0.6363975921875 0.8442994328125 0.6324018125
0 0.264276084375 0.5060511296875 0.27215466875 0.4786707453125 0.275425190625 0.44869395 0.27277093125 0.4294703609375 0.2682479296875 0.4132849171875 0.26491404687500003 0.404133396875 0.2576300234375 0.43503074374999995 0.2584155359375 0.45729247656250005 0.25427443906249997 0.478596571875 0.25108898125 0.49498433750000004 0.2512374046875 0.5205236234374999 0.2508337953125 0.53575143125 0.259816440625 0.5289940015625 0.264276084375 0.5060511296875
1 0.35544095625 0.372409871875 0.3850006203125 0.3781556890625 0.42628224843750007 0.38277863437500004 0.419466065625 0.3389363109375 0.3961071953125 0.327593025 0.35518664218749996 0.3145367859375 0.3380927984375 0.23808416875 0.3011223890625 0.1849790640625 0.2541685484375 0.446262771875 0.23915436093750003 0.5300797875 0.25488983125 0.528036365625 0.275722034375 0.49977251875000006 0.313691484375 0.44252659687499996 0.3288540953125 0.3842488671875 0.35544095625 0.372409871875
0 0.2761273875 0.2872643546875 0.279355378125 0.2640820734375 0.272602553125 0.2593680671875 0.2602860265625 0.2569739765625 0.2549983375 0.26444963125 0.2503052109375 0.27544225 0.24903102812500003 0.28199735625 0.2631312375 0.2949423328125 0.261942115625 0.2879084078125 0.26266426875 0.271041825 0.27156185312500003 0.27787342656249997 0.27052115312499997 0.2963787875 0.270117546875 0.3116065953125 0.2647873265625 0.325876765625 0.27062704375 0.3287125875 0.2722197734375 0.3205187046875 0.2741735796875 0.30389153125 0.2761273875 0.2872643546875
0 0.234992434375 0.5054610515625 0.23609649375 0.52608400625 0.235416871875 0.5361560765625 0.247946053125 0.5045775875 0.24994238906250002 0.4811558984375 0.24983649843750003 0.44882209843750004 0.24654515 0.4328760625 0.22327134062499998 0.4079437453125 0.21135842187499998 0.3903218484375 0.2005495625 0.39332290625 0.21615744062500003 0.4116630296875 0.2160298484375 0.4320465765625 0.22055284999999997 0.4482320203125 0.2277301109375 0.48364105 0.234992434375 0.5054610515625
1 0.33516078125000004 0.41098519843750003 0.333101084375 0.395278571875 0.3270704125 0.3736979796875 0.31940448125 0.3671057875 0.306769409375 0.3663504734375 0.3029893890625 0.379221278125 0.299485384375 0.3972478203125 0.2974890484375 0.42066951093749994 0.3004618515625 0.438254321875 0.3121412859375 0.443925965625 0.321485009375 0.4287352453125 0.3295545484375 0.42009962968750003 0.33516078125000004 0.41098519843750003
0 0.2129511515625 0.3821279640625 0.1695889953125 0.3158755625 0.15644442187500002 0.29801425625 0.1313444015625 0.2693255671875 0.0921867015625 0.2208973859375 0.08598590625 0.22649485625 0.2061557953125 0.38420847187499996 0.2129511515625 0.3821279640625
1 0.43590198750000003 0.372743653125 0.42398906875 0.35512175468749996 0.41298925468750003 0.3393780421875 0.391138053125 0.333429903125 0.3682886828125 0.339192609375 0.3512790296875 0.3477911375 0.351831059375 0.3581026140625 0.36255485625 0.3686905875 0.379118371875 0.382114384375 0.40251977187500004 0.3866631546875 0.4216316546875 0.3869767375 0.43275905937500003 0.382336903125 0.43590198750000003 0.372743653125
0 0.12138616093750002 0.136436315625 0.1296891828125 0.13975095625 0.1363994765625 0.151259478125 0.155426296875 0.1651620921875 0.15793213281250001 0.1588463953125 0.15332406875 0.15624998125 0.14502104531249999 0.1529353421875 0.1394998734375 0.14846074375 0.13247103437500002 0.138590996875 0.12389199687500001 0.1301206203125 0.12138616093750002 0.136436315625
1 0.7680836453125 0.84037809375 0.7758346375 0.83338125625 0.786813621875 0.8032021374999999 0.8042694125000001 0.7725812859375 0.8207695671874999 0.7468767656249999 0.8387773890625001 0.7265673921875 0.8518586000000001 0.705300384375 0.8588666093749999 0.6692472984375 0.8505002265625 0.6268043421875 0.8340643046875 0.592997 0.797879409375 0.56215363125 0.7560457484375 0.5472192078125 0.7083723703125 0.5294489640625 0.6690445484375 0.5081988453124999 0.63825323125 0.50221361875 0.6203304703125 0.5089339609375 0.6094365500000001 0.52552405 0.6083533203125 0.5508239265625 0.6113686546875 0.561614221875 0.61986263125 0.58367363125 0.64118263125 0.6252331234375 0.66611253125 0.681099875 0.6839710578125 0.7338913953125 0.6963084140625 0.7822083171875 0.7046114375 0.78552295625 0.7389275875 0.8194044703125 0.7680836453125 0.84037809375
0 0.2626208671875 0.37647651875 0.24883920312500002 0.361892765625 0.23442044687500002 0.3505865640625 0.2242486796875 0.35031006875 0.24045111718749998 0.37216715625 0.24994326249999999 0.3825157203125 0.25943540781249996 0.392864284375 0.26440454999999996 0.3870274046875 0.2626208671875 0.37647651875
0 0.535197140625 0.56551563125 0.5231566296875 0.5682772796875 0.5307374984375001 0.588458503125 0.549084696875 0.612433184375 0.5717214125 0.64064305625 0.575288778125 0.6617448296874999 0.587201696875 0.679366728125 0.59554725 0.675886853125 0.5940821140625 0.6636971890625001 0.582445209375 0.6512310296875 0.5834433796875 0.639520184375 0.5773276453125 0.631528625 0.5712119140625 0.6235370625 0.562951421875 0.6134279078125 0.5559651140625 0.5967636453125 0.5489788046874999 0.5800993859375 0.535197140625 0.56551563125
0 0.8007220046875 0.896042521875 0.8074748296875001 0.9007565296875001 0.8151832906250001 0.9005542078125 0.817689128125 0.8942385109375 0.8130810625 0.8916420984375 0.804140946875 0.8916050109375 0.8007220046875 0.896042521875
0 0.48869205625 0.5088564796874999 0.4773736984375 0.49475154374999997 0.465142234375 0.4787684234375 0.45314425312499995 0.4747355578125 0.44388559218749996 0.476337246875 0.459812015625 0.49303859531249994 0.4809410640625 0.5158533171874999 0.5036203109375 0.5372686734375 0.517040896875 0.56028571875 0.527170134375 0.5673567312500001 0.51684994375 0.54154095 0.5021551734374999 0.525079009375 0.48869205625 0.5088564796874999
