0 0.5688888890625 0.668662675 0.5833333328125 0.6806387218750001 0.57555555625 0.6586826343750001 0.56444444375 0.65469061875 0.5522222218749999 0.6487025953125001 0.5511111109375 0.6566866265625 0.557777778125 0.664670659375 0.5688888890625 0.668662675
0 0.63444444375 0.7025948109375 0.64 0.686626746875 0.6311111109375 0.6786427140625 0.6211111109375 0.672654690625 0.6088888890625 0.6706586828125001 0.6111111109375 0.6826347312500001 0.622222221875 0.6846307390625 0.63444444375 0.7025948109375
0 0.492222221875 0.6666666671875 0.47888888906249993 0.6666666671875 0.482222221875 0.6786427140625 0.487777778125 0.6746506984375 0.492222221875 0.6666666671875
0 0.5288888890625 0.6966067859375 0.5166666671875 0.686626746875 0.512222221875 0.6926147703125001 0.522222221875 0.69860279375 0.5288888890625 0.6966067859375
0 0.35444444375 0.608782434375 0.3533333328125 0.5968063875 0.35444444375 0.618762475 0.3588888890625 0.63273453125 0.36222222187500003 0.6207584828125 0.35444444375 0.608782434375
0 0.2388888890625 0.45309381249999997 0.23777777812499998 0.43313373281249995 0.25555555625 0.45109780468749994 0.24666666718750002 0.43712574843749996 0.23777777812499998 0.4191616765625 0.23333333281250002 0.42115768437499995 0.232222221875 0.43912175624999994 0.2388888890625 0.45309381249999997
0 0.272222221875 0.556886228125 0.287777778125 0.5708582828125001 0.27999999999999997 0.5528942109375 0.2811111109375 0.5389221562500001 0.2733333328125 0.528942115625 0.27 0.5409181640625 0.25888888906249996 0.5469061875000001 0.272222221875 0.556886228125
0 0.3333333328125 0.618762475 0.32777777812500003 0.6127744515625 0.32555555625 0.6247504984375001 0.3333333328125 0.618762475
0 0.3266666671875 0.622754490625 0.3188888890625 0.63273453125 0.3366666671875 0.618762475 0.3266666671875 0.622754490625
0 0.24555555624999997 0.4910179640625 0.23777777812499998 0.48303393281250007 0.24444444375000002 0.5049900203125001 0.257777778125 0.5049900203125001 0.24555555624999997 0.4910179640625
0 0.3288888890625 0.5708582828125001 0.3233333328125 0.5828343312500001 0.33888888906250003 0.5708582828125001 0.3288888890625 0.5708582828125001
0 0.3111111109375 0.528942115625 0.3088888890625 0.5449101796875 0.3166666671875 0.542914171875 0.3111111109375 0.528942115625
0 0.1888888890625 0.41117764531249995 0.177777778125 0.4191616765625 0.1866666671875 0.42714570781249994 0.19444444375 0.42514969999999996 0.1888888890625 0.41117764531249995
0 0.24333333281249997 0.5129740515625001 0.24 0.5249501000000001 0.2511111109375 0.5229540921875 0.24333333281249997 0.5129740515625001
0 0.6900000000000001 0.7245508984375 0.6811111109375 0.722554890625 0.68444444375 0.694610778125 0.6666666671875 0.6966067859375 0.6488888890625 0.69860279375 0.6566666671875 0.7145708578125001 0.65 0.7325349296875 0.6611111109375 0.7405189625 0.67 0.7345309375 0.6900000000000001 0.7245508984375
1 0.42222222187499997 0.5748503 0.42888888906249995 0.578842315625 0.4388888890625 0.5908183625000001 0.442222221875 0.600798403125 0.447777778125 0.6127744515625 0.4566666671875 0.622754490625 0.4611111109375 0.608782434375 0.467777778125 0.5928143718750001 0.47000000000000003 0.5748503 0.4711111109375 0.5608782437500001 0.4711111109375 0.5449101796875 0.4711111109375 0.5249501000000001 0.4688888890625 0.5089820359375 0.45999999999999996 0.49301397187499996 0.45222222187499994 0.48303393281250007 0.4388888890625 0.4690618765625 0.42444444375 0.46706586874999995 0.4166666671875 0.45508982031249995 0.40222222187499995 0.4471057890625 0.3888888890625 0.43712574843749996 0.377777778125 0.4231536921875 0.37 0.4231536921875 0.3588888890625 0.4231536921875 0.3366666671875 0.43712574843749996 0.3311111109375 0.43113772499999997 0.31555555625 0.42714570781249994 0.30222222187500003 0.41716566874999994 0.28555555625 0.407185628125 0.27 0.3932135734375 0.2611111109375 0.3872255484375 0.2488888890625 0.37524950156250003 0.23333333281250002 0.36327345312500003 0.212222221875 0.35129740468750004 0.18222222187499998 0.31736526875000004 0.1666666671875 0.31337325312500003 0.1666666671875 0.3532934125 0.1688888890625 0.39520958125 0.177777778125 0.45309381249999997 0.1888888890625 0.506986028125 0.20888888906249997 0.5608782437500001 0.22999999999999998 0.586826346875 0.24555555624999997 0.6027944109375001 0.262222221875 0.622754490625 0.292222221875 0.6487025953125001 0.3066666671875 0.664670659375 0.317777778125 0.672654690625 0.32555555625 0.6786427140625 0.337777778125 0.6906187625 0.34555555625 0.69860279375 0.352222221875 0.7045908187500001 0.3588888890625 0.708582834375 0.367777778125 0.7205588828125 0.37666666718749997 0.722554890625 0.37 0.7105788421875 0.36555555625 0.700598803125 0.36666666718749996 0.6886227546875 0.3711111109375 0.672654690625 0.377777778125 0.66267465 0.38 0.6487025953125001 0.38 0.6347305390625 0.3811111109375 0.6167664671875001 0.38333333281250004 0.6027944109375001 0.3888888890625 0.5928143718750001 0.39555555625 0.5828343312500001 0.4011111109375 0.5708582828125001 0.41111111093749997 0.5688622750000001 0.4166666671875 0.5708582828125001 0.42222222187499997 0.5748503
0 0.61444444375 0.6407185625 0.6266666671875 0.644710578125 0.637777778125 0.650698603125 0.64444444375 0.6526946109375 0.65444444375 0.6566866265625 0.6666666671875 0.6606786421875 0.67444444375 0.6526946109375 0.6788888890625 0.6367265468750001 0.6711111109375001 0.6307385234375 0.6555555562500001 0.6247504984375001 0.642222221875 0.6127744515625 0.6311111109375 0.608782434375 0.617777778125 0.608782434375 0.5966666671875 0.608782434375 0.5966666671875 0.6247504984375001 0.6033333328125 0.628742515625 0.61444444375 0.6407185625
0 0.5177777781249999 0.5968063875 0.5333333328125 0.6247504984375001 0.5233333328125 0.6047904187500001 0.5177777781249999 0.5968063875
0 0.5388888890625 0.644710578125 0.5488888890625 0.6467065875 0.5611111109375 0.6467065875 0.56444444375 0.6367265468750001 0.557777778125 0.63273453125 0.5466666671875 0.6267465062500001 0.5355555562500001 0.6167664671875001 0.53 0.608782434375 0.522222221875 0.600798403125 0.5266666671875 0.6267465062500001 0.53444444375 0.6347305390625 0.5388888890625 0.644710578125
0 0.50555555625 0.644710578125 0.5166666671875 0.66267465 0.5255555562499999 0.650698603125 0.51 0.6387225546875 0.50555555625 0.644710578125
0 0.567777778125 0.6746506984375 0.5488888890625 0.6826347312500001 0.5611111109375 0.694610778125 0.58 0.6966067859375 0.5811111109375 0.6826347312500001 0.567777778125 0.6746506984375
0 0.51444444375 0.7425149703125 0.5133333328125 0.758483034375 0.5111111109375 0.7844311375 0.522222221875 0.7704590812500001 0.53 0.7924151703125 0.5388888890625 0.8163672656250001 0.54555555625 0.802395209375 0.5511111109375 0.7744510984375 0.5511111109375 0.7644710578125 0.5488888890625 0.7564870265625 0.5355555562500001 0.7385229546875001 0.5355555562500001 0.7285429140625 0.532222221875 0.718562875 0.52444444375 0.7065868265625 0.5177777781249999 0.7025948109375 0.5111111109375 0.718562875 0.512222221875 0.7285429140625 0.51444444375 0.7425149703125
0 0.642222221875 0.7345309375 0.6555555562500001 0.7325349296875 0.65444444375 0.7065868265625 0.6455555562499999 0.708582834375 0.6333333328124999 0.716566865625 0.63444444375 0.7285429140625 0.642222221875 0.7345309375
0 0.65 0.766467065625 0.6566666671875 0.7704590812500001 0.6611111109375 0.7684630734375 0.6611111109375 0.758483034375 0.6566666671875 0.752495009375 0.65 0.744510978125 0.642222221875 0.7485029937500001 0.6433333328125 0.7604790421875001 0.65 0.766467065625
0 0.5033333328125 0.7964071859375 0.507777778125 0.7944111781250001 0.51444444375 0.7924151703125 0.51555555625 0.7844311375 0.512222221875 0.7784431140625 0.51 0.7604790421875001 0.5066666671875 0.7504990015625 0.50555555625 0.722554890625 0.5011111109375 0.7065868265625 0.4888888890625 0.7025948109375 0.482222221875 0.7045908187500001 0.477777778125 0.7105788421875 0.4933333328125 0.7944111781250001 0.49888888906249995 0.7964071859375 0.5033333328125 0.7964071859375
