0 0.4045929859375 0.567807221875 0.3568466671875 0.5778019984375 0.34000925 0.6075355234375001 0.3665166625 0.652777225 0.3712071578125 0.66926798125 0.4239693765625 0.6664456328125 0.43917977500000005 0.6833037546875 0.4798314765625 0.67539365 0.49308090625 0.6478672515625 0.5258972796875 0.5627135671875 0.474562975 0.574915471875 0.444187125 0.5901816875 0.4045929859375 0.567807221875
0 0.5992754515625001 0.37168486562499997 0.58325154375 0.37812256718750004 0.5707342718749999 0.384682725 0.5863514249999999 0.389892934375 0.616645921875 0.376956303125 0.6326698296875 0.3705186 0.6536282859375 0.373582909375 0.683271978125 0.3792829359375 0.685757453125 0.35837792031250004 0.6714055109375 0.3672064328125 0.6628016265625 0.36224113281250003 0.6524444234375 0.3572146046875 0.6295699484374999 0.35874823437500003 0.5992754515625001 0.37168486562499997
0 0.448218265625 0.5250146078125 0.469176721875 0.5280789171875 0.48695394687500004 0.5217024421875001 0.5154951265625 0.5087045828125001 0.52992841875 0.4975464890625 0.525400625 0.476396565625 0.504198115625 0.4803210046875 0.49135544062500003 0.496199490625 0.4750061296875 0.511955521875 0.448218265625 0.5250146078125
0 0.5229066 0.3970070859375 0.4987305125 0.43581403124999996 0.48906906718750004 0.4611333 0.49233165 0.46824450312500004 0.5131638046875 0.4246559375 0.5229066 0.3970070859375
0 0.5162636843749999 0.436426303125 0.5029329046875 0.4662822828125 0.5188754609374999 0.46217416250000004 0.5360382796875001 0.4231223078125 0.548636903125 0.41423256875 0.5559755765625 0.4051591484375 0.52991986875 0.39725199375 0.520339775 0.42024168125 0.5162636843749999 0.436426303125
0 0.54015931875 0.4559201421875 0.5613618296875 0.45199570468749994 0.5671098859375 0.4382018921875 0.5622566875 0.42637029843749996 0.5534901015625 0.4260641625 0.5424007421875 0.442003875 0.52605143125 0.45775990625 0.54015931875 0.4559201421875
0 0.5932469421875 0.4437794640625 0.6111868687500001 0.4327438234375 0.632308025 0.4311489671875 0.660442453125 0.42979902187499996 0.6677811250000001 0.42072560000000003 0.6361400640625 0.4219530921875 0.5797898609375001 0.4269825703125 0.5684564484375 0.4499110296875 0.5932469421875 0.4437794640625
0 0.622971984375 0.4471499078125 0.644581246875 0.43157755781249996 0.6130215359375 0.43047546875 0.5966722265625 0.4462315 0.622971984375 0.4471499078125
0 0.6628101765625 0.4625356265625 0.6691276890625 0.4324347390625 0.6531851328125 0.436542859375 0.6279878828125 0.4543223375 0.6327597296875 0.46848351250000003 0.6628101765625 0.4625356265625
0 0.640143353125 0.5083925484375 0.657595175 0.511334403125 0.6570621203125 0.4763294390625 0.6339435921875001 0.484851815625 0.6126597328125001 0.4911058375 0.6296234484375 0.508025184375 0.640143353125 0.5083925484375
0 0.6994307359375 0.5197926015625 0.7131682703125 0.478288709375 0.7146325859375 0.4363562265625 0.693511428125 0.437951084375 0.6853592484375 0.470320328125 0.690375146875 0.47749275625000004 0.6994307359375 0.5197926015625
0 0.782397553125 0.40606870937500006 0.7416645015625 0.41630839531249997 0.7219712578124999 0.42728280781250005 0.7376697625 0.430163434375 0.7909200859375 0.41336359062500005 0.8439263562500001 0.4035524953125 0.8551784187499999 0.3829536171875 0.8484905515625 0.373390378125 0.8360546296875 0.377620953125 0.8233746546875 0.388840275 0.8054347281249999 0.3998759140625 0.782397553125 0.40606870937500006
0 0.7582214656249999 0.4448756546875 0.8291676609374999 0.42402891875000004 0.8314904343749999 0.40778307031249994 0.7979333546875 0.41360849999999993 0.7518590015625 0.4259940875 0.7181392203125 0.43647868125 0.7174070625 0.4574449234375 0.7582214656249999 0.4448756546875
0 0.7134123234375 0.4712999640625 0.720181540625 0.47853361874999994 0.7379587640625 0.47215714374999995 0.7682532640625 0.45922051250000007 0.8214222359375001 0.44475024999999996 0.8291676609374999 0.42402891875000004 0.814897071875 0.4305278484375 0.7845212234375001 0.4457940625 0.7454601375000001 0.45842455937500004 0.7134123234375 0.4712999640625
0 0.71300556875 0.48294787499999997 0.7125174640624999 0.49692536875000004 0.7408145921875 0.4909162578125 0.7605891875 0.4776122625 0.8209341312499999 0.4587277453125 0.8214222359375001 0.44475024999999996 0.8037263625 0.44879714374999996 0.7717598984375 0.45934296718749995 0.736205446875 0.4720959171875 0.71300556875 0.48294787499999997
0 0.703100071875 0.5152558921875 0.7137013265625 0.5132936734375 0.7369012046875001 0.5024417140625 0.776124990625 0.48515205312500004 0.797734253125 0.46957970312499997 0.7730251109374999 0.4733816875 0.74089594375 0.4885866734375 0.710682796875 0.49919372500000003 0.703100071875 0.5152558921875
0 0.7541089750000001 0.512372315625 0.761528996875 0.5009693125 0.7439958234375 0.500357040625 0.7082786734375001 0.51776915625 0.695435996875 0.5336476421875 0.7238958265625001 0.522979365625 0.7541089750000001 0.512372315625
0 0.7539462734375 0.5170314796875 0.7683795640625 0.5058733859375 0.7578596609375 0.5055060234375001 0.7469330015625 0.516786571875 0.7539462734375 0.5170314796875
0 0.7462008453125 0.5377528125000001 0.7484422671875001 0.5238365468749999 0.728911725 0.53015179375 0.6970266125 0.538368034375 0.6876905703125 0.554368975 0.703795828125 0.5456016906250001 0.7462008453125 0.5377528125000001
0 0.7032263734375 0.5619087656249999 0.7479541625 0.537814040625 0.7108904484375 0.543517015625 0.68561185 0.5636260765625 0.7032263734375 0.5619087656249999
0 0.7490566750000001 0.5565119265625 0.7496261296875 0.5402048500000001 0.7174156125 0.55773941875 0.6851237453125 0.577603571875 0.7490566750000001 0.5565119265625
0 0.6335004375 0.5478117671875 0.6435322359375 0.562156625 0.657640125 0.5603168593750001 0.6634695328125 0.544193465625 0.6627737765624999 0.513847665625 0.629460746875 0.51268435 0.6305632578125 0.5313822359375 0.6335004375 0.5478117671875
0 0.6155155609375 0.50986495 0.6178383328125 0.4936191 0.598877246875 0.483627271875 0.5865226765625 0.485528265625 0.6155155609375 0.50986495
