1 0.31338582656249997 0.5147679328125 0.354330709375 0.561181434375 0.38582677187500003 0.478902953125 0.36535433125 0.4367088609375 0.3055118109375 0.4113924046875 0.24094488125 0.40295358593749997 0.24251968437500002 0.46835442968749996 0.2440944875 0.49367088593749997 0.2614173234375 0.52531645625 0.31338582656249997 0.5147679328125
1 0.1464566921875 0.356540084375 0.1133858265625 0.33966244687499997 0.0944881890625 0.3713080171875 0.1338582671875 0.38607595 0.1464566921875 0.356540084375
1 0.22204724374999998 0.413502109375 0.22519684999999998 0.4198312234375 0.2314960625 0.4451476796875 0.24724409375 0.3881856546875 0.24251968437500002 0.3628691984375 0.21889763750000002 0.3691983125 0.214173228125 0.3881856546875 0.214173228125 0.3945147671875 0.22204724374999998 0.413502109375
1 0.0944881890625 0.3713080171875 0.0976377953125 0.36075949375 0.0913385828125 0.3459915609375 0.0755905515625 0.356540084375 0.07716535468749999 0.37974683593749997 0.0976377953125 0.37552742656250004 0.0944881890625 0.3713080171875
1 0.0787401578125 0.3502109703125 0.08188976406250001 0.3291139234375 0.0724409453125 0.322784809375 0.06614173281249999 0.3670886078125 0.07086614218750001 0.373417721875 0.0787401578125 0.3502109703125
0 0.3007874015625 0.36497890312500003 0.3039370078125 0.37763713125 0.31338582656249997 0.37974683593749997 0.3007874015625 0.36497890312500003
0 0.32125984218750003 0.3987341765625 0.3322834640625 0.40717299531249995 0.3370078734375 0.396624471875 0.32125984218750003 0.3987341765625
1 0.21574803125000003 0.47257383906249995 0.223622046875 0.46624472499999997 0.22519684999999998 0.45358649843750004 0.226771653125 0.44092827031250004 0.22204724374999998 0.430379746875 0.220472440625 0.421940928125 0.212598425 0.40084388125 0.2 0.4092827 0.19685039375 0.41772151874999996 0.20157480312499998 0.45358649843750004 0.2062992125 0.47046413437499995 0.21574803125000003 0.47257383906249995
1 0.2314960625 0.3122362875 0.24094488125 0.3101265828125 0.2314960625 0.2679324890625 0.226771653125 0.2848101265625 0.22519684999999998 0.29957805937500004 0.2314960625 0.3122362875
1 0.2503937015625 0.38607595 0.2614173234375 0.3945147671875 0.2787401578125 0.3987341765625 0.2708661421875 0.38607595 0.26614173281250003 0.3691983125 0.26614173281250003 0.3502109703125 0.2535433078125 0.3586497890625 0.24881889687499997 0.3691983125 0.2503937015625 0.38607595
