0 0.40276035156249995 0.5141903171875 0.3952321203125 0.4974958265625 0.38770388906250003 0.4974958265625 0.3776662484375 0.500834725 0.3914680046875 0.5258764609375 0.40401505625 0.5308848078125 0.4102885828125 0.5258764609375 0.40276035156249995 0.5141903171875
0 0.3412798 0.33222036718750003 0.3701380171875 0.30550918125000004 0.38644918437500003 0.26043405625 0.380175659375 0.23372287187500002 0.358845671875 0.2237061765625 0.34629862031249997 0.25375626093750003 0.3262233375 0.2871452421875 0.30991217031249996 0.312186978125 0.2961104140625 0.3388981640625 0.301129234375 0.357262103125 0.3174404015625 0.3422370625 0.3412798 0.33222036718750003
0 0.51693851875 0.2871452421875 0.5345043921875 0.2804674453125 0.564617315625 0.26711185312499997 0.599749059375 0.257095159375 0.5872020078125 0.25375626093750003 0.5545796734375 0.2587646078125 0.520702634375 0.277128546875 0.49184441718749994 0.290484140625 0.49184441718749994 0.2954924875 0.5018820578125001 0.2954924875 0.51693851875 0.2871452421875
0 0.5934755328125 0.22203672812500003 0.5834378921875001 0.2186978296875 0.5683814296875 0.22203672812500003 0.5483061484375 0.227045075 0.5370138015625 0.23205342187500003 0.5257214546875 0.2404006671875 0.5533249687499999 0.23205342187500003 0.5696361359375001 0.2287145234375 0.5834378921875001 0.2253756265625 0.5934755328125 0.22203672812500003
0 0.6398996234375 0.198664440625 0.6311166874999999 0.20534223749999997 0.62358845625 0.20701168593750002 0.621079046875 0.2120200328125 0.6398996234375 0.21035058437499998 0.648682559375 0.2036727875 0.6511919703125 0.1953255421875 0.6398996234375 0.198664440625
0 0.6248431625 0.163606009375 0.6361355078125001 0.14858096875 0.62358845625 0.14190317187499998 0.59598494375 0.14190317187499998 0.5821831875 0.1502504171875 0.5608532 0.18864774687500002 0.5558343796874999 0.2036727875 0.549560853125 0.21702838125 0.5683814296875 0.19365609374999998 0.5884567125 0.18196995 0.6072772890625 0.165275459375 0.6248431625 0.163606009375
0 0.6323713921875 0.1135225375 0.6411543281250001 0.1135225375 0.65997490625 0.11018363906249999 0.6737766625 0.11018363906249999 0.6951066499999999 0.106844740625 0.7114178171875001 0.0984974953125 0.7101631109375 0.0884808015625 0.7013801749999999 0.073455759375 0.6925972390624999 0.0667779625 0.6813048937499999 0.0584307171875 0.6549560859375 0.05676126875 0.6411543281250001 0.0584307171875 0.6386449187500001 0.0767946578125 0.6323713921875 0.0818030046875 0.6260978671874999 0.0834724546875 0.6160602265625 0.0934891484375 0.60225846875 0.11519198593749999 0.5947302390625 0.13355592656249998 0.613550815625 0.11853088437499999 0.6248431625 0.1135225375 0.6323713921875 0.1135225375
0 0.726474278125 0.1853088484375 0.7214554578125 0.1969949921875 0.7352572140625 0.19198664375000002 0.7352572140625 0.1853088484375 0.7352572140625 0.1786310515625 0.7352572140625 0.163606009375 0.7352572140625 0.1502504171875 0.7352572140625 0.1402337234375 0.7314930984375 0.1285475796875 0.727728984375 0.136894825 0.727728984375 0.153589315625 0.727728984375 0.1719532546875 0.726474278125 0.1853088484375
0 0.737766625 0.2404006671875 0.737766625 0.2654424046875 0.7365119203125 0.288814690625 0.7352572140625 0.29883138593749997 0.7352572140625 0.313856428125 0.741530740625 0.323873121875 0.7528230859375 0.3088480796875 0.7666248437500001 0.2754590984375 0.776662484375 0.245409015625 0.7804266 0.2186978296875 0.782936009375 0.186978296875 0.770388959375 0.153589315625 0.7590966124999999 0.136894825 0.7465495609375 0.12353923281250001 0.737766625 0.1519198671875 0.7390213296875 0.1836393984375 0.740276034375 0.2020033390625 0.7390213296875 0.2237061765625 0.737766625 0.2404006671875
0 0.6750313671875 0.5826377296875 0.6925972390624999 0.5642737890625 0.7013801749999999 0.55759599375 0.7101631109375 0.5459098499999999 0.7151819328125 0.5375626046875001 0.7214554578125 0.529215359375 0.72396486875 0.5242070109375 0.72396486875 0.515859765625 0.7227101625000001 0.500834725 0.7176913421875 0.5025041734375 0.6925972390624999 0.5191986640625 0.670012546875 0.5375626046875001 0.6612296109375 0.5475792984375001 0.6750313671875 0.550918196875 0.6725219578125 0.5642737890625 0.6750313671875 0.5826377296875
0 0.6298619828125 0.5659432390625 0.6474278546875001 0.5525876453125 0.6587202 0.5425709515625 0.6725219578125 0.529215359375 0.68757841875 0.5191986640625 0.698870765625 0.51085141875 0.7101631109375 0.5025041734375 0.7214554578125 0.49582637656250006 0.7252195734375 0.4908180296875 0.726474278125 0.4791318859375 0.727728984375 0.4674457421875 0.7289836890625 0.459098496875 0.7289836890625 0.45242070156249997 0.726474278125 0.4457429046875 0.7252195734375 0.437395659375 0.7214554578125 0.4340567609375 0.7164366375 0.437395659375 0.7139272265625001 0.4357262109375 0.7101631109375 0.4307178625 0.706398996875 0.4340567609375 0.7038895859375 0.44240400625 0.7001254703125 0.45242070156249997 0.7001254703125 0.46243739531249994 0.7051442906250001 0.46243739531249994 0.706398996875 0.45242070156249997 0.7114178171875001 0.449081803125 0.7164366375 0.44407345625000005 0.7214554578125 0.44240400625 0.7227101625000001 0.4574290484375 0.7227101625000001 0.4691151921875 0.720200753125 0.48580968281250003 0.712672521875 0.4908180296875 0.706398996875 0.49248747968749995 0.7013801749999999 0.49582637656250006 0.6976160609375001 0.499165275 0.6963613546875 0.5041736234374999 0.6925972390624999 0.505843071875 0.6838143031249999 0.51085141875 0.6750313671875 0.517529215625 0.663739021875 0.527545909375 0.6612296109375 0.5342237062499999 0.6549560859375 0.5375626046875001 0.6511919703125 0.5375626046875001 0.64491844375 0.5425709515625 0.6411543281250001 0.539232053125 0.6398996234375 0.5442404 0.6361355078125001 0.550918196875 0.6286072765624999 0.55592654375 0.621079046875 0.5659432390625 0.603513175 0.5809682796875 0.585947303125 0.590984975 0.5658720203125001 0.60100166875 0.549560853125 0.609348915625 0.528230865625 0.6277128546874999 0.585947303125 0.5993322203125 0.6110414046875 0.5809682796875 0.6298619828125 0.5659432390625
0 0.358845671875 0.5325542578125 0.357590965625 0.5075125203125 0.343789209375 0.47412353906250004 0.3312421578125 0.4474123546875 0.3036386453125 0.39398998281250003 0.2772898375 0.370617696875 0.2710163109375 0.380634390625 0.2609786703125 0.42404006718750004 0.2609786703125 0.4691151921875 0.259723965625 0.5075125203125 0.3425345046875 0.5809682796875 0.3450439140625 0.562604340625 0.358845671875 0.5325542578125
0 0.48306148125000004 0.7646076796875 0.479297365625 0.7328881468749999 0.4592220828125 0.7178631046875 0.42659974843750004 0.686143571875 0.4102885828125 0.6794657765625 0.39774153125 0.6844741234375 0.400250940625 0.7011686140625 0.407779171875 0.722871453125 0.41405269687499996 0.78464106875 0.41530740312500003 0.80801335625 0.41656210781249997 0.8397328875 0.4090338765625 0.8781302171875 0.44667503125 0.834724540625 0.47553324999999996 0.7946577625 0.48306148125000004 0.7646076796875
0 0.64491844375 0.6176961609375 0.6750313671875 0.584307178125 0.670012546875 0.5659432390625 0.663739021875 0.57929883125 0.6499372640625001 0.590984975 0.6336260984375001 0.607679465625 0.6072772890625 0.629382303125 0.5821831875 0.6494156921875 0.564617315625 0.6594323875 0.5483061484375 0.6744574296875 0.5947302390625 0.6460767953125 0.6198243406249999 0.6343906515625 0.64491844375 0.6176961609375
0 0.5106649937500001 0.6160267109374999 0.48808030156250004 0.585976628125 0.46800501875 0.5609348921875 0.4592220828125 0.5525876453125 0.43663739062499995 0.539232053125 0.41907151875000004 0.5308848078125 0.4065244671875 0.505843071875 0.38644918437500003 0.499165275 0.39774153125 0.5258764609375 0.400250940625 0.5358931546875 0.4178168125 0.5659432390625 0.44165621093749996 0.5976627718749999 0.456712671875 0.6227045078125 0.4705144296875 0.6611018359374999 0.481806775 0.6744574296875 0.506900878125 0.654424040625 0.5194479296875001 0.6360601 0.5106649937500001 0.6160267109374999
0 0.5332496859375 0.5876460765625 0.549560853125 0.5809682796875 0.5683814296875 0.5692821375 0.59598494375 0.5542570953125 0.6198243406249999 0.5375626046875001 0.634880803125 0.527545909375 0.648682559375 0.517529215625 0.670012546875 0.5025041734375 0.685069009375 0.49248747968749995 0.7013801749999999 0.48080133593749996 0.7114178171875001 0.472454090625 0.72396486875 0.4641068453125 0.7189460484375 0.4641068453125 0.7013801749999999 0.47412353906250004 0.691342534375 0.484140234375 0.6762860734375 0.49582637656250006 0.6537013796875 0.5091819703125 0.634880803125 0.5225375624999999 0.606022584375 0.540901503125 0.5721455453125001 0.5609348921875 0.5470514421875 0.5759599328125 0.5294855703125 0.5826377296875 0.5131744046875 0.584307178125 0.5031367625 0.5826377296875 0.5031367625 0.5893155265625001 0.51693851875 0.590984975 0.5332496859375 0.5876460765625
0 0.213299875 0.48580968281250003 0.25470514375 0.5025041734375 0.2572145546875 0.49248747968749995 0.24717691406250003 0.4791318859375 0.21706399062499998 0.45242070156249997 0.195734003125 0.4457429046875 0.16938519375 0.44240400625 0.1392722703125 0.43906510781249997 0.11417816875 0.449081803125 0.1154328734375 0.45575960000000004 0.13048933437500002 0.4574290484375 0.15934755312499999 0.46577629375 0.1718946046875 0.4674457421875 0.213299875 0.48580968281250003
0 0.43287327500000006 0.6360601 0.442910915625 0.6527545906250001 0.46173149375 0.6727879796875 0.4742785453125 0.6794657765625 0.48682559531249997 0.6794657765625 0.500627353125 0.6677796328125 0.49435382656250004 0.666110184375 0.479297365625 0.66944908125 0.4592220828125 0.6611018359374999 0.44416562031250006 0.642737896875 0.422835634375 0.6060100171875 0.4090338765625 0.5776293828125 0.3989962359375 0.55759599375 0.3927227109375 0.5475792984375001 0.3914680046875 0.55592654375 0.40276035156249995 0.5776293828125 0.4090338765625 0.5926544234375 0.42409033906250004 0.6176961609375 0.43287327500000006 0.6360601
0 0.48933500625 0.3672787984375 0.52446675 0.3672787984375 0.5545796734375 0.3656093484375 0.5897114171875 0.3656093484375 0.6411543281250001 0.3672787984375 0.6762860734375 0.3505843078125 0.7013801749999999 0.3388981640625 0.7327478046875 0.3255425703125 0.7314930984375 0.29382303906249996 0.73023839375 0.257095159375 0.7289836890625 0.22203672812500003 0.7289836890625 0.18864774687500002 0.727728984375 0.15859766250000001 0.7214554578125 0.1268781296875 0.7164366375 0.153589315625 0.7151819328125 0.18196995 0.7164366375 0.21035058437499998 0.7176913421875 0.24373956562500002 0.7176913421875 0.26043405625 0.7176913421875 0.2804674453125 0.7101631109375 0.3088480796875 0.698870765625 0.313856428125 0.6787954828125 0.3222036734375 0.6323713921875 0.3272120203125 0.592220828125 0.3405676125 0.506900878125 0.3489148578125 0.500627353125 0.3255425703125 0.48557089062500003 0.333889815625 0.48306148125000004 0.3555926546875 0.48933500625 0.3672787984375
0 0.543287328125 0.6844741234375 0.5508155578125 0.6744574296875 0.5370138015625 0.6828046750000001 0.51693851875 0.6944908187500001 0.500627353125 0.7128547578125 0.5056461734375 0.711185309375 0.5194479296875001 0.7028380640624999 0.543287328125 0.6844741234375
0 0.46800501875 0.6594323875 0.4730238390625 0.6644407343750001 0.479297365625 0.6677796328125 0.4705144296875 0.6577629375 0.46173149375 0.6444073453125 0.4529485578125 0.6327212015625 0.450439146875 0.629382303125 0.44792973593749996 0.6277128546874999 0.450439146875 0.6343906515625 0.456712671875 0.64774624375 0.46047678750000004 0.6527545906250001 0.46800501875 0.6594323875
