0 0.5617391296875 0.64351851875 0.566956521875 0.6458333328125 0.57391304375 0.6481481484375 0.5617391296875 0.64351851875
0 0.566956521875 0.6504629625 0.5721739125 0.6504629625 0.5721739125 0.64351851875 0.5599999999999999 0.64351851875 0.566956521875 0.6504629625
0 0.593043478125 0.6828703703125 0.606956521875 0.6875 0.6121739125000001 0.6851851859375 0.6017391296875 0.6759259265625001 0.5878260875 0.671296296875 0.5773913046875 0.671296296875 0.5773913046875 0.6828703703125 0.5843478265625001 0.6805555562500001 0.593043478125 0.6828703703125
0 0.5913043484375 0.6990740734374999 0.5982608703125 0.696759259375 0.5895652171875 0.6898148140625 0.579130434375 0.6851851859375 0.566956521875 0.6828703703125 0.5721739125 0.6898148140625 0.5843478265625001 0.6921296296875 0.5913043484375 0.6990740734374999
0 0.514782609375 0.6574074078125001 0.5286956515625 0.6574074078125001 0.5373913046875 0.6574074078125001 0.539130434375 0.652777778125 0.5217391296875 0.6504629625 0.50608695625 0.652777778125 0.4956521734375 0.6574074078125001 0.49913043437500004 0.6666666671875 0.5043478265625 0.659722221875 0.514782609375 0.6574074078125001
0 0.540869565625 0.6828703703125 0.5373913046875 0.671296296875 0.5182608703125 0.671296296875 0.52 0.6805555562500001 0.5286956515625 0.6828703703125 0.540869565625 0.6828703703125
0 0.46782608750000004 0.64351851875 0.47304347812499997 0.641203703125 0.4643478265625 0.6273148140625 0.45391304374999997 0.6273148140625 0.459130434375 0.634259259375 0.4643478265625 0.6365740734374999 0.46782608750000004 0.64351851875
0 0.46260869531250004 0.703703703125 0.46608695625 0.715277778125 0.46782608750000004 0.7245370375 0.459130434375 0.7268518515625 0.46608695625 0.7384259265625001 0.46956521718750005 0.7453703703125 0.4834782609375 0.75 0.4834782609375 0.740740740625 0.4834782609375 0.7245370375 0.4782608703125 0.70601851875 0.4834782609375 0.6898148140625 0.486956521875 0.6736111109375 0.47652173906249995 0.6643518515625 0.46956521718750005 0.6921296296875 0.46086956562500003 0.6898148140625 0.46260869531250004 0.703703703125
0 0.5026086953125 0.6736111109375 0.4886956515625 0.6828703703125 0.485217390625 0.7175925921874999 0.500869565625 0.703703703125 0.5026086953125 0.6736111109375
0 0.5356521734374999 0.7106481484375 0.5356521734374999 0.7013888890625 0.5286956515625 0.7129629625 0.514782609375 0.7245370375 0.5217391296875 0.722222221875 0.5356521734374999 0.7106481484375
0 0.5478260875000001 0.70601851875 0.540869565625 0.70601851875 0.540869565625 0.7199074078125001 0.5495652171875001 0.715277778125 0.5478260875000001 0.70601851875
0 0.5965217390625 0.7129629625 0.5878260875 0.7129629625 0.5913043484375 0.7199074078125001 0.5982608703125 0.7199074078125001 0.5965217390625 0.7129629625
0 0.5113043484375 0.625 0.5321739125 0.6296296296875 0.5252173906250001 0.6203703703125 0.50608695625 0.615740740625 0.4886956515625 0.608796296875 0.47478260937499994 0.6018518515625 0.46086956562500003 0.5949074078125001 0.4504347828125 0.5925925921874999 0.4643478265625 0.6018518515625 0.4782608703125 0.6111111109375 0.4956521734375 0.6180555562500001 0.5113043484375 0.625
1 0.8486956515624999 0.5254629625 0.8521739125 0.5069444437499999 0.8504347828125001 0.49768518593750005 0.8504347828125001 0.490740740625 0.8417391296875 0.4953703703125 0.833043478125 0.5 0.82608695625 0.5046296296875 0.8295652171875 0.5254629625 0.833043478125 0.534722221875 0.846956521875 0.5370370375 0.8486956515624999 0.5254629625
0 0.8086956515624999 0.5578703703125 0.8139130437500001 0.553240740625 0.819130434375 0.5509259265625001 0.7582608703125 0.5509259265625001 0.7773913046875001 0.5578703703125 0.7878260874999999 0.5578703703125 0.8034782609375 0.5578703703125 0.8086956515624999 0.5578703703125
1 0.845217390625 0.608796296875 0.8504347828125001 0.5925925921874999 0.859130434375 0.5833333328125 0.86608695625 0.5763888890625 0.873043478125 0.571759259375 0.8834782609375 0.5625 0.8886956515625 0.5486111109375 0.8886956515625 0.5393518515625 0.886956521875 0.527777778125 0.8713043484374999 0.49305555625 0.8678260874999999 0.509259259375 0.859130434375 0.51851851875 0.8556521734375 0.527777778125 0.8504347828125001 0.5370370375 0.8417391296875 0.5601851859375 0.8417391296875 0.5671296296875 0.8400000000000001 0.5763888890625 0.8365217390625 0.5833333328125 0.833043478125 0.590277778125 0.8313043484374999 0.5995370375 0.8313043484374999 0.608796296875 0.8295652171875 0.6203703703125 0.820869565625 0.6319444437499999 0.8034782609375 0.659722221875 0.833043478125 0.634259259375 0.8382608703125 0.6296296296875 0.8434782609375 0.6203703703125 0.845217390625 0.608796296875
