1 0.4148653390625 0.2898261671875 0.44028091874999997 0.2740521078125 0.453864415625 0.2372343140625 0.4394623328125 0.194989809375 0.36536566718749997 0.196246115625 0.36245389375000003 0.20880604531250002 0.36171346249999997 0.23077108906250002 0.3708687109375 0.260357946875 0.379191034375 0.276268125 0.39500275625 0.2944118046875 0.40383057187500004 0.29237374374999997 0.4148653390625 0.2898261671875
1 0.42214106874999996 0.3515474578125 0.4250528421875 0.3389875296875 0.42027588906249996 0.3182962734375 0.42472540781249996 0.3073626109375 0.4150646671875 0.29572399374999997 0.4051689875 0.28810218125 0.39807824687500004 0.2976643359375 0.3866448203125 0.2884162578125 0.377183409375 0.28267546875 0.3575201546875 0.29315893593750003 0.34798751875 0.307247409375 0.34531068593750003 0.3157905328125 0.3531631296875 0.3397343203125 0.36506643437499997 0.3409487890625 0.380244559375 0.35131361875 0.40602318437499996 0.35724984531250004 0.42214106874999996 0.3515474578125
0 0.5913924765624999 0.6869350015625 0.57838569375 0.6859752890624999 0.57149428125 0.701435271875 0.5538386515625 0.7055113953125 0.5450464484374999 0.697634825 0.535748753125 0.7077064953125001 0.53106429375 0.7226569609375 0.5235392859375 0.73033809375 0.51561561875 0.7262235687499999 0.519993915625 0.7351191703125 0.5334349640625 0.73795990625 0.546043090625 0.7271239625 0.5818242296875 0.71093810625 0.596639309375 0.6995926484375 0.5913924765624999 0.6869350015625
1 0.612344196875 0.7474802234375 0.6183670703125 0.72825819375 0.6104790171875 0.7142290375 0.6388632515625 0.7314514062499999 0.6624349234375 0.73789715 0.6880498312500001 0.7280209171875 0.6850455640625001 0.7049391218750001 0.6656884703125 0.691576521875 0.6454272296875 0.6843665046875 0.61302774375 0.6799588234375 0.600654559375 0.6867779625 0.5905239390625 0.6831729531249999 0.5704976390625001 0.6719461328125 0.5682550749999999 0.68237028125 0.557255915625 0.675003225 0.5486630421875 0.6730244828124999 0.538098153125 0.6675384515625 0.53254515625 0.678726871875 0.5362186343750001 0.6996728859375 0.5307368609374999 0.69103204375 0.521040509375 0.6893080578124999 0.506261040625 0.690738884375 0.48994382812500004 0.6905434453125 0.47776997187500003 0.7032604140625 0.47920088125 0.7346305734375 0.4727437390625 0.7519715796875001 0.478389228125 0.77642488125 0.4919939953125 0.7950780765625 0.5199795734375 0.8005047890625001 0.5472603328125001 0.8179819140625 0.5453239296875 0.8045599937500001 0.5557251015625 0.7942335671875 0.568062675 0.7973290578125 0.59915935625 0.7960936703125 0.59919496875 0.7861790390625 0.586095690625 0.749577603125 0.5843942296875 0.732138878125 0.612344196875 0.7474802234375
1 0.45352909218750004 0.69895045 0.45148585468749997 0.715272425 0.46174458124999995 0.744604525 0.47979886875 0.75232405625 0.485116925 0.745152440625 0.4830168046875 0.7159180593750001 0.4667708140625 0.6958933578125001 0.45352909218750004 0.69895045
1 0.38613885 0.613463328125 0.40625764374999995 0.660331871875 0.42688193124999996 0.689252175 0.4445019484375 0.695090684375 0.45904647656249997 0.6976766609375 0.45446885156250005 0.6828832328125001 0.437859815625 0.64114824375 0.41853833749999997 0.6178710109375001 0.38613885 0.613463328125
1 0.5809705140625 0.3346916125 0.5386753468750001 0.32266211718750004 0.49306975 0.31139689531250003 0.45238355312499995 0.28116440468750004 0.433190178125 0.2836142609375 0.4126583859375 0.29033568125000003 0.4245473515625 0.3569357703125 0.47399014062499994 0.4049594640625 0.5241021375 0.45084737812500003 0.539913859375 0.46899105625 0.6168510765625 0.47500408437499997 0.6499197703124999 0.47727598593750004 0.6498628875 0.43171963125 0.6286762296874999 0.3751912125 0.5809705140625 0.3346916125
1 0.318912325 0.543788665625 0.357534015625 0.5348721453125 0.35470780468749996 0.4622171921875 0.34424975 0.42698726562499995 0.33325059375 0.4196202109375 0.2989503171875 0.3918759765625 0.2652480265625 0.381825225 0.2638383875 0.40592605 0.2911048046875 0.48878879375000006 0.318912325 0.543788665625
1 0.275478071875 0.5419285609375 0.28725327031250003 0.5174159390625 0.292443221875 0.48451723125 0.2765746171875 0.420817196875 0.256726375 0.36001721875000003 0.24075093593750002 0.3260610796875 0.2374761171875 0.3169107203125 0.21764914531250001 0.311581728125 0.201153875 0.36095944687500003 0.2035245453125 0.3762623921875 0.20207929375 0.41027785000000005 0.2107290515625 0.457812946875 0.2275730265625 0.4955311328125 0.2472575515625 0.540518653125 0.26259939375 0.5666959406250001 0.26768250937500004 0.563541128125 0.275478071875 0.5419285609375
1 0.19364320468750001 0.30325496093750004 0.17732599375 0.30305952187499996 0.1692954921875 0.3286888953125 0.17537525 0.3550232203125 0.2011182640625 0.37087407968749997 0.2080452859375 0.345499465625 0.20200114062500002 0.30925050781249996 0.19364320468750001 0.30325496093750004
1 0.252561746875 0.291633825 0.2220986640625 0.300648065625 0.21500792343750003 0.3102102203125 0.216744996875 0.3177343125 0.2389782515625 0.3284516171875 0.251080884375 0.335563915625 0.2775643296875 0.32944973125 0.273456584375 0.30662269375 0.252561746875 0.291633825
0 0.29029315 0.530583103125 0.3023957828125 0.5376953999999999 0.3031006046875 0.5256449875 0.292101446875 0.51827793125 0.284811378125 0.521942259375 0.29029315 0.530583103125
0 0.3223508609375 0.568751484375 0.3155662828125 0.5544675703124999 0.3028300515625 0.539576421875 0.29557559375000003 0.5333261171875 0.2871820484375 0.537245203125 0.29487077500000003 0.54537653125 0.2966078484375 0.552900625 0.29148912031249996 0.5659700671875 0.2972058328125 0.5705941078125 0.3029581578125 0.5653035140625 0.30914475 0.5618939453125 0.3223508609375 0.568751484375
0 0.3232550109375 0.5625989 0.33418294375 0.5897952171874999 0.3392304484375 0.5965550375 0.34735344375 0.6065673874999999 0.357448453125 0.620087028125 0.35046454531250004 0.5999052875 0.33599124062499997 0.577490046875 0.328971721875 0.5672229375 0.3232550109375 0.5625989
0 0.3560887640625 0.5688876031250001 0.353611259375 0.58332855625 0.3553483328125 0.5908526484375 0.3608301046875 0.5994934921875 0.37423554531250003 0.612248859375 0.379788540625 0.6010604390625 0.3705976796875 0.5813882125000001 0.3560887640625 0.5688876031250001
0 0.6536362687499999 0.30206514375000004 0.6380238765625 0.2898192921875 0.6181612921874999 0.29440493125 0.5952588296875 0.28582340624999997 0.5490196359375 0.266779334375 0.5215039375 0.2533190125 0.4899729875 0.252673378125 0.49652262656249996 0.27097409687499996 0.5141426453125 0.2768126046875 0.558609153125 0.298247215625 0.5865947328125001 0.30367392656250003 0.623336903125 0.3268918421875 0.646944184375 0.323422953125 0.6536362687499999 0.30206514375000004
1 0.427423034375 0.661389303125 0.4495281828125 0.6463795171875 0.434962384375 0.588322553125 0.41484358906249996 0.541454009375 0.378208253125 0.48849219843749997 0.34457718593750003 0.458612184375 0.31254074374999996 0.4759147890625 0.3095933609375 0.49838934999999995 0.3222227546875 0.5430243921875 0.3551490046875 0.5849548203125 0.3764424984375 0.6117393437499999 0.4010464234375 0.63775959375 0.427423034375 0.661389303125
1 0.49771118750000004 0.49260328593749997 0.4921369203125 0.4483207203125 0.4639307421875 0.3815251921875 0.45627762812499995 0.3634792328125 0.418631309375 0.3464139046875 0.37599436875 0.368145109375 0.3680350921875 0.373945215625 0.364980871875 0.4261636734375 0.3864380828125 0.4687606546875 0.40906999375 0.49127361406250003 0.45105899687499995 0.527149178125 0.4883066578125 0.5324188515625 0.49771118750000004 0.49260328593749997
0 0.5033636078125 0.63791319375 0.48156462343750006 0.6290769125 0.4622075296875 0.6157143109375001 0.444388184375 0.6039779750000001 0.453144775 0.6217691765625 0.47317107500000005 0.632995996875 0.4940659125 0.6479848640625 0.5103475140625 0.658094934375 0.5033636078125 0.63791319375
