0 0.227386934375 0.2976588625 0.21984924687500002 0.270903009375 0.201005025 0.25919732500000003 0.17839195937500002 0.24916387968749998 0.180904521875 0.26755852812500003 0.19974874375 0.2826086953125 0.227386934375 0.2976588625
0 0.3580402015625 0.38628762499999997 0.3567839203125 0.40301003281250003 0.35301507499999996 0.413043478125 0.3680904515625 0.41137123750000004 0.37060301562500003 0.3913043484375 0.37060301562500003 0.3695652171875 0.3567839203125 0.35785953125000003 0.3404522609375 0.3478260875 0.3379396984375 0.3628762546875 0.3555276375 0.3729096984375 0.3580402015625 0.38628762499999997
0 0.4434673359375 0.438127090625 0.49623115625 0.47157190625 0.5866834171875001 0.5367892984375 0.5866834171875001 0.5200668890625 0.5427135671875 0.4866220734375 0.5125628140625 0.46321070156250005 0.47613065312499997 0.4314381265625 0.451005025 0.4264214046875 0.420854271875 0.404682275 0.3994974875 0.387959865625 0.39572864375 0.40301003281250003 0.40577889375 0.413043478125 0.4434673359375 0.438127090625
0 0.6545226125 0.5769230765625 0.6444723625 0.56354515 0.630653265625 0.5468227421875 0.6143216078125 0.5434782609375 0.625628140625 0.565217390625 0.6419597984375 0.5802675578125001 0.6545226125 0.5769230765625
0 0.677135678125 0.618729096875 0.6608040203125001 0.6053511703125001 0.6494974874999999 0.593645484375 0.65201005 0.613712375 0.6645728640625 0.622073578125 0.677135678125 0.618729096875
0 0.75125628125 0.6588628765625 0.728643215625 0.6371237453124999 0.727386934375 0.6521739125 0.7361809046875 0.6605351171875 0.75125628125 0.6588628765625
0 0.776381909375 0.6856187296875 0.7625628140625 0.67391304375 0.7600502515625001 0.6889632109375 0.768844221875 0.6923076921875 0.776381909375 0.6856187296875
0 0.8680904515625001 0.760869565625 0.8505025125 0.7458193984375 0.824120603125 0.7240802671875 0.8354271359375 0.7458193984375 0.85427135625 0.764214046875 0.8680904515625001 0.760869565625
0 0.7587939703125001 0.700668896875 0.74874371875 0.6872909703125 0.729899496875 0.678929765625 0.7374371859375 0.6939799328125 0.7474874375 0.70568561875 0.7587939703125001 0.700668896875
0 0.47361809062500004 0.6505016718750001 0.44472361875 0.61705685625 0.40954773906249997 0.5886287625 0.41457286406250005 0.6070234109375 0.44723618125 0.6354515046875 0.47361809062500004 0.6505016718750001
0 0.330402009375 0.5401337796875 0.33919597968750004 0.531772575 0.28266331718750004 0.4866220734375 0.25 0.45652173906250004 0.20603015 0.4230769234375 0.173366834375 0.39464882968750004 0.15577889375 0.38628762499999997 0.175879396875 0.413043478125 0.24874371874999998 0.48160535156249995 0.330402009375 0.5401337796875
0 0.375628140625 0.444816053125 0.3618090453125 0.43645484999999995 0.3655778890625 0.4498327765625 0.374371859375 0.46488294375 0.375628140625 0.444816053125
0 0.2851758796875 0.38963210625 0.3065326640625 0.41137123750000004 0.3015075375 0.3979933109375 0.2851758796875 0.38963210625
0 0.3831658296875 0.5819398 0.373115578125 0.56354515 0.35175879375 0.5501672234375 0.3580402015625 0.565217390625 0.37185929687499997 0.5752508359374999 0.3831658296875 0.5819398
0 0.8605527640625 0.9648829437499999 0.8944723625 0.9916387953125 0.9233668343750001 0.9765886281249999 0.9585427140625 0.9314381265625 0.9321608046875 0.8979933109375 0.8994974875 0.9130434781250001 0.8693467343749999 0.93645485 0.8605527640625 0.9648829437499999
1 0.175879396875 0.30434782656250003 0.172110553125 0.235785953125 0.130653265625 0.1605351171875 0.1118090453125 0.235785953125 0.128140703125 0.30434782656250003 0.1419597984375 0.3478260875 0.17839195937500002 0.3628762546875 0.175879396875 0.30434782656250003
0 0.369346734375 0.35117056875 0.373115578125 0.3093645484375 0.3655778890625 0.32608695625 0.369346734375 0.35117056875
0 0.37939698437499997 0.359531771875 0.3819095484375 0.41806020000000005 0.3869346734375 0.387959865625 0.37939698437499997 0.359531771875
0 0.3429648234375 0.526755853125 0.3429648234375 0.5083612046875 0.330402009375 0.5150501671875001 0.3429648234375 0.526755853125
0 0.9585427140625 0.8478260875 0.9949748749999999 0.82608695625 0.971105528125 0.8160535109374999 0.9585427140625 0.8478260875
1 0.603015075 0.3729096984375 0.603015075 0.324414715625 0.59798995 0.2842809359375 0.570351759375 0.3110367890625 0.5716080406249999 0.3729096984375 0.5904522609375 0.41137123750000004 0.603015075 0.3729096984375
1 0.5427135671875 0.5351170562500001 0.6130653265625 0.593645484375 0.6633165828124999 0.61705685625 0.672110553125 0.5735785953125 0.6356783921875 0.5401337796875 0.59422110625 0.5083612046875 0.5577889453125 0.4799331109375 0.49497487500000004 0.43311036718749996 0.44221105468750005 0.404682275 0.45351758750000004 0.4498327765625 0.5 0.49832775937499996 0.5427135671875 0.5351170562500001
1 0.7349246234375 0.6856187296875 0.7650753765625 0.7157190640625 0.798994975 0.700668896875 0.768844221875 0.6521739125 0.7211055281250001 0.61036789375 0.70477386875 0.622073578125 0.7160804015625 0.6521739125 0.7349246234375 0.6856187296875
0 0.39824120625 0.56354515 0.39824120625 0.5384615390625 0.39824120625 0.501672240625 0.38944723593749997 0.46488294375 0.3884668671875 0.48837245625000003 0.39824120625 0.56354515
