0 0.6209986984375 0.45285298437500004 0.6245284640625 0.4590776109375 0.627341484375 0.46880760156249995 0.62865165625 0.477079696875 0.6255226375 0.48944673437499997 0.61697565 0.507759659375 0.6067331375 0.53142889375 0.5929608578125001 0.5488735015625 0.58591671875 0.5686443203125 0.58180891875 0.582862303125 0.584167228125 0.5977520765625 0.597623509375 0.6024044984375 0.6202741703125 0.5767700062500001 0.6312334296875 0.5495954078125 0.6404971625 0.5277771203125 0.649306184375 0.5111186125 0.654130728125 0.49339526562499997 0.653452553125 0.4409291140625 0.649591396875 0.42458144531249997 0.6231335437500001 0.410116821875 0.6062168531250001 0.40770839687500005 0.584144225 0.4129002796875 0.5627343812500001 0.4383382453125 0.5413399296875 0.4959962796875 0.53658474375 0.52218825 0.5367928125 0.5475941171875001 0.53836501875 0.557520634375 0.557308628125 0.5646957890625 0.56610225625 0.5158172140625 0.5701406984374999 0.4931306078125 0.57620605625 0.47521073593749996 0.5842983312500001 0.46205759375 0.5929146765625 0.45221329062500004 0.5980706109375 0.4446129859375 0.6082591625 0.44469519999999996 0.6209986984375 0.45285298437500004
1 0.5644992640625001 0.44145055781250003 0.5493628484374999 0.4743745171875 0.5416019640624999 0.4976507 0.5413553234374999 0.52821635 0.535482640625 0.5393220203125 0.5475747890625 0.5594537921875 0.5527461171875 0.5840735578125 0.5594202953125 0.6101512140625001 0.5786952953125 0.6274494125000001 0.6098929421875 0.583501996875 0.617129759375 0.556916975 0.631618784375 0.535967003125 0.639449025 0.521159440625 0.650547 0.5109220875 0.6590939875 0.4926091625 0.661036153125 0.4566872046875 0.663571746875 0.43254270312500004 0.666300015625 0.40158400156249996 0.65296705625 0.38164875625 0.6267866296875 0.401058621875 0.6112494671875 0.415390915625 0.5898935859375001 0.41707743593749996 0.5644992640625001 0.44145055781250003
0 0.8154212203125001 0.43562685312499994 0.8065968046875 0.4200652890625 0.79125231875 0.4275833828125 0.766312709375 0.446796721875 0.7379126890625 0.46825405781249996 0.7245951203125001 0.4805388828125 0.7198938984375001 0.482979403125 0.7336815703124999 0.497754865625 0.7425599484375 0.48956498281250005 0.75692565625 0.4838978359375 0.76730688125 0.4771658453125 0.7767093296875001 0.472284803125 0.7937493421874999 0.4594104 0.8036065015625 0.449369571875 0.8115060984375001 0.443030634375 0.8154212203125001 0.43562685312499994
1 0.74200509375 0.421816003125 0.729350309375 0.4543469125 0.7322326859375 0.47254552343749995 0.7526791421875 0.48117857343750003 0.7746824125 0.46751806875 0.7937493421874999 0.4594104 0.8226734296875 0.4412619015625 0.8247543109375 0.42227718750000004 0.828862109375 0.408059203125 0.8339486875000001 0.39199027656249996 0.8343340421875001 0.3783618703125 0.83014149375 0.3518911609375 0.81236934375 0.33605085625000003 0.7849327109375001 0.32343717656250004 0.75887560625 0.3275642171875 0.7624747281250001 0.34225746562500003 0.7570027953125 0.37195480000000003 0.7519855734374999 0.39649235 0.74200509375 0.421816003125
0 0.79704025 0.37578901875000004 0.804253890625 0.43739558437500003 0.8273052968749999 0.430352759375 0.8208084031249999 0.3652408265625 0.79704025 0.37578901875000004
0 0.7689792328125 0.5600011234375 0.75983881875 0.5665365890625 0.753704103125 0.5759878390625001 0.7450184 0.5773635203125 0.7358086312500001 0.575430359375 0.7322788640625 0.569205734375 0.72567404375 0.5515966984375 0.7238398046875 0.5400157640625001 0.718807190625 0.5323332453125 0.7082872484375 0.5221279890625 0.69769795 0.5034541109374999 0.68908160625 0.5132984125 0.6901297421875 0.5199160921875 0.6889582859375001 0.5285812390625 0.680272584375 0.5299569187500001 0.6847811296875 0.5343306 0.6885729296875 0.5422096453125 0.695825140625 0.54784469375 0.7033393828125 0.5551341609375 0.71013688125 0.5659289953125 0.7181751937499999 0.5765273 0.719485365625 0.584799396875 0.7243946593749999 0.60776474375 0.7257741875 0.6245054624999999 0.7268916812499999 0.6395917609375 0.72898795625 0.652827115625 0.7293887046875 0.6714187796875 0.744594475 0.64696344375 0.756409196875 0.6332207249999999 0.7760541578125 0.6046704468749999 0.7937415578125 0.579822059375 0.8055562765625 0.566079340625 0.8143652984375 0.549420834375 0.816253503125 0.537250321875 0.8166388578125 0.5236219171875 0.8163074671875 0.513498875 0.80964868125 0.5196412859375 0.7980266406250001 0.5265698015625 0.7911751796875001 0.5395264171874999 0.7807939515625 0.54625840625 0.7771408640625 0.55531660625 0.7689792328125 0.5600011234375
0 0.8176716015625001 0.49801952343749994 0.7210575703125001 0.5947259140625001 0.7290573124999999 0.6612957374999999 0.8201686234375 0.5298465421875 0.8176716015625001 0.49801952343749994
0 0.493656953125 0.8936104625000001 0.5219336515624999 0.887435953125 0.5417173281250001 0.8758229203125 0.5595434421875 0.8679117749999999 0.5768454890625 0.8566917921874999 0.5849377640625 0.843538653125 0.57618270625 0.8364457109375 0.5603141515625001 0.8406549625 0.553724725 0.8552659984375 0.5465418718749999 0.858099571875 0.5379255265625 0.8679438749999999 0.5253247046875 0.876723334375 0.5114830671874999 0.8856993203125001 0.493656953125 0.8936104625000001
0 0.710853628125 0.5624236296875 0.7350764921875 0.5467156546874999 0.6975592359375 0.48651686562499996 0.67158688125 0.5313326 0.710853628125 0.5624236296875
0 0.8151591859374999 0.43397243437500005 0.8208391890625 0.4296809671875 0.8237755312499999 0.42412813125 0.8199143718749999 0.40778046406249996 0.8210164734375001 0.39064669375 0.81565246875 0.3728411328125 0.812261415625 0.3835537515625 0.8143576890625001 0.39678910625 0.8146890812500001 0.40691214843749995 0.8158065750000001 0.4219984484375 0.8151591859374999 0.43397243437500005
0 0.772324103125 0.45262829531250004 0.763445725 0.460818178125 0.749866121875 0.4714485828125 0.7379820453125 0.4767226796875 0.72929634375 0.478098359375 0.7353077406249999 0.483929934375 0.747715884375 0.4819646765625 0.7659967109375 0.46889375 0.7753991578125 0.46401270625 0.7885240484375 0.458542084375 0.79714039375 0.44869778125000004 0.803799178125 0.4425553703125 0.8079763328125 0.43680600781249995 0.8106506390625 0.42959875312499995 0.8105812828125 0.42113013125 0.811752740625 0.41246498281250005 0.8134482671875001 0.40710867500000003 0.8138336203125001 0.3934802671875 0.8089243265625001 0.3705149234375 0.8062500203124999 0.37772217656249996 0.8068434468750001 0.38949963906249996 0.806720125 0.40478246406249996 0.8060727359375001 0.4167564515625 0.80568738125 0.43038485625 0.8012481921875001 0.4344797984375 0.790866965625 0.4412117875 0.772324103125 0.45262829531250004
0 0.765688496875 0.3705791203125 0.7733260609375 0.3625857625 0.7794607765625 0.3531345125 0.7930403796875 0.3425041078125 0.7964314328125 0.3317914875 0.7882004421875 0.32800738281249997 0.77925270625 0.3277286453125 0.7701122921875 0.33426410781250004 0.7647636796875 0.3486786171875 0.7626134421875 0.359194709375 0.7562166921875 0.366991540625 0.7545905234375 0.3808164734375 0.765688496875 0.3705791203125
1 0.8270200859375001 0.5168899265625 0.8138798015625 0.490140478125 0.74316876875 0.5335625140625 0.7215122828125 0.5895661296875 0.726575684375 0.6616887890625 0.8270200859375001 0.5168899265625
0 0.5960513046875 0.5924779828125 0.60094520625 0.5832232578125 0.6053150375 0.5706596921875 0.612428534375 0.5593574968749999 0.6175844703125 0.551757190625 0.621499590625 0.5443534109375 0.6261314578125 0.533444265625 0.6305706468750001 0.529349325 0.635464546875 0.5200946 0.64257804375 0.5087924046875 0.6470172328125 0.5046974625 0.6464238078125 0.4929200015625 0.649552825 0.4805529625 0.6502002140625 0.46857897656249997 0.65208841875 0.4564084640625 0.6512329593749999 0.4429765828125 0.6496607531249999 0.43305006874999996 0.6480885468750001 0.42312355156250003 0.645799596875 0.4167024 0.628882903125 0.4142939765625 0.609553940625 0.4207472265625 0.6045906828125001 0.4215333296875 0.602563765625 0.41676659687499995 0.5928992828124999 0.419993221875 0.588722128125 0.4257425828125 0.5740943890625 0.42975530937500006 0.57292293125 0.4384204578125 0.5652853671875 0.44641381718749995 0.5636591984375 0.460238746875 0.5577865156249999 0.47134441875000005 0.5556362796875 0.48186051093750004 0.5510044109375001 0.49276965468749995 0.5500949890625 0.503089221875 0.5459871890625 0.51730720625 0.545077765625 0.5276267734375 0.5448850890625 0.5344409765625 0.5431895625000001 0.5397972859375 0.538750375 0.543892228125 0.5397985109375 0.5505099046875 0.5438523453124999 0.5600433703125 0.5478368234375 0.5611082109375001 0.5532547937500001 0.555162325 0.5552123531250001 0.551460434375 0.5601062546875 0.542205709375 0.5629732390625 0.5281842515624999 0.56290388125 0.5197156296875 0.5643373734375 0.5127049015625 0.56453005 0.5058906984375 0.5657015078125001 0.49722555 0.567397034375 0.491869240625 0.5688305265625 0.48485851249999995 0.570526053125 0.479502203125 0.5724836125 0.4758003125 0.5833195515625 0.46390853906249996 0.5852771125 0.46020665000000005 0.5938934578125 0.450362346875 0.59709183125 0.44646393125 0.6067563140625001 0.44323730625 0.61047875625 0.44264772812500003 0.6144632359375 0.443712571875 0.6221701562499999 0.4441878359375 0.6287056203125 0.45332825000000004 0.6324974203125 0.4612072953125 0.6335455578125 0.467824971875 0.63609654375 0.47590054375 0.6351871203125 0.48622011093750006 0.6330368828124999 0.49673620312500005 0.6304319328125 0.51241208125 0.6262547781250001 0.5181614406249999 0.619403315625 0.53111805625 0.617253078125 0.5416341484375 0.611380396875 0.55273981875 0.6047216140625 0.5588822328124999 0.597538759375 0.5617158046874999 0.590879975 0.56785821875 0.5887297375 0.5783743109375 0.58755828125 0.587039459375 0.5828570562500001 0.58947998125 0.576652984375 0.5904626093750001 0.56672646875 0.5920348140625 0.5633354171875 0.602747434375 0.5658864015625 0.6108230046875 0.57490349375 0.6195703671875 0.58130024375 0.6117735359375 0.5824717015624999 0.6031083875000001 0.5903712999999999 0.5967694484375 0.5960513046875 0.5924779828125
1 0.8413010406250001 0.47053408750000003 0.858410409375 0.4661283078125 0.8689843140625 0.452582115625 0.879820253125 0.4406903421875 0.8869337484375001 0.42938814687500004 0.8878431734375001 0.4190685796875 0.8927370734375 0.4098138546875 0.8760130593750001 0.40059122656249996 0.8650384062500001 0.39554575625 0.8410082187500001 0.4044395265625 0.8366383875000001 0.4170030921875 0.8317444859374999 0.4262578171875 0.8309044203125 0.44504600625 0.830519065625 0.4586744125 0.8413010406250001 0.47053408750000003
