0 0.1977453796875 0.649222928125 0.194921725 0.636992340625 0.19103181875 0.627154996875 0.1977453796875 0.649222928125
0 0.20969469375 0.6378758906249999 0.21110652187499998 0.6439911859375 0.21345956562500001 0.6541833390625 0.21405520937500003 0.649751665625 0.20969469375 0.6378758906249999
0 0.22575445625 0.651344840625 0.2276368921875 0.6594985656250001 0.22904871875000002 0.6656138578124999 0.2302400046875 0.656750509375 0.22575445625 0.651344840625
0 0.266058425 0.65062825625 0.26358034531249996 0.64690620625 0.2659333890625 0.6570983609375001 0.266058425 0.65062825625
0 0.2467703765625 0.672257890625 0.24711595156250002 0.680766428125 0.2536089703125 0.6878557140625 0.2501896734375 0.680056803125 0.2467703765625 0.672257890625
0 0.21132706093750003 0.6589698281249999 0.21273888749999997 0.6650851203125 0.2156875765625 0.6708456015625 0.215812609375 0.6643754953125 0.21132706093750003 0.6589698281249999
0 0.2226512046875 0.67997331875 0.2218350203125 0.669426353125 0.21782008125000002 0.6660591140625 0.2197025171875 0.6742128390625 0.22406303125 0.6860886140625 0.2226512046875 0.67997331875
0 0.18639170625 0.6561382890624999 0.1807148703125 0.6595959687499999 0.1830679140625 0.669788125 0.189215359375 0.668368875 0.18639170625 0.6561382890624999
0 0.149786634375 0.623794721875 0.1578165140625 0.6305291953125 0.16148588125000002 0.625387896875 0.1548678265625 0.6247687156249999 0.152985390625 0.616614990625 0.1468379453125 0.6180342390625 0.149786634375 0.623794721875
0 0.1712731625 0.6467462 0.1651257171875 0.64816545 0.16700815156249998 0.6563191749999999 0.17161873593750002 0.6552547375 0.1712731625 0.6467462
0 0.15201464375 0.6404569828125 0.147404059375 0.6415214203125 0.14975710312499999 0.6517135734374999 0.15590454843749998 0.6502943250000001 0.15201464375 0.6404569828125
0 0.164559603125 0.6246782718749999 0.1822812609375 0.6313223031249999 0.19965734375 0.6294577984374999 0.196238046875 0.6216588859375001 0.1748470234375 0.620156153125 0.1549928609375 0.6182986078125 0.164559603125 0.6246782718749999
1 0.2594994296875 0.5941713656250001 0.2643896109375 0.5522478640624999 0.24387383125 0.5054543921875 0.1985477296875 0.4493592765625 0.20253313906249998 0.48064536875 0.21159974374999999 0.512905453125 0.22794602031250003 0.590720646875 0.2434761140625 0.6579888734375 0.275720671875 0.6784566671875 0.2723309046875 0.6427389015625 0.2594994296875 0.5941713656250001
1 0.068635196875 0.46861654843749995 0.077826834375 0.49440652968750004 0.0825329234375 0.5147908390625 0.090908378125 0.5300338515624999 0.094327675 0.5378327640625 0.09821758124999999 0.54767010625 0.10351931406249999 0.5636227421875 0.10433549687499999 0.5741697109375 0.1190789359375 0.602972115625 0.126042565625 0.612099834375 0.135484271875 0.6249496015625 0.14044043125 0.6323937 0.151419 0.64488865625 0.1573163765625 0.6564096187499999 0.17042744999999998 0.6641180859375 0.1796486171875 0.6619892125 0.18993603750000002 0.6574670953124999 0.20919455625 0.6637563140625 0.225379353125 0.670755159375 0.235416703125 0.6791732515625 0.2516015 0.6861720953125 0.25916077187500003 0.6908681390625 0.26649950312500004 0.680585540625 0.2672201828125 0.669683759375 0.2626391265625 0.64282934375 0.24375571406250002 0.6171298078125 0.23371836093749998 0.6087117140625 0.22948288125 0.590365834375 0.21922499062499998 0.5669690984375 0.2196000953125 0.54755878125 0.2153646140625 0.5292129015625 0.1947828578125 0.43305182656249996 0.17411251249999998 0.42064731406250006 0.14469160625 0.41241010781250004 0.11313819843749999 0.40895938750000005 0.0841879015625 0.4027606125 0.0704811859375 0.39948381875 0.0696354734375 0.416855703125 0.0652454296875 0.432898784375 0.068635196875 0.46861654843749995
