1 0.6117780078124999 0.854975184375 0.59618153125 0.8602950187499999 0.592955590625 0.86619709375 0.5908600546875 0.8769954984374999 0.68998076875 0.8558307812500001 0.694603734375 0.8427297703125 0.7148782687499999 0.8311726140625 0.69164440625 0.836536575 0.6789521625 0.8411859125 0.6629788828125001 0.844873634375 0.6415739406250001 0.8515344578124999 0.629957009375 0.8542164375000001 0.6117780078124999 0.854975184375
0 0.3255192546875 0.7611867078125 0.32180632343750004 0.7517292906249999 0.3162644734375 0.7409750109375 0.31933398749999997 0.7608955859375001 0.319012278125 0.766127165625 0.319820975 0.7762550765625 0.328800290625 0.7621483234374999 0.3255192546875 0.7611867078125
0 0.34170405625 0.738540025 0.34245766093749996 0.741804246875 0.345683603125 0.7359021718750001 0.343799590625 0.72774161875 0.3393330546875 0.71501998125 0.33605201875 0.7140583656249999 0.34170405625 0.738540025
0 0.286633821875 0.765006809375 0.2851266125 0.7584783671875 0.2803934625 0.757851996875 0.27786603125 0.7601546031249999 0.277544321875 0.765386184375 0.2822774734375 0.7660125515625 0.28814103125 0.7715352531249999 0.2928741828125 0.7721616203125 0.290291659375 0.7676005359375 0.286633821875 0.765006809375
0 0.2615159484375 0.7622102140625 0.2603855421875 0.7573138828125 0.25672770312500004 0.75472015625 0.2567827984375 0.7615838484374999 0.25936532031250004 0.76614493125 0.264153565625 0.773634990625 0.2681331125 0.7709971359375001 0.2615159484375 0.7622102140625
0 0.2517279375 0.7661890578125 0.2396791109375 0.7603752375 0.2298360046875 0.757490390625 0.2236507375 0.75719926875 0.21891758593750002 0.7565729015625 0.210526596875 0.7533528078125 0.20106029374999998 0.7521000703125 0.222952225 0.7607987390625001 0.24118632031249998 0.7669036796875 0.249577309375 0.770123775 0.2517279375 0.7661890578125
0 0.301963684375 0.7717822453125 0.2990043578125 0.76558905 0.2975522421875 0.7659242984375 0.29798413749999997 0.7744200984375 0.3012651734375 0.775381715625 0.3042244984375 0.781574909375 0.3052998125 0.7796075515625 0.301963684375 0.7717822453125
0 0.20249470781249998 0.6589373828125 0.2020628109375 0.65044158125 0.19689776406249998 0.6413194125 0.195013753125 0.633158859375 0.195500740625 0.64851835 0.201097684375 0.6661363203125 0.2059410234375 0.6804900671875 0.205996115625 0.687353759375 0.20712652343750002 0.692250090625 0.204975896875 0.6961848078124999 0.2101409421875 0.705306975 0.21719000312499998 0.7225896984375 0.21982762031249997 0.7340144734375 0.22278694531249998 0.74020766875 0.2264998765625 0.749665084375 0.230534515625 0.753890921875 0.2316098296875 0.7519235625 0.225691178125 0.7395371734375 0.22418396875000002 0.73300873125 0.217134909375 0.7157260078125 0.21191476874999998 0.6997401484375 0.20927715156249999 0.6883153734375 0.209598859375 0.6830837953125 0.2077148484375 0.6749232421875 0.20803655625 0.6696916625 0.20507723125 0.6634984671875 0.20249470781249998 0.6589373828125
0 0.20250355937500003 0.705351103125 0.2065932921875 0.7164406296875 0.214772759375 0.7386196828125 0.2203146078125 0.7493739640625 0.2184305953125 0.7412134109374999 0.21616978125 0.731420746875 0.2124568515625 0.7219633296875 0.20912072343750002 0.7141380234375 0.20906562968750003 0.707274334375 0.20427738281250002 0.6997842750000001 0.20352377812500003 0.6965200546875 0.20094125468750001 0.6919589703125 0.1987906265625 0.6958936859375 0.20250355937500003 0.705351103125
0 0.18997659375 0.7305915109375001 0.193367815625 0.7452805062500001 0.197724165625 0.7442747640625 0.1917504203125 0.725024684375 0.18809258125 0.7224309578125 0.18997659375 0.7305915109375001
0 0.2785183015625 0.796105165625 0.286155684375 0.7960610390625 0.2839499640625 0.7931320640624999 0.27921681249999997 0.7925056953125 0.271579428125 0.7925498234374999 0.2785183015625 0.796105165625
0 0.1832403921875 0.6616634890624999 0.193837103125 0.6678125578125 0.19781664999999998 0.665174703125 0.183938903125 0.6580640203125 0.1832403921875 0.6616634890624999
0 0.19587754375 0.6501504609375 0.19399353125000002 0.6419899078125 0.1953905546875 0.6347909703125 0.190602309375 0.6273009109375 0.18554745 0.6319061234375 0.186356146875 0.6420340343750001 0.19587754375 0.6501504609375
0 0.196254346875 0.651782571875 0.1874865546875 0.6469303671875 0.184959125 0.649232971875 0.1970079515625 0.65504679375 0.196254346875 0.651782571875
0 0.1814665671875 0.6672303171875 0.1920632765625 0.673379384375 0.1945907078125 0.6710767796875 0.1821650796875 0.6636308468750001 0.1814665671875 0.6672303171875
0 0.17916836249999998 0.7434014015625 0.1707773734375 0.74018130625 0.1863827015625 0.7812751953125 0.1954722015625 0.7808958203125 0.17916836249999998 0.7434014015625
0 0.2705041140625 0.79451718125 0.2686751953125 0.79322031875 0.2650173578125 0.7906265921875 0.264318846875 0.7942260609375 0.2687302875 0.800084009375 0.272121509375 0.8147730046874999 0.271101290625 0.8236040515624999 0.2772865578125 0.8238951734375 0.2705041140625 0.79451718125
0 0.26442903281249996 0.807953440625 0.263298625 0.803057109375 0.260017590625 0.8020954937500001 0.2592088921875 0.79196758125 0.256304659375 0.7926380765625 0.25856547343749997 0.802430740625 0.2611479984375 0.8069918250000001 0.263730521875 0.811552909375 0.2666347546875 0.810882415625 0.26442903281249996 0.807953440625
0 0.253887415625 0.8086680625 0.2516816953125 0.8057390890624999 0.24796876406249999 0.796281671875 0.24576304218749997 0.7933526984375 0.24318051875000002 0.7887916140625 0.2398994828125 0.7878299984375 0.241029890625 0.7927263296875 0.244687728125 0.79532005625 0.245496428125 0.8054479671875001 0.248455753125 0.8116411625 0.253887415625 0.8086680625
0 0.2418936828125 0.80971793125 0.2426472875 0.812982153125 0.24011985781249998 0.815284759375 0.2427023796875 0.8198458421874999 0.24990786874999998 0.811305915625 0.24442111249999998 0.8074153265625 0.2418936828125 0.80971793125
0 0.22893482187499997 0.8264625390625 0.235120090625 0.8267536609375 0.239421346875 0.8188842281250001 0.235064996875 0.8198899703125001 0.2307086484375 0.8208957124999999 0.22893482187499997 0.8264625390625
0 0.27686351249999996 0.86181309375 0.260945328125 0.8723645046874999 0.295639690625 0.890141215625 0.2912282484375 0.88428326875 0.28283725937500004 0.8810631734375001 0.2798779328125 0.874869978125 0.27686351249999996 0.86181309375
1 0.184269465625 0.6992461609375 0.1973385109375 0.696228934375 0.1943240921875 0.6831720484375 0.17829571875 0.6799960796875 0.17727549843749998 0.688827128125 0.184269465625 0.6992461609375
0 0.15721248593749998 0.681425325 0.1656585671875 0.6915091078125 0.16743239375000002 0.68594228125 0.157855903125 0.670962165625 0.15721248593749998 0.681425325
