1 0.2009345796875 0.6040268453125 0.266355140625 0.7181208046875 0.3115264796875 0.6845637578125 0.35669781875 0.6375838921875 0.445482865625 0.58165548125 0.48753894062500003 0.5861297546875 0.44080996875 0.494407159375 0.40498442343749996 0.43400447499999995 0.3971962609375 0.4362416109375 0.2850467296875 0.44519015624999997 0.2554517140625 0.47203579375000004 0.21962616875 0.5369127515625001 0.2009345796875 0.6040268453125
0 0.5623052953125 0.6532438484374999 0.5996884734375 0.6040268453125 0.596573209375 0.601789709375 0.5545171343749999 0.6510067109375 0.5498442375 0.6599552578125001 0.5529595015625001 0.6666666671875 0.5545171343749999 0.6666666671875 0.5623052953125 0.6532438484374999
0 0.7866043609375 0.4429530203125 0.79595015625 0.44071588437500003 0.7990654203124999 0.44071588437500003 0.8068535828125001 0.4317673375 0.7975077875000001 0.4317673375 0.7850467296875 0.4362416109375 0.775700934375 0.438478746875 0.766355140625 0.438478746875 0.7679127718750001 0.44519015624999997 0.7788162 0.4429530203125 0.7866043609375 0.4429530203125
0 0.783489096875 0.4630872484375 0.7866043609375 0.45413870312500004 0.78816199375 0.44519015624999997 0.7897196265625 0.4317673375 0.78816199375 0.42505592812500004 0.7850467296875 0.43400447499999995 0.783489096875 0.44742729375 0.78037383125 0.4563758390625 0.783489096875 0.4630872484375
0 0.5623052953125 0.6733780765625 0.571651090625 0.66219239375 0.5778816203125 0.6532438484374999 0.5778816203125 0.6465324390625 0.5763239875 0.6465324390625 0.5732087234375001 0.6510067109375 0.5654205609375 0.66219239375 0.5607476640625 0.668903803125 0.5529595015625001 0.6800894859375 0.5545171343749999 0.6845637578125 0.55919003125 0.6800894859375 0.5623052953125 0.6733780765625
0 0.56697819375 0.7091722593750001 0.5747663546874999 0.71588366875 0.5825545171875001 0.71588366875 0.5841121499999999 0.7114093953125 0.5778816203125 0.7069351234375 0.5747663546874999 0.7069351234375 0.5700934578125 0.7002237140625 0.5623052953125 0.6912751671875 0.55919003125 0.6979865765625 0.563862928125 0.7046979859375 0.56697819375 0.7091722593750001
0 0.52647975 0.7270693515625 0.5327102796875 0.7203579421875 0.5404984421875 0.7136465328125 0.5498442375 0.7091722593750001 0.5482866046875 0.7002237140625 0.5436137078125001 0.6935123046875 0.538940809375 0.6979865765625 0.5358255453125 0.7046979859375 0.529595015625 0.7091722593750001 0.520249221875 0.7136465328125 0.5186915890625 0.722595078125 0.521806853125 0.7270693515625 0.52647975 0.7270693515625
0 0.5576323984375 0.3937360171875 0.5623052953125 0.40044742656250004 0.5654205609375 0.4026845640625 0.571651090625 0.40492169999999994 0.5763239875 0.4071588359375 0.580996884375 0.4138702453125 0.58566978125 0.4138702453125 0.5919003109375 0.41163310937500003 0.588785046875 0.40492169999999994 0.580996884375 0.398210290625 0.5747663546874999 0.3959731546875 0.5654205609375 0.39149888125 0.5623052953125 0.38702460781250003 0.556074765625 0.384787471875 0.55140186875 0.38702460781250003 0.55140186875 0.39149888125 0.5545171343749999 0.3937360171875 0.5576323984375 0.3937360171875
0 0.5062305296875 0.5973154359375 0.50934579375 0.5950783000000001 0.5 0.58165548125 0.4922118375 0.565995525 0.4859813078125 0.5682326625 0.48753894062500003 0.5704697984375 0.4922118375 0.58165548125 0.5062305296875 0.5973154359375
0 0.5031152640625 0.60850111875 0.5062305296875 0.6174496640625 0.5015576328125 0.6196868015625 0.5015576328125 0.6263982109375 0.5062305296875 0.6331096203125 0.50934579375 0.6308724828125001 0.5077881625 0.6219239375 0.5109034265625 0.6196868015625 0.512461059375 0.615212528125 0.50934579375 0.6107382546875 0.5062305296875 0.6062639828124999 0.5015576328125 0.5995525734375 0.49688473593750004 0.5950783000000001 0.49376947031249996 0.5973154359375 0.49844236718749996 0.601789709375 0.5031152640625 0.60850111875
0 0.5358255453125 0.6353467562499999 0.5404984421875 0.6375838921875 0.5436137078125001 0.6353467562499999 0.5451713390624999 0.628635346875 0.542056075 0.6241610734374999 0.5404984421875 0.6174496640625 0.538940809375 0.6174496640625 0.537383178125 0.6241610734374999 0.5358255453125 0.628635346875 0.5358255453125 0.6353467562499999
0 0.5529595015625001 0.6823266218749999 0.556074765625 0.6868008953125 0.5576323984375 0.6778523484375001 0.5545171343749999 0.6711409390624999 0.5498442375 0.6644295296875 0.5451713390624999 0.6577181203125 0.542056075 0.6510067109375 0.538940809375 0.6442953015625 0.5358255453125 0.648769575 0.538940809375 0.655480984375 0.546728971875 0.668903803125 0.5529595015625001 0.6823266218749999
1 0.4657320875 0.5391498875 0.4813084109375 0.561521253125 0.5062305296875 0.5883668906249999 0.5498442375 0.6823266218749999 0.5700934578125 0.6733780765625 0.5825545171875001 0.6532438484374999 0.6090342671875 0.6196868015625 0.626168225 0.58165548125 0.640186915625 0.5302013421875 0.6417445484375001 0.51230425 0.63551401875 0.458612975 0.630841121875 0.438478746875 0.6199376953125 0.42281879218749996 0.571651090625 0.38702460781250003 0.542056075 0.3937360171875 0.529595015625 0.4026845640625 0.5077881625 0.41163310937500003 0.49844236718749996 0.42058165625 0.4844236765625 0.42953020156250005 0.46728972031250005 0.43400447499999995 0.44080996875 0.43400447499999995 0.44080996875 0.47427293125 0.453271028125 0.50111856875 0.4657320875 0.5391498875
1 0.5763239875 0.7069351234375 0.5841121499999999 0.7114093953125 0.59345794375 0.7114093953125 0.5996884734375 0.7002237140625 0.6199376953125 0.6845637578125 0.632398753125 0.6756152125 0.6464174453125 0.66219239375 0.6386292828125 0.655480984375 0.6214953265625 0.6599552578125001 0.6043613703124999 0.668903803125 0.58566978125 0.6733780765625 0.56697819375 0.6800894859375 0.5623052953125 0.68903803125 0.5654205609375 0.6979865765625 0.5763239875 0.7069351234375
0 0.2024922125 0.762863534375 0.1853582546875 0.765100671875 0.21183800625 0.7829977625 0.23831775624999998 0.778523490625 0.233644859375 0.7606263984375 0.2024922125 0.762863534375
