1 0.69374330625 0.579029090625 0.6911611765625 0.6198963796875 0.692023353125 0.6614331765625 0.7342150015625 0.6282651953125 0.7759223625 0.5975886546875 0.78302596875 0.5886271546875 0.795241734375 0.5625603296875 0.8071882078125 0.528684434375 0.8171975343750001 0.504774296875 0.8296282953125 0.4684069609375 0.836677603125 0.44133587968750004 0.8424890453125 0.41143860468750004 0.84388760625 0.38585470312500003 0.8342539703125 0.3710542375 0.8280646390624999 0.3569232765625 0.81008953125 0.34825811875 0.792114421875 0.339592959375 0.768757859375 0.3402240546875 0.7466391640625 0.3436813421875 0.728718353125 0.3531257671875 0.71989259375 0.36175251406250003 0.7133275734375 0.38633215781249997 0.7034789421875 0.381832203125 0.694168896875 0.3929503890625 0.6865810046874999 0.4044033296875 0.6812538499999999 0.431809165625 0.6803938734375 0.4730112078125 0.685184640625 0.5127260703125 0.6980475890625 0.5384965515625 0.7029990546875 0.5498013203125 0.699609046875 0.567241396875 0.69374330625 0.579029090625
1 0.61091926875 0.5913710562500001 0.6354593984375 0.575456571875 0.6617216828125 0.5598768390625 0.673507459375 0.5544110375 0.682656809375 0.5717029421875 0.6905139953125 0.5680590734375001 0.69218185 0.55028424375 0.688198959375 0.533996596875 0.6842160671874999 0.5177089500000001 0.67824173125 0.4932774765625 0.676680275 0.46453263125 0.676356684375 0.43861397812499997 0.6789931109375 0.4158562703125 0.6735573609375 0.4070429390625 0.660264421875 0.4018734796875 0.65536725625 0.40867829218749996 0.6433121859375001 0.4063350234375 0.63615428125 0.39718694375 0.6268442359375 0.40830512968750005 0.61877205625 0.422249509375 0.629374265625 0.432067096875 0.6252306796875 0.44418954218750006 0.61737349375 0.4478334109375 0.60413485625 0.4607735328125 0.5973005421875001 0.47754410312499995 0.5927269671875 0.5102675718749999 0.5964948640625 0.536855728125 0.6044063468750001 0.5513214421875 0.607151371875 0.5647828984375 0.6012856328125 0.576570590625 0.5943970203125 0.57523158125 0.586809128125 0.5866845203125 0.5816969671875001 0.60378984375 0.59079201875 0.60297216875 0.61091926875 0.5913710562500001
1 0.8026146328125 0.5614079000000001 0.8111710999999999 0.5449720828125 0.8226875843749999 0.5316972078125 0.833235496875 0.5234052124999999 0.832212625 0.510278509375 0.8311897531250001 0.49715180625000005 0.8385626515625001 0.49599937812499995 0.8525548687500001 0.4883768875 0.867784953125 0.48358059062500003 0.8761264265625 0.4774452828125 0.8810235921875 0.47064046875 0.8844136 0.45320039218749997 0.8873193203125 0.43825175468750005 0.8862964484375 0.4251250515625 0.8823135578124999 0.408837403125 0.8753706453125 0.3893888109375 0.8817206750000001 0.37510967968750003 0.8750470546875 0.3634701578125 0.8757463359375001 0.35067820781250003 0.86492913125 0.35116113125 0.8551348000000001 0.3647707578125 0.8485154796875 0.37124081875 0.8453404671875001 0.3783803859375 0.8451254734375 0.388680896875 0.840551896875 0.4214043625 0.83108115625 0.46093264375 0.8035289078125001 0.5383154390625 0.7966945953125 0.5550860125 0.8026146328125 0.5614079000000001
1 0.1661672203125 0.277389384375 0.159009315625 0.2682413015625 0.1611614578125 0.24797503281250002 0.15228139999999998 0.2384921984375 0.14291705625 0.2315008046875 0.1323691453125 0.23979279843749998 0.1258041234375 0.2643724421875 0.1285491484375 0.277833896875 0.15023785625 0.29497763125 0.167728678125 0.3061342296875 0.177523009375 0.292524603125 0.1661672203125 0.277389384375
0 0.9003972625 0.45372172656250004 0.8829607390625 0.4606747109375 0.8815078796875 0.46814902968750005 0.8994286890625001 0.45870460625 0.9003972625 0.45372172656250004
0 0.8481940890624999 0.4280610046875 0.8450190750000001 0.43520057031250003 0.8629398859374999 0.42575614687499996 0.8852735765625 0.41199835 0.88624215 0.40701547031249996 0.8661148984375 0.41861658124999995 0.8481940890624999 0.4280610046875
0 0.859764871875 0.4328957125 0.8583120125000001 0.44037003124999996 0.8705820781250001 0.4324127890625 0.8862964484375 0.4251250515625 0.890709328125 0.42081167812500003 0.8754792437500001 0.42560797656249993 0.859764871875 0.4328957125
0 0.8924857796874999 0.4392560125 0.8782785671875001 0.4571790125 0.8817228734375 0.45784851875 0.8937236453124999 0.44208220468750004 0.8924857796874999 0.4392560125
0 0.8029903234375 0.522697296875 0.7663951234375 0.5362685140625 0.76838656875 0.5444123390625 0.8037439031250001 0.528014928125 0.8029903234375 0.522697296875
0 0.7413164078125 0.5365648562499999 0.73814139375 0.5437044234374999 0.7695701359375 0.5291289484374999 0.8083717765625 0.51340104375 0.8076181968749999 0.5080834125 0.774467303125 0.522324134375 0.7413164078125 0.5365648562499999
0 0.488381515625 0.7252722265625 0.5539840234375 0.709582734375 0.5406910875000001 0.7044132750000001 0.48639007031250003 0.717128403125 0.43773979843750005 0.7283563531249999 0.40114459843750006 0.74192756875 0.3630422390625 0.7448635218749999 0.3611050921875 0.7548292812499999 0.3957631453125 0.751223821875 0.4397312453125 0.736500175 0.488381515625 0.7252722265625
0 0.5831454296875 0.430837846875 0.5895497546875 0.4346682984375 0.6192563421874999 0.4197580703125 0.643581478125 0.414144096875 0.6484786437500001 0.40733928124999996 0.6320106937500001 0.4093093875 0.5831454296875 0.430837846875
0 0.6186135593750001 0.5333984421875 0.653217315625 0.5116834015625 0.6755510046875 0.497925603125 0.6730752734375 0.49227321875 0.6384715171875001 0.513988259375 0.5864312390624999 0.542656284375 0.56065324375 0.5557445765625 0.52674876875 0.5646676671875 0.530946653125 0.5706548046875 0.554787503125 0.5675322703125001 0.571470446875 0.5552616546875 0.6186135593750001 0.5333984421875
0 0.5596824703125 0.47798861718749996 0.5709839609375 0.47501425468749997 0.6093013140625 0.46177779062499996 0.6107541750000001 0.45430347031249996 0.5685082296874999 0.4693618703125 0.5363259078125 0.4786197125 0.5596824703125 0.47798861718749996
0 0.4567898796875 0.6855189562499999 0.45926561093749996 0.691171340625 0.4590506171875 0.7014718515625 0.46249492343750004 0.7021413562500001 0.4627099171875 0.6918408453125 0.46195633750000004 0.6865232140625 0.4656156375 0.6768922078124999 0.4567898796875 0.6855189562499999
0 0.48832721718750005 0.7071626453125 0.492740096875 0.702849271875 0.48805792343750004 0.6993535750000001 0.47406570625000005 0.7069760656249999 0.4571134703125 0.711437609375 0.4595892015625 0.7170899937499999 0.46427137500000004 0.720585690625 0.4677156796875 0.7212551953124999 0.4669621015625 0.7159375640625 0.48095431875 0.708315075 0.48832721718750005 0.7071626453125
0 0.577876971875 0.6418309437499999 0.5634004671875 0.6519448718749999 0.5675983515625 0.657932009375 0.5798684171875 0.6499747671875 0.577876971875 0.6418309437499999
0 0.57384198125 0.690172553125 0.569159809375 0.6866768546875 0.5473647046875 0.7160527953125 0.5515625890625 0.7220399328125 0.57384198125 0.690172553125
0 0.5894477546875 0.64666565 0.5791691359375 0.662766715625 0.5843355953125 0.6637709734375 0.5950985 0.6451784703125 0.5894477546875 0.64666565
0 0.14517779375 0.24745370000000003 0.1385041765625 0.235814178125 0.1336070109375 0.24261899062499998 0.14200278125000002 0.2545932640625 0.14517779375 0.24745370000000003
0 0.5841727 0.609442228125 0.62464219375 0.575939496875 0.6786196203125 0.5373057109375 0.677866040625 0.53198808125 0.6420244187499999 0.550876928125 0.576261215625 0.594976515625 0.5841727 0.609442228125
0 0.6824440140625 0.6647422921875 0.6706582359375 0.6702080953125 0.6719504015625 0.69114386875 0.6827133078125 0.6725513640624999 0.6824440140625 0.6647422921875
