0 0.26527050625 0.803030303125 0.273996509375 0.8055555562500001 0.287958115625 0.8131313125 0.30191972031250003 0.8207070703125 0.312390925 0.8257575750000001 0.3315881328125 0.83080808125 0.3438045375 0.8358585859375 0.335078534375 0.8257575750000001 0.31937172812500003 0.8207070703125 0.3089005234375 0.8156565656250001 0.29493891875 0.8131313125 0.2862129140625 0.803030303125 0.2792321109375 0.7929292921875 0.26527050625 0.775252525 0.25305410156249997 0.7575757578125 0.24258289687499998 0.7575757578125 0.24781849843749998 0.790404040625 0.25479930156249997 0.7954545453125 0.26527050625 0.803030303125
0 0.21640488593749999 0.8080808078124999 0.22687609062499997 0.8131313125 0.2321116921875 0.8080808078124999 0.22164048906249997 0.7929292921875 0.21116928437500002 0.7853535359375 0.20069807968750003 0.7853535359375 0.20418848125000003 0.7979797984375 0.20767888281250002 0.803030303125 0.21640488593749999 0.8080808078124999
0 0.4171029671875 0.8611111109375 0.429319371875 0.8611111109375 0.445026178125 0.8636363640625 0.4554973828125 0.866161615625 0.458987784375 0.8762626265625 0.4659685859375 0.89393939375 0.47120418906249995 0.8914141421874999 0.4677137875 0.86868686875 0.4554973828125 0.853535353125 0.4345549734375 0.8484848484375 0.42233856875000003 0.8358585859375 0.4171029671875 0.8459595953125 0.4118673640625 0.853535353125 0.4171029671875 0.8611111109375
0 0.5113438046875001 0.8914141421874999 0.521815009375 0.8863636359375 0.5287958109375 0.88131313125 0.5305410125 0.871212121875 0.523560209375 0.871212121875 0.5130890046875 0.8762626265625 0.507853403125 0.878787878125 0.4991274 0.878787878125 0.4956369984375 0.8737373734375 0.490401396875 0.8737373734375 0.48342059375 0.8737373734375 0.4886561953125 0.90656565625 0.4956369984375 0.9015151515625 0.49738219843750003 0.8914141421874999 0.5113438046875001 0.8914141421874999
1 0.48691099531250004 0.371212121875 0.47120418906249995 0.396464646875 0.460732984375 0.4141414140625 0.45375218124999994 0.44444444375 0.4485165796875 0.48484848437499994 0.438045375 0.5227272734375 0.438045375 0.565656565625 0.4345549734375 0.6085858578125001 0.431064571875 0.63131313125 0.4554973828125 0.6363636359375 0.4659685859375 0.6464646468749999 0.4816753921875 0.65656565625 0.5008726 0.6666666671875 0.5130890046875 0.6666666671875 0.5340314140625 0.6616161609375 0.54799301875 0.6641414140624999 0.561954625 0.6666666671875 0.5759162296875 0.6489898984375 0.5881326359375 0.63131313125 0.600349040625 0.616161615625 0.617801046875 0.6010101015625 0.633507853125 0.5858585859375001 0.6527050609375 0.5707070703125 0.67015706875 0.5606060609375 0.6823734734375 0.5429292921875 0.6945898781250001 0.5378787875000001 0.710296684375 0.5378787875000001 0.7207678890625 0.525252525 0.73472949375 0.5151515156250001 0.741710296875 0.5075757578125 0.7504363 0.502525253125 0.7521815015625 0.47979797968750004 0.7521815015625 0.47474747500000003 0.7539267015625 0.46212121249999993 0.757417103125 0.446969696875 0.759162303125 0.424242425 0.759162303125 0.40656565625 0.73298429375 0.383838384375 0.6817305046875 0.3766613515625 0.6666666671875 0.371212121875 0.637969928125 0.36632702500000003 0.7521815015625 0.47222222187499996 0.6226003484375 0.3547979796875 0.617801046875 0.3510101015625 0.6167633593749999 0.34950859843750004 0.57940663125 0.315656565625 0.5921791984375 0.3238705734375 0.5724258296875 0.30555555624999997 0.5445026171875 0.31818181874999996 0.5287958109375 0.33080808125 0.5061082031249999 0.3510101015625 0.48691099531250004 0.371212121875
0 0.741710296875 0.45707070781250003 0.7260034906249999 0.45707070781250003 0.7260034906249999 0.4696969703125 0.741710296875 0.47979797968750004 0.741710296875 0.45707070781250003
0 0.73298429375 0.4292929296875 0.7382198953125 0.4419191921875 0.7469458984374999 0.4520202015625 0.7469458984374999 0.434343434375 0.7399650953125 0.424242425 0.7312390921875 0.4166666671875 0.7242582890625 0.409090909375 0.7242582890625 0.41919191875 0.727748690625 0.424242425 0.73298429375 0.4292929296875
0 0.743455496875 0.3989898984375 0.7382198953125 0.3989898984375 0.7382198953125 0.409090909375 0.7452006984375 0.409090909375 0.743455496875 0.3989898984375
0 0.6945898781250001 0.4292929296875 0.6980802796875001 0.434343434375 0.70331588125 0.4393939390625 0.7068062828125 0.43686868749999996 0.70157068125 0.424242425 0.696335078125 0.4166666671875 0.6910994765625 0.4166666671875 0.689354275 0.4267676765625 0.6945898781250001 0.4292929296875
0 0.5445026171875 0.424242425 0.5828970328125 0.4040404046875 0.554973821875 0.3484848484375 0.5357766140625 0.3636363640625 0.5445026171875 0.424242425
0 0.5654450265625 0.6540404046875 0.54799301875 0.49747474687500004 0.541012215625 0.5151515156250001 0.553228621875 0.6540404046875 0.5654450265625 0.6540404046875
