0 0.3640155296875 0.622937053125 0.3623922984375 0.614578365625 0.35637501718750003 0.6083931312499999 0.3606958921875 0.6020274437500001 0.35766895625 0.59788676875 0.35597255 0.585335846875 0.347330796875 0.5980672218749999 0.34293674531249996 0.600240675 0.3445599765625 0.6085993625 0.344706328125 0.61698383125 0.33865245625 0.6087024796875 0.320673784375 0.5943390109375 0.3177200234375 0.59439056875 0.3102990359375 0.5924233484375 0.3029146359375 0.5925522421875 0.2969339421875 0.588463125 0.2956400015625 0.5989694875 0.2882921890625 0.6011945 0.28984224375 0.6053609546875001 0.2973364078125 0.611520409375 0.3063074515625 0.6176540859374999 0.3152419046875 0.6216916453125 0.328680175 0.6298441 0.346585675 0.6400153359375 0.360133709375 0.6544561421874999 0.35537377812500004 0.635668428125 0.35973124218749997 0.6313988578124999 0.3643082328125 0.6397059875 0.37327927656250004 0.6458396640624999 0.370142578125 0.6354106374999999 0.3700328140625 0.6291222875 0.3640155296875 0.622937053125
0 0.394750671875 0.521756309375 0.39814348593750004 0.546858153125 0.40106065625 0.5447104781250001 0.3992178984375 0.5237750890624999 0.394750671875 0.521756309375
0 0.39766784374999997 0.519608634375 0.42317726718750004 0.5422276765625 0.42458097187500005 0.5380096640625001 0.42155403593749996 0.5338689890625 0.41405987499999997 0.5277095328125 0.411069525 0.5256649734375001 0.4035753640625 0.5195055187500001 0.39766784374999997 0.519608634375
0 0.3929311359375 0.5867874890625 0.3959214828125 0.588832046875 0.395445840625 0.5615825296875 0.3910152015625 0.561659865625 0.3929311359375 0.5867874890625
0 0.39241890625 0.557441853125 0.39234572968750003 0.55324961875 0.3879150890625 0.5533269562500001 0.387988265625 0.557519190625 0.39241890625 0.557441853125
0 0.3495893875 0.5581894453125 0.35124920625 0.56864425 0.3601104859375 0.5684895765625 0.357010375 0.5601566671875 0.3495893875 0.5581894453125
0 0.548286371875 0.4310126078125 0.5290503453125 0.42925161875000006 0.514281546875 0.42950940937500004 0.5054934421875 0.43385631562500004 0.5011725671875 0.440222003125 0.49249422656249997 0.4508572625 0.5160877171875 0.44834868125 0.5410117359375 0.437429853125 0.54551555 0.4415447484375 0.5472851328125 0.4582879046875 0.5574037656249999 0.4455307515625 0.552826775 0.43722362031250006 0.548286371875 0.4310126078125
0 0.46177244999999995 0.4681675546875 0.4602223953125 0.4640011015625 0.4550100453125 0.5039304359375001 0.46239444374999994 0.503801540625 0.472732603125 0.5036210875 0.47719983125 0.5056398671875 0.4829975875 0.49924840000000004 0.4695593171875 0.4910959453125 0.463578621875 0.487006828125 0.46177244999999995 0.4681675546875
0 0.5090326078125 0.46734262656250003 0.5222879390624999 0.46501449843750003 0.5281222828125001 0.4607191484375 0.5177109484375 0.45670736874999995 0.5002079171875 0.4695934171875 0.48983316875 0.467677753125 0.4914564 0.47603644218749996 0.48731846250000005 0.4928827125 0.49462968749999997 0.488561584375 0.5064081390624999 0.48625923593750003 0.5151596546875 0.47981621093750004 0.529891865625 0.4774623046875 0.537276265625 0.477333409375 0.5416337296875 0.4730638390625 0.5061886109375 0.4736825359375 0.5090326078125 0.46734262656250003
0 0.8180164328125 0.5646903078125 0.8197494265625 0.5793373468749999 0.8259496499999999 0.5960031640625 0.8275728812500001 0.604361853125 0.822141003125 0.6317144875 0.81486636875 0.6381317328125 0.808922259375 0.6361387328125 0.803014740625 0.6362418484375 0.7926765812500001 0.6364223015625 0.791382640625 0.6469286640624999 0.7986206874999999 0.6384153015625 0.810472315625 0.6403051859375 0.8179298906250001 0.644368525 0.8282680499999999 0.644188071875 0.8300010453125 0.6588351109375 0.8414136187500001 0.63557159375 0.8339926296875 0.633604371875 0.8294156390625 0.6252972406249999 0.8336267515625 0.6126432046875 0.83178399375 0.591707815625 0.8286838828124999 0.58337490625 0.8270606515625 0.5750162171875 0.8180164328125 0.5646903078125
0 0.84883460625 0.6375388140625 0.85829465625 0.5870515593750001 0.8414136187500001 0.63557159375 0.84883460625 0.6375388140625
0 0.7491153078125 0.5952475578125 0.734529446875 0.6059859328125 0.7197240593750001 0.6041476046875001 0.71835694375 0.6104617359375 0.730245159375 0.6144477359375 0.716989828125 0.6167758640625001 0.7230802859375001 0.62715333125 0.7290243937499999 0.6291463312500001 0.7377759109375 0.6227033078125 0.7480043046875 0.6162345046875 0.747857953125 0.6078500375 0.75225200625 0.605676584375 0.7583424640625 0.6160540515624999 0.76716715625 0.6138032609375 0.7819359546875 0.6135454703125001 0.7879166515625 0.6176345875 0.799695103125 0.6153322390625 0.8069697375 0.60891499375 0.8099966734375 0.6130556687500001 0.818857953125 0.6129009937500001 0.8189677171874999 0.61918934375 0.8205909468750001 0.62754803125 0.8292327 0.6148166578125001 0.8246191218750001 0.6044134109375 0.8186750140625 0.602420409375 0.8053099187500001 0.5984601875 0.783303071875 0.6072313406250001 0.762626753125 0.6075922484375 0.7491153078125 0.5952475578125
0 0.85176514375 0.5515206906250001 0.862066715625 0.5492441203125 0.8546091390624999 0.54518078125 0.8559396671874999 0.5367705359375 0.8602971328125 0.5325009656249999 0.85276638125 0.52424539375 0.84855526875 0.53689943125 0.847261328125 0.54740579375 0.85176514375 0.5515206906250001
0 0.8070562796875 0.5292367765625 0.8098271015625 0.5187046343749999 0.8052866968749999 0.512493621875 0.8025890515625 0.5272179984375 0.789772775 0.5546995265625 0.8013682875000001 0.54191659375 0.8070562796875 0.5292367765625
0 0.837265825 0.4825808484375 0.849154040625 0.48656685 0.8490076890625 0.4781823828125 0.8371560609375001 0.4762924984375 0.837265825 0.4825808484375
0 0.82925943125 0.447075759375 0.8322863671875 0.45121643437500003 0.83243271875 0.45960090156250005 0.8339095999999999 0.45957512187500005 0.8338364234375 0.45538288906249996 0.8397439421874999 0.455279771875 0.8397073546874999 0.45318365624999996 0.8381938874999999 0.45111331874999994 0.83664383125 0.4469468640625 0.82925943125 0.447075759375
0 0.71171766875 0.568642515625 0.707396790625 0.575008203125 0.7119006078125001 0.5791231 0.716331246875 0.5790457625000001 0.72511935 0.5746988546875 0.7352013937499999 0.559845584375 0.7261937640625 0.5516157921875 0.7233131796875 0.5558595828125 0.7187361875 0.547552453125 0.7144153125 0.553918140625 0.7085809671875001 0.558213490625 0.71171766875 0.568642515625
0 0.7454896 0.6414394640625 0.74393954375 0.6372730093750001 0.7410223734375 0.639420684375 0.7365917328125 0.6394980218749999 0.7307939765625 0.6458894875000001 0.7353709671875001 0.6541966171875 0.7428651312500001 0.6603560734375 0.74722259375 0.6560865015624999 0.744159071875 0.649849709375 0.7470396546875 0.6456059187500001 0.7500300046875 0.6476504765625 0.755827759375 0.6412590109375 0.7513239453125 0.6371441140625 0.7454896 0.6414394640625
0 0.704113740625 0.5561947109375 0.702527096875 0.5499321390625 0.6935926421875 0.5458945796875 0.6937755812499999 0.5563751640625 0.7041869171874999 0.56038694375 0.704113740625 0.5561947109375
0 0.6821800687499999 0.5691580968750001 0.6943243984375 0.587816915625 0.7017819750000001 0.591880253125 0.6927030765625 0.567476734375 0.6939585203124999 0.5668557468750001 0.6984623359375 0.5709706437500001 0.703075915625 0.581373890625 0.70765290625 0.5896810203125 0.7119737828125 0.5833153328125 0.70440644375 0.57296364375 0.699829453125 0.5646565140625001 0.6953256359375 0.5605416187500001 0.6921889375 0.5501125921875001 0.68321789375 0.543978915625 0.6772006125 0.5377936828125 0.674320028125 0.5420374734375 0.6698893875 0.5421148109375 0.666862453125 0.5379741359375 0.6474434859375 0.5257325625 0.6445263140625 0.5278802375 0.64906671875 0.53409125 0.6611012828125 0.54646171875 0.6656416875 0.5526727328125001 0.6761261984375 0.5608767453125 0.6821800687499999 0.5691580968750001
0 0.690015140625 0.5688062828125 0.6927030765625 0.567476734375 0.6893815296875 0.5585486171875 0.6863545953125 0.5544079421875 0.6819605421875 0.556581396875 0.690015140625 0.5688062828125
0 0.6007821015625 0.4762249109375 0.5934342890625001 0.47844992187499996 0.6024053328125001 0.48458359843750004 0.6083494390624999 0.4865765984375 0.6070189109374999 0.49498684375 0.60561520625 0.4992048578125 0.595203871875 0.4951930765625 0.5863791796875 0.4974438671875 0.587965825 0.5037064390625 0.596863690625 0.5056478828125 0.6028809749999999 0.511833115625 0.6147326015625 0.5137229999999999 0.6206767078125 0.5157160015625 0.622043825 0.509401871875 0.6159899546875 0.501120521875 0.6173936578125 0.4969025078125 0.6172838953124999 0.4906141578125 0.60975314375 0.48235858593750003 0.6007821015625 0.4762249109375
0 0.3754147375 0.6835439859375 0.36976333281249996 0.6983199203125 0.3684328046875 0.706730165625 0.36389240156249997 0.700519153125 0.3610484046875 0.7068590609375 0.370092625 0.7171849703125 0.3754147375 0.6835439859375
0 0.8923128468750001 0.504684309375 0.9009911875000001 0.4940490515625 0.8699767093749999 0.4945904109375 0.8567945531250001 0.501110771875 0.8482259781250001 0.5180343796875 0.86439848125 0.5135585765624999 0.8923128468750001 0.504684309375
0 0.716673903125 0.5140403640625 0.7770430390625 0.502502840625 0.77109893125 0.5005098390625 0.7120237359375 0.5015410015625 0.716673903125 0.5140403640625
0 0.68418254375 0.5146075031249999 0.6900534765625 0.5124082703124999 0.7107297953125 0.5120473624999999 0.707666271875 0.505810571875 0.6987318171875 0.5017730125 0.6219706484375 0.5052096390624999 0.6325283359375 0.5176058859375 0.68418254375 0.5146075031249999
0 0.4479549359375 0.52292438125 0.4612102671875 0.520596253125 0.455229571875 0.5165071359375 0.45958703593749994 0.512237565625 0.45072575625000005 0.512392240625 0.431928784375 0.5357846515625 0.43344225156249994 0.5378549890625 0.4479549359375 0.52292438125
0 0.5257173421875 0.49221245781249995 0.505041021875 0.4925733640625 0.500683559375 0.49684293437499993 0.49783956093750004 0.50318284375 0.5096180125 0.5008804953125 0.5257173421875 0.49221245781249995
0 0.5507877125 0.48967809687499997 0.5509340640625 0.4980625640625 0.5834985953125 0.5016876609375001 0.577444725 0.4934063078125 0.574490965625 0.49345786562500005 0.5507877125 0.48967809687499997
0 0.5199927609375 0.502796159375 0.5215428156249999 0.5069626125 0.5318077999999999 0.5025899265625 0.5420727828125 0.49821723906250004 0.5287442765625 0.4963531328125 0.5199927609375 0.502796159375
0 0.7237754546875 0.66697955 0.7280963328125 0.6606138640625 0.730976915625 0.6563700703124999 0.7294268609375 0.6522036171875001 0.724996221875 0.652280953125 0.721969284375 0.648140278125 0.7175020578125 0.6461214984375 0.717611821875 0.6524098484375 0.7237754546875 0.66697955
0 0.8225336140625 0.4849347546875 0.8297716609375 0.47642139375000003 0.8164797421875001 0.4766534046875 0.8018207078125 0.4831995453125 0.80492081875 0.49153245312499994 0.8137820984375 0.4913777796875 0.8270740171875 0.49114576874999993 0.8314314796875 0.4868761984375 0.8225336140625 0.4849347546875
0 0.8451624531249999 0.5117975875 0.8303936546875 0.512055378125 0.8288436000000001 0.5078889234374999 0.82729354375 0.50372246875 0.816955384375 0.5039029234375 0.81555168125 0.508120934375 0.8215323765625 0.5122100515625 0.825963015625 0.512132715625 0.8260727796875 0.518421065625 0.8467490984375001 0.5180601578124999 0.8451624531249999 0.5117975875
0 0.7772259781249999 0.5129834234375 0.7511177828125 0.5406969640625 0.75414471875 0.5448376390624999 0.7758954499999999 0.52139366875 0.7772259781249999 0.5129834234375
0 0.8446467156249999 0.7361594171875 0.8312450328125 0.7301030796875 0.837298903125 0.73838443125 0.8359317859375001 0.744698559375 0.84183930625 0.74459544375 0.8536543468750001 0.7443892109375 0.8654693859375 0.7441829796875 0.8757709578125 0.7419064093750001 0.8683499687499999 0.7399391875 0.8446467156249999 0.7361594171875
0 0.753203290625 0.6601756203125 0.7473323578125 0.662374853125 0.7460018296875 0.6707850984375 0.7504324703125 0.6707077609375001 0.753203290625 0.6601756203125
0 0.754410690625 0.7293474718749999 0.7380186578125 0.721246575 0.738091834375 0.7254388078125 0.7485763453125001 0.733642821875 0.754410690625 0.7293474718749999
0 0.750871525 0.6958611625 0.7450371796875 0.7001565125 0.7465872359375 0.7043229656250001 0.7524947562500001 0.70421985 0.7553387515625001 0.6978799421875 0.7537155203125 0.6895212546875 0.7507251734375 0.6874766953125 0.750871525 0.6958611625
0 0.8024427 0.5188335296875 0.7966083562499999 0.52312888125 0.79974505625 0.53355790625 0.8025524640624999 0.52512188125 0.8024427 0.5188335296875
1 0.7560043515625 0.22819511406249998 0.702859896875 0.315089725 0.7757392421875 0.3431721875 0.8165064734374999 0.30891250625 0.7934385796875 0.25689627187499997 0.7588117609375 0.2197590875 0.7056673046874999 0.3066536984375 0.7560043515625 0.22819511406249998
0 0.2320244015625 0.5937896359375 0.26436940781249996 0.5848380296875 0.28615672812500004 0.563490178125 0.258096009375 0.5639799796875 0.225714415625 0.57083546875 0.2320244015625 0.5937896359375
