0 0.3430564515625 0.59473129375 0.34305795781250004 0.5862164515625 0.338331428125 0.5789967046875 0.343787546875 0.5735724359375001 0.341606303125 0.56893026875 0.3423358921875 0.5562862546875 0.331423653125 0.56713479375 0.3266956171875 0.5684298906249999 0.32669411249999997 0.5769447328124999 0.32523794375000004 0.5852030796875 0.3208754546875 0.5759187453125 0.3059677796875 0.5583886828125 0.3030584515625 0.5578756890625 0.2961491703125 0.5545286203125 0.28887584843749997 0.5532461375 0.2837852765625 0.5480909781250001 0.2805104015625 0.5581574140625001 0.2728730359375 0.5589395171875 0.273599615625 0.5633251859375 0.2797808109375 0.570801428125 0.2874166703125 0.57853416875 0.29541657187500003 0.5842023203125 0.30705238125 0.594769134375 0.32268814218749997 0.6081700265625 0.33323182500000004 0.6249306015625 0.3321442140625 0.6055798328125 0.337236290625 0.6022201500000001 0.3401441140625 0.6112479859375 0.3477799734375 0.618980725 0.34669085625 0.6081447984375 0.3477829828125 0.6019510390625 0.3430564515625 0.59473129375
0 0.3925330984375 0.5012740671875 0.39107391874999997 0.526562096875 0.3943472890625 0.5250105046875 0.3965330484375 0.5041081421875 0.3925330984375 0.5012740671875
0 0.39580646875 0.4997224734375 0.416531296875 0.5267933671875 0.4187140453125 0.522920690625 0.41653280156249994 0.518278525 0.410351609375 0.5108022812499999 0.407806321875 0.5082247015625 0.4016251265625 0.500748459375 0.39580646875 0.4997224734375
0 0.378338459375 0.5647632546875 0.3808837453125 0.567340834375 0.3856162953125 0.5405012109375 0.3812523015625 0.5397317203124999 0.378338459375 0.5647632546875
0 0.3834350515625 0.5358590453125001 0.3841631359375 0.5317298703125 0.3797991421875 0.53096038125 0.37907105625000004 0.5350895546875 0.3834350515625 0.5358590453125001
0 0.34124978437500003 0.52842064375 0.34088423749999996 0.539000071875 0.3496122234375 0.5405390515625 0.34815906406249997 0.5317677140625 0.34124978437500003 0.52842064375
0 0.56056263125 0.44149357499999997 0.5420160359375 0.4360945328125 0.5274693921875 0.4335295671875 0.518013321875 0.4361197609375 0.512557203125 0.44154402968750006 0.5020090046875 0.45032798281249997 0.5256476765625 0.4523673421875 0.5521971812500001 0.44640484999999996 0.5558330890625001 0.4513035125 0.554375415625 0.46807670156250003 0.56674231875 0.45748465937500005 0.563834496875 0.4484568234375 0.56056263125 0.44149357499999997
0 0.4685487140625 0.46145824687500003 0.467822134375 0.4570725765625 0.455086675 0.495273734375 0.4623599953125 0.4965562171875 0.4725426453125 0.49835169375 0.476542596875 0.5011857703125 0.48345338125000004 0.4960179953125 0.47181757187500006 0.48545118125000003 0.466727 0.480296021875 0.4685487140625 0.46145824687500003
0 0.5150979734375001 0.46966613593749995 0.5285539953125 0.46991001875 0.5351007375 0.4668068328125 0.525646171875 0.46088218437500006 0.506005946875 0.47019174374999995 0.4961873375 0.46633168124999996 0.49618583281250006 0.47484652499999996 0.4889095 0.4905937265625 0.4969109078125 0.48774703593749996 0.5089122640625 0.48773442187500005 0.518732378125 0.4830796421875 0.5336430625 0.48358002187500004 0.5409163859375 0.48486250468750003 0.5460084625 0.48150282187500004 0.51109651875 0.47534690468749996 0.5150979734375001 0.46966613593749995
0 0.79983008125 0.6241821609375 0.79873645 0.6388907640625 0.8016427703125 0.6564334406250001 0.8016412640624999 0.6649482843750001 0.7910900562500001 0.690761921875 0.782724609375 0.6956731984375 0.7772699937499999 0.6925826265625 0.7714513359375 0.691556640625 0.7612686859375 0.6897611640625 0.7579938109375 0.6998276 0.7667233 0.6928517359375 0.7779965718749999 0.6969682953125 0.7845418109375 0.7023799515625 0.7947244609374999 0.7041754265625 0.793630828125 0.7188840296875 0.809272609375 0.6982255515625 0.8023633296874999 0.69487848125 0.79945550625 0.6858506453125 0.8060037515625 0.674232615625 0.8081895109375001 0.6533302546875001 0.8067363515625001 0.644558915625 0.80673785625 0.636044071875 0.79983008125 0.6241821609375
0 0.8161818890625 0.7015726203125 0.8351015531250001 0.6538180203125 0.809272609375 0.6982255515625 0.8161818890625 0.7015726203125
0 0.7263642671875 0.6410310328125 0.7099974109375 0.6487890000000001 0.6958148109375 0.644159446875 0.69326801875 0.6500967109375 0.7041772500000001 0.65627785625 0.6907212281249999 0.6560339734375 0.6947196734375 0.6673828921875 0.7001742890625 0.6704734640625001 0.709994403125 0.665818684375 0.721269178125 0.6614204015625 0.722725346875 0.65316205625 0.727453384375 0.651866959375 0.7314518296875 0.663215878125 0.7405438578125 0.6626902703125 0.7550905 0.6652552359375 0.760181075 0.6704103953125 0.77218243125 0.6703977812499999 0.7805478781249999 0.6654865046875 0.782729121875 0.6701286718749999 0.791457109375 0.6716676500000001 0.7903649828125 0.677861409375 0.7903634765625001 0.6863762515625 0.8012757171875 0.6755277125 0.7987319359375 0.6644352921875 0.7932773203125 0.6613447171875 0.7809134265625 0.654907075 0.7576372921875001 0.6593179734375 0.7372719921875001 0.655727021875 0.7263642671875 0.6410310328125
0 0.8354716156249999 0.6176940640625 0.8460183078125001 0.617424953125 0.8394730703125 0.6120132968750001 0.8423839046875001 0.6040114484375 0.8474759828125 0.600651765625 0.8416588296875 0.5911109359375 0.835110584375 0.602728965625 0.8318357078125 0.6127954 0.8354716156249999 0.6176940640625
0 0.79583615 0.587288715625 0.8005656921875 0.577478775 0.797293825 0.5705155265624999 0.7918362 0.5844546390625001 0.7740116718750001 0.6089857953125 0.787833240625 0.598650246875 0.79583615 0.587288715625
0 0.8343930328125 0.5472542406249999 0.8453022625 0.5534353859375 0.8467584328125 0.5451770406249999 0.835485159375 0.54106048125 0.8343930328125 0.5472542406249999
0 0.8333084296875001 0.5108737875 0.8354896734375 0.515515953125 0.8340335046874999 0.5237742984375 0.8354881703125001 0.5240307953125 0.8362162546875 0.5199016234375 0.8420349109374999 0.5209276093749999 0.8423989531249999 0.5188630234375 0.8413083312499999 0.516541940625 0.8405817515624999 0.5121562703125 0.8333084296875001 0.5108737875
0 0.6947302093750001 0.6077789953125 0.6892740875000001 0.6132032640625 0.692909996875 0.618101928125 0.6972739890625 0.6188714171874999 0.7067300609375 0.6162812234375 0.71946100625 0.60362459375 0.712189190625 0.5938272687499999 0.7085517765625 0.5974434484375 0.705643953125 0.5884156125 0.7001878328125 0.5938398828125 0.693641090625 0.5969430703125 0.6947302093750001 0.6077789953125
0 0.7139913421874999 0.685682446875 0.7132647624999999 0.6812967765625 0.7099913921875001 0.6828483703125 0.7056273984375 0.68207888125 0.698716615625 0.687246653125 0.7016244375 0.6962744890625 0.7078056328125 0.7037507328125 0.7128977109375 0.700391046875 0.711080509375 0.6936842953125 0.7147179218749999 0.690068115625 0.717263209375 0.6926456953125 0.72417399375 0.687477921875 0.720538084375 0.6825792609375 0.7139913421874999 0.685682446875
0 0.689641140625 0.59410899375 0.689278603125 0.5876587359375 0.6812787015625 0.581990584375 0.6794584890625 0.5923135171875 0.68891305625 0.598238165625 0.689641140625 0.59410899375
0 0.665636921875 0.6026490625 0.6739978546875001 0.6232823140625 0.6805430921875 0.6286939703125001 0.6762874109375 0.6030064765625001 0.677638278125 0.60263645 0.6812741859375 0.6075351125 0.68381796875 0.6186275343750001 0.6867257921875 0.6276553703125 0.6921819124999999 0.6222311015625 0.6867288015625 0.610625684375 0.683820978125 0.60159785 0.68018506875 0.5966991875 0.679095953125 0.5858632609375001 0.6714600921875 0.578130521875 0.6667335624999999 0.5709107765625 0.66309615 0.5745269562499999 0.6587321562499999 0.573757465625 0.6565509125 0.5691153 0.6398245296875 0.5533933265625001 0.636551159375 0.5549449203125 0.6398230265625 0.5619081687499999 0.6492760859375 0.576347659375 0.6525479515625 0.583310909375 0.661274434375 0.59336473125 0.665636921875 0.6026490625
0 0.6733951703125001 0.603798715625 0.6762874109375 0.6030064765625001 0.6747304546875 0.5936086140625 0.6725492109375 0.5889664484375 0.667821175 0.5902615453125 0.6733951703125001 0.603798715625
0 0.6034669515625 0.4958918578125 0.5958295875 0.4966739609375 0.603465446875 0.5044067 0.6089200609375001 0.5074972718749999 0.606009228125 0.5154991203125 0.603826478125 0.5193717984374999 0.5943719125 0.5134471484375001 0.585279884375 0.5139727546875 0.585642421875 0.5204230125 0.5940063656250001 0.524026578125 0.598732896875 0.5312463234375 0.61000616875 0.5353628828125 0.6154607828125 0.5384534546874999 0.6180075734375 0.5325161921875 0.6136450859375 0.5232318609375 0.6158278359375 0.5193591828125 0.6169199625 0.5131654250000001 0.611102809375 0.5036245953125 0.6034669515625 0.4958918578125
0 0.34268187656250004 0.6563997765625 0.33431492343749997 0.669825896875 0.331404090625 0.677827746875 0.32813222343750004 0.6708644968749999 0.3241307671875 0.6765452625 0.3310385421875 0.688407175 0.34268187656250004 0.6563997765625
0 0.884211146875 0.579455065625 0.8947593453125 0.5706711125 0.86421139375 0.565284684375 0.8500272875 0.569169975 0.8383869640625001 0.5841476859375 0.8551163562499999 0.582839975 0.884211146875 0.579455065625
0 0.710013965625 0.5551257328125 0.7714754140625 0.555319159375 0.7660207984375 0.5522285874999999 0.7078342265625001 0.541968725 0.710013965625 0.5551257328125
0 0.67801135 0.5494828078125 0.68419405 0.5484442078125 0.7045593515624999 0.552035159375 0.7027421484375 0.5453284078125 0.694742246875 0.5396602546875 0.618735659375 0.5283870203125 0.62673405625 0.5425700140624999 0.67801135 0.5494828078125
0 0.444536971875 0.5125725296875 0.4579929921875 0.5128164125 0.4529024203125 0.507661253125 0.45799449843750006 0.5043015703125 0.44926651093750003 0.502762590625 0.42635141093750006 0.5221385875 0.42744203281250004 0.5244596703125 0.444536971875 0.5125725296875
0 0.526730775 0.4972626375 0.5063654734374999 0.49367168437500003 0.501273396875 0.49703136875 0.49727193906249995 0.5027121359375 0.509273296875 0.502699521875 0.526730775 0.4972626375
0 0.5518241109375001 0.49955849218750004 0.5503679406249999 0.5078168375 0.5816424703124999 0.5175889359375 0.5772799843749999 0.508304603125 0.5743706546875 0.5077916109375 0.5518241109375001 0.49955849218750004
0 0.5190919046875 0.5065595843749999 0.519818484375 0.5109452531249999 0.53072921875 0.50861155625 0.5416399546874999 0.5062778578125 0.52891201875 0.501904803125 0.5190919046875 0.5065595843749999
0 0.68780286875 0.7066100359374999 0.693258990625 0.7011857671875 0.696896403125 0.6975695859375 0.6961698234375 0.6931839156249999 0.6918058312500001 0.6924144265625001 0.6896245859375 0.6877722609375 0.6856246359375 0.684938184375 0.684532509375 0.6911319437500001 0.68780286875 0.7066100359374999
0 0.819482346875 0.5467538609375 0.8282118374999999 0.5397779984375 0.8151198578125 0.5374695296875001 0.7994810890624999 0.5410983234375 0.8009342484375 0.5498696609375 0.809662234375 0.551408640625 0.8227542124999999 0.553717109375 0.827846290625 0.5503574265625 0.819482346875 0.5467538609375
0 0.8365697609374999 0.577440934375 0.82202311875 0.57487596875 0.8212965390625 0.5704902984375 0.820569959375 0.5661046296875 0.810387309375 0.564309153125 0.8082045593749999 0.5681818296875 0.8132951328125 0.5733369890625 0.8176591265625 0.574106478125 0.8165669984375 0.5803002375 0.8369323 0.5838911890625 0.8365697609374999 0.577440934375
0 0.769655203125 0.5656420921875001 0.7387386953124999 0.5878647781249999 0.7409199390625 0.59250694375 0.7667443703125 0.573643940625 0.769655203125 0.5656420921875001
0 0.7932532421875 0.797582196875 0.781253390625 0.7890799687500001 0.785615878125 0.798364303125 0.7830690875 0.8043015656250001 0.7888877453124999 0.8053275515625 0.8005250593750001 0.8073795234375 0.812162375 0.809431496875 0.8227090671875 0.8091623859375 0.8157997874999999 0.8058153171875 0.7932532421875 0.797582196875
0 0.717988284375 0.7055462078125 0.7118055828125 0.7065848078125 0.70889475 0.7145866578125 0.71325874375 0.715356146875 0.717988284375 0.7055462078125
0 0.7059748875 0.7736775609375 0.6914297484375 0.762597753125 0.6907016640625 0.7667269265625001 0.6994281453125 0.7767807484375 0.7059748875 0.7736775609375
0 0.7088902359375 0.740131184375 0.70234349375 0.7432343718750001 0.7030700734375 0.747620040625 0.70888873125 0.7486460265625 0.7128901875 0.7429652609375 0.7128916921874999 0.7344504187500001 0.71034640625 0.7318728390625 0.7088902359375 0.740131184375
0 0.7932923703125 0.5761962921875 0.7867456265625 0.5792994796875 0.7878347453125001 0.59013540625 0.7922002421875 0.5823900531249999 0.7932923703125 0.5761962921875
1 0.8031636484375 0.28203686875 0.7344153328125 0.357194540625 0.8005972937499999 0.39866708281249996 0.8471525703125 0.3728156046875 0.8344336640625001 0.31735349375 0.8075291468750001 0.2742915140625 0.7387808312499999 0.3494491875 0.8031636484375 0.28203686875
0 0.21905196249999997 0.5409343015625 0.2525107453125 0.5383188796875 0.277971134375 0.5215204640625 0.2503325125 0.5166470296875 0.21723776875 0.5171978640625 0.21905196249999997 0.5409343015625
