1 0.531164621875 0.5225745140625 0.5343773515625 0.541780384375 0.5125524203125 0.5825190828125 0.4936321265625 0.6215062546875 0.4994509984375 0.64465620625 0.539021440625 0.64101875625 0.5638697015624999 0.649935996875 0.6174466437499999 0.5937276046875 0.6624091734374999 0.54087525 0.69726481875 0.519856959375 0.7182038656249999 0.522858078125 0.7511594500000001 0.511258959375 0.75523886875 0.4334190140625 0.7144648546875 0.4331858875 0.66477793125 0.44200440625 0.6491410734375 0.418339915625 0.6278040359375 0.4229329375 0.6036714546875 0.4540319484375 0.5936640703125 0.48396747968750004 0.5734311078125 0.49432961249999996 0.5594953140625 0.46504302343750004 0.5353531359375 0.469489034375 0.525843240625 0.48993188906249996 0.471252121875 0.511819634375 0.531164621875 0.5225745140625
1 0.26301372968750003 0.6208425562500001 0.2509971875 0.6354427921875 0.25541349062499996 0.6585192375 0.312719846875 0.6653300359375 0.3788396140625 0.6649877265625 0.3933627984375 0.65623010625 0.382033146875 0.6308875984375 0.26301372968750003 0.6208425562500001
1 0.51660911875 0.7198016625 0.5101033578124999 0.736594459375 0.5198218484375 0.7390075328125 0.53444453125 0.7283513765625 0.532435378125 0.7130160828125 0.51660911875 0.7198016625
1 0.4069102 0.7197638343749999 0.4201399109375 0.7356871734375 0.439268796875 0.719555928125 0.44166634687500006 0.70064408125 0.435349984375 0.6869868078125 0.406801103125 0.695009371875 0.4069102 0.7197638343749999
1 0.311753659375 0.764274384375 0.3222777296875 0.7781521765625 0.351731690625 0.77969579375 0.3628431515625 0.7555293734374999 0.35752176874999997 0.722886746875 0.319353896875 0.726597703125 0.31154506406250004 0.74141845625 0.311753659375 0.764274384375
0 0.526696809375 0.6346616 0.5247967484375 0.6440807703125 0.5458352921875 0.6451833546875 0.566575340625 0.6519815437500001 0.5644666890625001 0.6385447859375 0.5620595421875 0.6308036343750001 0.5421250734374999 0.6354701609375 0.526696809375 0.6346616
0 0.501550053125 0.631439965625 0.5100649703125 0.6299824640625 0.51767480625 0.618958778125 0.5200723546875 0.6000469328125 0.5382961625 0.5743495046875 0.5370925890625 0.5704789296875 0.52246990625 0.5811350859375 0.5106523593750001 0.591938253125 0.5056486671875 0.6069060171875 0.5050516796875 0.618297228125 0.501550053125 0.631439965625
0 0.45269750468750003 0.7316821953125 0.48926381093750004 0.7316948046875 0.48946280625 0.727897734375 0.45439856718750005 0.7260600953125 0.45269750468750003 0.7316821953125
0 0.46051593437499994 0.743514440625 0.46021743906249996 0.7492100453125 0.48135548124999994 0.74841409375 0.4943766 0.7414815031249999 0.503190009375 0.7343283953124999 0.4833550390625 0.7370963890625 0.48165397499999996 0.7427184890625 0.46051593437499994 0.743514440625
0 0.52532303125 0.714547090625 0.5282276671874999 0.7127955671875 0.5221103015625 0.6953412218749999 0.5293221453125 0.6919116796875 0.5385431453125 0.7038174296874999 0.5553739796875 0.704699496875 0.5556724734375 0.699003890625 0.5547673953125 0.689437709375 0.5495551078124999 0.681549546875 0.5296206406249999 0.6862160734375 0.51529645 0.6911766234375001 0.52532303125 0.714547090625
0 0.5003752718750001 0.707528384375 0.49917170000000005 0.703657809375 0.48334544062499996 0.7104433890624999 0.4665146078125 0.709561321875 0.46491304062500005 0.7132848875 0.4815448796875 0.7179640234375 0.5003752718750001 0.707528384375
