0 0.27913279062499996 0.7965738765625 0.28184281875 0.7944325484375 0.2804878046875 0.7922912203125 0.2764227640625 0.7901498921875 0.2723577234375 0.7922912203125 0.26693766874999997 0.7922912203125 0.262872628125 0.7922912203125 0.2588075875 0.7922912203125 0.25745257499999996 0.7944325484375 0.2588075875 0.798715203125 0.262872628125 0.7965738765625 0.26693766874999997 0.7944325484375 0.2723577234375 0.7944325484375 0.2764227640625 0.7965738765625 0.27913279062499996 0.7965738765625
0 0.326558265625 0.6659528906250001 0.33468834687500004 0.6659528906250001 0.3401084015625 0.6638115625000001 0.342818428125 0.6616702359375 0.3414634140625 0.6573875796875 0.3373983734375 0.655246253125 0.3333333328125 0.653104925 0.3292682921875 0.653104925 0.326558265625 0.6509635968749999 0.32384823906250004 0.6509635968749999 0.318428184375 0.653104925 0.31436314374999996 0.6488222703125001 0.3116531171875 0.653104925 0.3116531171875 0.6595289078125 0.3116531171875 0.6616702359375 0.31300812968749997 0.6659528906250001 0.3170731703125 0.6659528906250001 0.326558265625 0.6659528906250001
0 0.44308943125000005 0.558886509375 0.44308943125000005 0.5546038546875 0.440379403125 0.5524625265625 0.440379403125 0.5417558890625 0.43902439062500004 0.5417558890625 0.43766937656250005 0.5503211984374999 0.43902439062500004 0.558886509375 0.440379403125 0.5653104921875001 0.44444444375 0.5674518203125001 0.44715447187499996 0.571734475 0.44715447187499996 0.5653104921875001 0.44444444375 0.563169165625 0.44308943125000005 0.558886509375
0 0.37127371249999996 0.691648821875 0.3739837390625 0.6873661671875 0.37669376718750003 0.680942184375 0.37940379375 0.6745182015625 0.382113821875 0.6702355453125 0.3848238484375 0.6659528906250001 0.3861788625 0.6616702359375 0.382113821875 0.6659528906250001 0.37940379375 0.6702355453125 0.37804878125 0.6723768734375 0.375338753125 0.67880085625 0.3726287265625 0.6830835125 0.36991869843749997 0.6895074953125 0.3658536578125 0.695931478125 0.36314363125 0.7002141328125 0.35907859062499997 0.70877944375 0.3563685640625 0.7152034265625 0.35907859062499997 0.717344753125 0.3617886171875 0.7152034265625 0.3644986453125 0.7109207703125 0.3658536578125 0.706638115625 0.367208671875 0.7002141328125 0.36991869843749997 0.695931478125 0.37127371249999996 0.691648821875
0 0.3360433609375 0.815845825 0.3333333328125 0.813704496875 0.3292682921875 0.8179871515625001 0.3292682921875 0.8244111343749999 0.3279132796875 0.8286937906249999 0.32384823906250004 0.8351177734374999 0.3211382109375 0.8436830828125 0.3170731703125 0.850107065625 0.3197831984375 0.85224839375 0.322493225 0.8479657390625001 0.32520325156249996 0.84154175625 0.3279132796875 0.8351177734374999 0.3319783203125 0.8308351171874999 0.3319783203125 0.8222698078124999 0.3360433609375 0.815845825
0 0.3360433609375 0.7965738765625 0.33468834687500004 0.7922912203125 0.3373983734375 0.7922912203125 0.3373983734375 0.788008565625 0.3333333328125 0.788008565625 0.3292682921875 0.788008565625 0.3279132796875 0.7944325484375 0.33062330625 0.798715203125 0.3319783203125 0.80085653125 0.33468834687500004 0.802997859375 0.3360433609375 0.8051391859375 0.3360433609375 0.80085653125 0.3360433609375 0.7965738765625
0 0.2073170734375 0.7537473234375 0.20867208750000002 0.7644539609375001 0.2073170734375 0.7751606 0.21002710000000002 0.7815845828125 0.2154471546875 0.7815845828125 0.222222221875 0.7794432546875 0.22357723593749998 0.7751606 0.21815718125 0.77087794375 0.21409214062499998 0.773019271875 0.21273712812499998 0.7665952890625001 0.21273712812499998 0.758029978125 0.20867208750000002 0.7430406859375001 0.205962059375 0.7366167031249999 0.20189701875 0.7323340468749999 0.2005420046875 0.7237687359375 0.2005420046875 0.7152034265625 0.2005420046875 0.70877944375 0.20325203281249998 0.695931478125 0.205962059375 0.6895074953125 0.2073170734375 0.67880085625 0.20189701875 0.6873661671875 0.197831978125 0.695931478125 0.19647696406249998 0.7109207703125 0.19647696406249998 0.721627409375 0.1991869921875 0.7323340468749999 0.20189701875 0.7408993578125 0.2046070453125 0.7451820125 0.2073170734375 0.7537473234375
0 0.1991869921875 0.7387580296875 0.1937669375 0.7408993578125 0.1883468828125 0.7408993578125 0.18292682968750001 0.7387580296875 0.1761517609375 0.7408993578125 0.177506775 0.7494646687500001 0.181571815625 0.747323340625 0.1883468828125 0.747323340625 0.1937669375 0.7494646687500001 0.1991869921875 0.7494646687500001 0.20325203281249998 0.7451820125 0.1991869921875 0.7387580296875
0 0.1937669375 0.7687366171875001 0.1883468828125 0.77087794375 0.1869918703125 0.7773019265625 0.1910569109375 0.7751606 0.197831978125 0.7751606 0.20189701875 0.7751606 0.205962059375 0.77087794375 0.2005420046875 0.7687366171875001 0.1937669375 0.7687366171875001
0 0.2005420046875 0.7944325484375 0.20189701875 0.788008565625 0.19647696406249998 0.783725909375 0.1910569109375 0.783725909375 0.1869918703125 0.783725909375 0.181571815625 0.7815845828125 0.177506775 0.7773019265625 0.173441734375 0.7751606 0.1720867203125 0.783725909375 0.177506775 0.7858672375 0.1802168015625 0.788008565625 0.1869918703125 0.7922912203125 0.1924119234375 0.7922912203125 0.2005420046875 0.7944325484375
0 0.18563685624999998 0.7494646687500001 0.18292682968750001 0.7516059953124999 0.18563685624999998 0.758029978125 0.1883468828125 0.762312634375 0.189701896875 0.7687366171875001 0.1924119234375 0.7665952890625001 0.1937669375 0.762312634375 0.1924119234375 0.7558886515625 0.189701896875 0.7516059953124999 0.18563685624999998 0.7494646687500001
0 0.197831978125 0.7537473234375 0.1937669375 0.7558886515625 0.1951219515625 0.762312634375 0.197831978125 0.76017130625 0.20325203281249998 0.76017130625 0.2073170734375 0.76017130625 0.205962059375 0.7558886515625 0.20189701875 0.7537473234375 0.197831978125 0.7537473234375
0 0.3211382109375 0.7944325484375 0.3197831984375 0.7901498921875 0.3170731703125 0.7944325484375 0.3157181578125 0.802997859375 0.31300812968749997 0.813704496875 0.3075880765625 0.8565310500000001 0.31300812968749997 0.8543897218750001 0.31436314374999996 0.84154175625 0.318428184375 0.8222698078124999 0.3197831984375 0.8072805140625 0.3211382109375 0.7944325484375
1 0.30216802187499997 0.8736616703125 0.3197831984375 0.869379015625 0.32384823906250004 0.8629550328125 0.32520325156249996 0.839400428125 0.3319783203125 0.8244111343749999 0.3292682921875 0.80085653125 0.32520325156249996 0.7687366171875001 0.3116531171875 0.7366167031249999 0.30081300781250003 0.6980728046875 0.27506775 0.6895074953125 0.25474254687500003 0.6852248390625 0.23441734374999998 0.67880085625 0.2113821140625 0.6873661671875 0.2005420046875 0.7044967875 0.2005420046875 0.717344753125 0.1937669375 0.7344753749999999 0.1883468828125 0.7494646687500001 0.1869918703125 0.773019271875 0.1842818421875 0.7922912203125 0.1869918703125 0.8051391859375 0.197831978125 0.8051391859375 0.22899729062500002 0.8329764453124999 0.25474254687500003 0.850107065625 0.269647696875 0.8715203421875 0.285907859375 0.88222698125 0.30216802187499997 0.8736616703125
1 0.20189701875 0.8179871515625001 0.2046070453125 0.8308351171874999 0.21815718125 0.8565310500000001 0.23441734374999998 0.8758029984375 0.2642276421875 0.8950749468750001 0.27913279062499996 0.8886509640625 0.27777777812500004 0.880085653125 0.2723577234375 0.8736616703125 0.262872628125 0.865096359375 0.24932249374999998 0.8543897218750001 0.23441734374999998 0.839400428125 0.21680216875 0.8286937906249999 0.20189701875 0.8179871515625001
