1 0.27899686562500003 0.475687103125 0.2899686515625 0.4651162796875 0.29623824375 0.4714587734375 0.3025078375 0.4799154328125 0.304075234375 0.4947145875 0.31191222500000004 0.4989429171875 0.315047021875 0.513742071875 0.33072100312499997 0.4841437625 0.3401253921875 0.4651162796875 0.354231975 0.44186046562500003 0.35109717812499996 0.4270613109375 0.3432601875 0.414376321875 0.3213166140625 0.414376321875 0.29623824375 0.4080338265625 0.2742946703125 0.4101479921875 0.27272727343750003 0.43340380625 0.27272727343750003 0.45665961875 0.2695924765625 0.47780126875000006 0.27899686562500003 0.475687103125
1 0.7899686515625 0.651162790625 0.799373040625 0.6638477796875 0.819749215625 0.65327695625 0.819749215625 0.634249471875 0.8228840125 0.613107821875 0.8322884015625001 0.5940803375 0.8244514109375001 0.5940803375 0.815047021875 0.5898520078125 0.8056426328124999 0.6025369984375 0.794670846875 0.6152219875 0.7852664578125 0.63213530625 0.7899686515625 0.651162790625
0 0.768025078125 0.530655390625 0.7617554859375 0.4989429171875 0.75548589375 0.486257928125 0.7601880875 0.475687103125 0.7617554859375 0.45877378437500005 0.75548589375 0.4460887953125 0.7507836984375 0.46300211406249997 0.7507836984375 0.4947145875 0.7617554859375 0.5158562375 0.768025078125 0.54334038125 0.768025078125 0.530655390625
1 0.9043887140625 0.37843551875000003 0.8996865203125 0.37420718750000004 0.8918495296875 0.37420718750000004 0.8918495296875 0.3847780125 0.8996865203125 0.393234671875 0.9090909093749999 0.393234671875 0.9043887140625 0.37843551875000003
0 0.5799373046875 0.6257928125000001 0.5799373046875 0.6363636359375 0.5846394984375001 0.6448202953125 0.5924764890625001 0.65327695625 0.5987460812500001 0.6490486265625 0.5909090906250001 0.640591965625 0.5799373046875 0.6257928125000001
0 0.5235109718750001 0.5391120500000001 0.528213165625 0.53276955625 0.52664576875 0.5221987312499999 0.5172413796875001 0.5264270609375 0.51567398125 0.5348837203125 0.518808778125 0.5391120500000001 0.5235109718750001 0.5391120500000001
0 0.6990595609375 0.579281184375 0.6943573671875 0.579281184375 0.6833855796875 0.5750528546875 0.6818181812499999 0.579281184375 0.6896551718749999 0.5856236781249999 0.7021943578125 0.5835095140625 0.7068965515625 0.579281184375 0.7194357359375 0.570824525 0.7225705328124999 0.5623678640625001 0.728840125 0.549682875 0.731974921875 0.5391120500000001 0.7304075234375 0.5243128968749999 0.7257053296875 0.5348837203125 0.721003134375 0.549682875 0.7147335421875 0.5602537 0.7100313484375 0.5665961937499999 0.7068965515625 0.570824525 0.6990595609375 0.579281184375
0 0.78683385625 0.63213530625 0.7884012546875 0.64270613125 0.7931034484375 0.65961945 0.7978056421875 0.6575052859375 0.8040752343750001 0.6490486265625 0.8056426328124999 0.64270613125 0.81818181875 0.65327695625 0.8134796234375001 0.6469344609375 0.815047021875 0.63213530625 0.815047021875 0.623678646875 0.8244514109375001 0.6067653281250001 0.8291536046875001 0.5919661734375 0.8228840125 0.5919661734375 0.811912225 0.5940803375 0.8040752343750001 0.6004228328125001 0.8040752343750001 0.6088794921875 0.7978056421875 0.613107821875 0.79153605 0.6152219875 0.78683385625 0.62156448125 0.78683385625 0.63213530625
0 0.7617554859375 0.62156448125 0.6990595609375 0.623678646875 0.7194357359375 0.6257928125000001 0.7507836984375 0.6257928125000001 0.7617554859375 0.62156448125
0 0.5235109718750001 0.5391120500000001 0.5297805640625 0.5243128968749999 0.528213165625 0.5200845671875001 0.518808778125 0.5348837203125 0.5235109718750001 0.5391120500000001
0 0.9184952984375 0.65327695625 0.9028213171875 0.6765327703125 0.9075235109375 0.6744186046875 0.9231974921875 0.6553911203125 0.9184952984375 0.65327695625
0 0.731974921875 0.62156448125 0.7257053296875 0.5856236781249999 0.7194357359375 0.58773784375 0.7257053296875 0.596194503125 0.7272727265625 0.6088794921875 0.7272727265625 0.6194503171875 0.731974921875 0.62156448125
