1 0.578544678125 0.229253796875 0.6799614421875 0.5284172500000001 0.756952034375 0.49625713125 0.81935930625 0.45340210000000003 0.8682284593749999 0.1989559796875 0.8529747999999999 0.1247139625 0.7878597093749999 0.1108584703125 0.7382595796875 0.12102095156249999 0.578544678125 0.229253796875
0 0.8439822781249999 0.265918940625 0.8408673515625 0.2393603453125 0.7766261546875 0.273975990625 0.7366027515625 0.29518348125 0.657371125 0.3492561421875 0.663891634375 0.37055601718750003 0.8439822781249999 0.265918940625
0 0.8287579734375001 0.21008365312500002 0.8384217984375001 0.20438731406250002 0.8469504296875 0.200443884375 0.8451165078124999 0.19220449687500002 0.831348371875 0.1931672578125 0.8254394921875001 0.1986010234375 0.8157756671874999 0.2042973609375 0.8046272828125 0.20675045781249998 0.7925766140625 0.214287225 0.7842808921875 0.221561421875 0.814087553125 0.2161300859375 0.8287579734375001 0.21008365312500002
0 0.847563025 0.2991390640625 0.8772532296875 0.2920423453125 0.8838305171874999 0.20623260625 0.8492501718750001 0.2153448015625 0.847563025 0.2991390640625
0 0.7581743296875 0.4777628765625 0.7510138015625001 0.48328416875 0.742834534375 0.492223746875 0.7330542546875 0.496254703125 0.7492092328125 0.493451509375 0.7578543203125 0.49117346093750003 0.7637631984375 0.4857396953125 0.7696720781249999 0.48030592812500006 0.77910299375 0.471278825 0.7885339078125 0.4622517234375 0.7954615265625 0.45339966875000004 0.8021562359375001 0.4412168484375 0.8128387984375 0.43210222343750004 0.8231719984374999 0.41799145 0.8223568140624999 0.4063337734375 0.8141775484375 0.4152733515625 0.807133475 0.422460025 0.8027091546875 0.43113703125 0.7920265890625 0.4402516578125 0.783847321875 0.4491912359375 0.7784042640625 0.46128653281250004 0.76647005 0.4704886828125 0.7581743296875 0.4777628765625
0 0.7194564578125 0.175888615625 0.746382065625 0.21919098906249998 0.8098080781249999 0.17291766718749998 0.7653887421875 0.149247359375 0.7194564578125 0.175888615625
0 0.74210645 0.463824721875 0.7490340671875 0.45497266718749996 0.7570968796875001 0.44436770625 0.7642574078125 0.43884641718750006 0.772669584375 0.433237603125 0.7742412437499999 0.41973949531250004 0.7562816953125 0.4327100296875 0.7420770953125 0.4454179921875 0.731278075 0.4528672359375 0.7256021078125 0.4616317671875 0.71879094375 0.472149203125 0.718238025 0.482229021875 0.7263008359375001 0.47162406093750003 0.74210645 0.463824721875
0 0.7811953218750001 0.2134095578125 0.786580634375 0.236462340625 0.8472997953125001 0.20544003125 0.8422638453125 0.18738339531249998 0.7811953218750001 0.2134095578125
0 0.790684946875 0.241195915625 0.798078384375 0.2390053890625 0.8012510562499999 0.23041590625000002 0.792489515625 0.2310285734375 0.7840773390625 0.2366373875 0.790684946875 0.241195915625
0 0.747343059375 0.250920778125 0.7768003546875 0.24049329375 0.7664084453125 0.217790609375 0.7251333921875001 0.2390856234375 0.747343059375 0.250920778125
0 0.7688823890625 0.1992088296875 0.782301159375 0.193249921875 0.7893452328125 0.1860632484375 0.7965057609375 0.180541959375 0.7961563968750001 0.1755458125 0.7802343281249999 0.18167976875 0.7706869562499999 0.1890414890625 0.7573846390625001 0.19666577968750001 0.7439658687499999 0.2026246875 0.7371547046875 0.21314212656249998 0.7470514406250001 0.21077655156250003 0.76160540625 0.2030647375 0.7688823890625 0.1992088296875
0 0.8072499296875 0.42412540625000006 0.8027669 0.395988953125 0.763645778125 0.4121127734375 0.7038876125 0.47486487187500004 0.7162005453125 0.4890656 0.8072499296875 0.42412540625000006
0 0.7638180484375 0.23470700312499998 0.7698433828125 0.23093862031249998 0.7743841578125 0.22392699375 0.7533390390625 0.2287456640625 0.7437916671875 0.23610738437499998 0.735495946875 0.2433815796875 0.7347101171875 0.250130634375 0.742336465625 0.25127087187499997 0.7481288890625 0.244171725 0.7554058718750001 0.2403158171875 0.7638180484375 0.23470700312499998
0 0.8282950484375 0.4193067359375 0.81962060625 0.40317805624999997 0.792579509375 0.4301718390625 0.7269124640625 0.49835770312500005 0.735353996875 0.5111556187499999 0.8282950484375 0.4193067359375
0 0.7663800562499999 0.27134541562500003 0.7618392796875 0.278357040625 0.7704843671875 0.2760789921875 0.7752580515624999 0.27239813125 0.7845725140625001 0.261705646875 0.7734241296875 0.26415874375000004 0.7663800562499999 0.27134541562500003
1 0.4778079046875 0.713252825 0.5079942484375 0.803185903125 0.71640603125 0.617912709375 0.66325354375 0.541300259375 0.4778079046875 0.713252825
0 0.740763840625 0.1928074421875 0.7495253843749999 0.19219477499999998 0.756453 0.1833427203125 0.761343140625 0.18132724218750002 0.7749948234375 0.1786990984375 0.782388259375 0.17650857343749998 0.78043788125 0.166603803125 0.7749654671874999 0.16029236875 0.76632038125 0.1625704171875 0.7555213609375 0.1700196625 0.7480114703125 0.1705448046875 0.7418696796875001 0.17264780625 0.734592696875 0.1765037140625 0.729586103125 0.176853809375 0.731652934375 0.1884239625 0.740763840625 0.1928074421875
1 0.7109268625 0.1078705109375 0.6930837703125 0.12250642656249999 0.658619878125 0.13328400468749999 0.6238066234375 0.1390654375 0.6036931437499999 0.15720716562499998 0.5872181546874999 0.173420940625 0.5681234140625 0.1881443796875 0.5834925640625 0.192090240625 0.6045376828125 0.18727157187500001 0.636847640625 0.1816651875 0.6566411109375 0.1769340421875 0.693026025 0.157654503125 0.7037085890625 0.1485398765625 0.715992165625 0.14433387656250002 0.7279557343749999 0.1535384546875 0.7350291624999999 0.1647585125 0.7557249171875 0.154943696875 0.793477934375 0.1372420171875 0.8112045703125 0.12094071718749999 0.8325697 0.102711465625 0.844271003125 0.09017855 0.834112003125 0.0708066296875 0.8203145125000001 0.053362660937499994 0.80153978125 0.0546755171875 0.7671923453125 0.067118478125 0.7526383796875 0.07483029375 0.7353482078125 0.0793863921875 0.7222788 0.0903414484375 0.7109268625 0.1078705109375
