0 0.6052318671875 0.8382643 0.6111771703125 0.749506903125 0.586206896875 0.7297830375000001 0.5921522 0.8678500984375 0.6040428062500001 0.8698224859374999 0.6052318671875 0.8382643
1 0.37098692031249997 0.562130178125 0.4351961953125 0.6055226828125 0.434007134375 0.520710059375 0.41973840625000003 0.42603550312499994 0.40428061875 0.412228796875 0.3888228296875 0.43589743593749997 0.3733650421875 0.4911242609375 0.37098692031249997 0.562130178125
1 0.7253269921875 0.7179487171875001 0.8656361468749999 0.6804733734374999 0.9690844234375 0.6489151875 0.9607609984375 0.41814595624999995 0.850178359375 0.41420118281249996 0.6825208078125 0.42998027656250004 0.7003567187499999 0.520710059375 0.7003567187499999 0.6173570015625 0.7193816890625 0.6863905328125 0.7253269921875 0.7179487171875001
0 0.8252080859375001 0.43392505000000003 0.8252080859375001 0.4615384609375 0.8466111765625 0.479289940625 0.8478002375000001 0.44378698281249995 0.8252080859375001 0.43392505000000003
0 0.8133174796875 0.4319526625 0.73246135625 0.4319526625 0.733650415625 0.47534516718750003 0.768133175 0.48520709999999995 0.8168846609375 0.48126232812499997 0.8133174796875 0.4319526625
0 0.7562425687500001 0.8224852078125 0.789536265625 0.7948717953125 0.7847800234375 0.763313609375 0.7550535078125 0.75739645 0.712247325 0.763313609375 0.7051129609375 0.8007889546875001 0.7134363859375 0.8264299796874999 0.7562425687500001 0.8224852078125
0 0.826397146875 0.6745562125 0.821640903125 0.627218934375 0.8085612359375001 0.615384615625 0.7931034484375 0.6548323468749999 0.75980975 0.6646942796875 0.7609988109375 0.6923076921875 0.7942925093750001 0.69033530625 0.826397146875 0.6745562125
0 0.9013079671875 0.656804734375 0.9084423312500001 0.68836291875 0.9298454218750001 0.6785009859375 0.921521996875 0.6508875734374999 0.9013079671875 0.656804734375
0 0.9274673015625 0.6489151875 0.9274673015625 0.6686390531249999 0.9441141500000001 0.6686390531249999 0.9476813312499999 0.6528599609375 0.9274673015625 0.6489151875
0 0.7942925093750001 0.575936884375 0.7847800234375 0.5719921109375 0.7788347203125 0.6114398421875 0.7966706296875 0.60946745625 0.7942925093750001 0.575936884375
