1 0.6791295953125001 0.370304640625 0.6586772843750001 0.47560540468749996 0.7038692171875 0.463690453125 0.7518037421875 0.42318393906249996 0.7898651703125 0.39758906562499996 0.7641619859375 0.34180105 0.726129303125 0.3227058984375 0.7035642703125 0.3535975 0.6791295953125001 0.370304640625
1 0.672075328125 0.3841479578125 0.632611671875 0.39910448593750003 0.6251518593750001 0.4592699390625 0.6511556078125 0.4859026046875 0.672075328125 0.3841479578125
1 0.5597650703125 0.6143653421875 0.5832792953125 0.5682209578124999 0.549210221875 0.5208161375 0.5197865078125 0.5535624921875 0.5024823390625001 0.5839495578125 0.5098702937499999 0.6355091703125 0.5597650703125 0.6143653421875
0 0 0.5155517328125 0.10197500781249999 0.513833484375 0.2381850546875 0.514336209375 0.3645363734375 0.5074055609375 0.4305905390625 0.4831160125 0.38803622656250003 0.4836061890625 0.298978359375 0.4905511984375 0.216974759375 0.48365289218749996 0.10396399999999999 0.48850614375 0.006645221875 0.4866675625 0 0.4989528015625 0 0.5155517328125
0 0.13219982187499998 0.5500361734375 0.03468545625 0.560186153125 0.062015198437499995 0.5699339265625001 0.1179100703125 0.5673663515625 0.13219982187499998 0.5500361734375
0 0.255913521875 0.5545302984375 0.274996725 0.53314946875 0.2309352 0.5401680875 0.1836780421875 0.549887140625 0.2146708296875 0.56048059375 0.255913521875 0.5545302984375
0 0.344217784375 0.550849509375 0.4214423015625 0.53945345625 0.5029928625 0.5204606328125 0.48525002500000003 0.502611559375 0.3996596171875 0.522390809375 0.3167974328125 0.5359235109375 0.344217784375 0.550849509375
0 0.615927384375 0.4880841421875 0.6398946484375 0.4678308859375 0.6110576953125 0.46461155625000006 0.5588258703125 0.468024809375 0.5759057109375 0.49431633125 0.615927384375 0.4880841421875
0 0.627927578125 0.525236653125 0.6356448421875001 0.502950890625 0.6169528125 0.5003545984375 0.5866086515625 0.5036637093749999 0.6046376828125 0.5147024499999999 0.627927578125 0.525236653125
1 0.6355785968750001 0.3138343375 0.6832125578125 0.30248317187499996 0.6900999796875 0.25593839375 0.662784609375 0.2238456078125 0.62491876875 0.2374519203125 0.6458572421875 0.25260056249999996 0.64462185625 0.27466368124999996 0.6346581484375 0.28439709375 0.6355785968750001 0.3138343375
1 0.9564524999999999 0.48934095468749994 0.9634017890625 0.4926644265625 0.9745865125 0.48321290625 0.9791987499999999 0.4688058046875 0.9678328109375001 0.46790087343750003 0.9582459046875 0.4760021765625 0.9564524999999999 0.48934095468749994
0 0.813923040625 0.382514034375 0.7871513171875 0.38149060156250003 0.7838507015625 0.40135782343750004 0.8078035937499999 0.40344957968750006 0.813923040625 0.382514034375
0 0.759582871875 0.450766428125 0.7431372859375001 0.4607224859375 0.7518656078125 0.473052190625 0.763517740625 0.467146784375 0.759582871875 0.450766428125
0 0.428630290625 0.463753328125 0.40561221875 0.4687538015625 0.3903876484375 0.47899174999999994 0.4220434328125 0.48114275781250004 0.449387546875 0.4685455171875 0.428630290625 0.463753328125
0 0.4669491703125 0.47603814218749996 0.47822449999999994 0.4717648484375 0.48996724062499997 0.47103766875 0.489876634375 0.4658594421875 0.47165201406249996 0.46680926562499997 0.45915566874999997 0.4708006671875 0.4669491703125 0.47603814218749996
1 0.655090478125 0.5022829609375 0.6509600203125 0.49789116718750004 0.6467245859374999 0.5106661578125 0.6524528609375 0.5137077359375 0.655090478125 0.5022829609375
1 0.643061540625 0.5098204765625 0.6356448421875001 0.502950890625 0.6326304234375 0.5160077750000001 0.6378912859375 0.5155032390625001 0.643061540625 0.5098204765625
0 0.419072128125 0.42716460468750006 0.3954960375 0.4234407375 0.40009390468749995 0.4313786484375 0.4114598421875 0.43228357968750003 0.419072128125 0.42716460468750006
0 0.46453588124999995 0.4307843296875 0.48680034843750003 0.42904807656250005 0.5033365421875 0.4242702453125 0.48699593593749996 0.417059515625 0.46961552968750003 0.41992334218750005 0.4550539546875 0.42171884375 0.46453588124999995 0.4307843296875
