1 0.5279116046875 0.40754301406250004 0.5493950453124999 0.41574916875 0.5543735843750001 0.39509608281249997 0.5722343249999999 0.3903320984375 0.639064953125 0.387743559375 0.6272813515625 0.3592973796875 0.5953308390625 0.34384888125 0.5710660640625 0.33118166250000003 0.5275498796875 0.3210478953125 0.4936594 0.30964740156250004 0.4583782546875 0.296016375 0.43550414687499994 0.28557968749999996 0.4108731703125 0.2770981625 0.391913828125 0.2944192203125 0.365342884375 0.2899856984375 0.32479113593750003 0.2822201515625 0.28193321718750003 0.2826882984375 0.31018689374999997 0.30413996249999997 0.3417712046875 0.323774153125 0.3630715453125 0.3340731515625 0.4076121953125 0.3506231453125 0.44845600937499996 0.373176303125 0.4914228921875 0.3895886109375 0.5279116046875 0.40754301406250004
1 0.7153774890625 0.331154084375 0.7356533640625 0.335036859375 0.7545385703124999 0.3366891015625 0.7710086453125 0.3296945859375 0.7376674671875 0.312015553125 0.7130364921875 0.3035340265625 0.6868317484375 0.29491481249999996 0.6922854515625 0.2869564890625 0.6540398703125 0.27095724374999997 0.6333977953125001 0.2712601609375 0.6206245578125 0.27225151406250003 0.598958015625 0.26613820625 0.590722978125 0.2696354640625 0.581938640625 0.279411259375 0.5839875734375 0.292243709375 0.597419078125 0.301854275 0.6127905499999999 0.3074168359375 0.633249525 0.3092067640625 0.6531591984375 0.3172752296875 0.6793639421875 0.32589444375 0.6964922828125 0.32950184375 0.7153774890625 0.331154084375
1 0.6489692921875 0.6733068796875 0.6314747515625 0.6738851718750001 0.6165784453125001 0.6810173734375 0.6263131140625 0.6966311046875 0.6379877515625 0.708196828125 0.6545667890625 0.7180827671875 0.6752088640625 0.7177798484375 0.6869576375 0.7103722734375 0.680736703125 0.690848225 0.6688789671875 0.6813753453125 0.6489692921875 0.6733068796875
1 0.408365996875 0.6501479531250001 0.4138197 0.6421896296875 0.4213964703125 0.6280904546875 0.42600880781250006 0.6116230609375 0.4290473765625 0.5950179796875 0.43292731250000005 0.58692196875 0.425607778125 0.579954996875 0.41792204218749995 0.57717371875 0.410894571875 0.5849943546875 0.4010857671875 0.588353925 0.39709686718750004 0.57956948125 0.39662169999999997 0.5668747171875 0.3945727671875 0.5540422671874999 0.39530516875 0.545670884375 0.40149127343749996 0.5293411781249999 0.4045298421875 0.5127360953125 0.3907321375 0.5073112234375 0.374628265625 0.510120046875 0.35519375625 0.51474634375 0.3631715578125 0.53231523125 0.3729062265625 0.5479289609375 0.38209159375 0.5698212296875 0.38897079375 0.59994719375 0.3972406609375 0.6323036921875 0.402070928125 0.64959720625 0.408365996875 0.6501479531250001
0 0.8014416203125 0.6887553453125 0.7953296515625 0.6861117515624999 0.7940479484375 0.7007616750000001 0.8010012828124999 0.7119143390625 0.8014416203125 0.6887553453125
0 0.58298003125 0.6844044890625 0.578075628125 0.686084275 0.575695325 0.7132912734375 0.5805997265625 0.7116114875 0.58298003125 0.6844044890625
0 0.5709740234375 0.7128782124999999 0.566618921875 0.708279459375 0.553771546875 0.7282441125 0.559700415625 0.7329805515625 0.5709740234375 0.7128782124999999
0 0.7387088562499999 0.7170087828125 0.7324137890625 0.7164580359375 0.7316813875 0.7248294203125 0.7364026890625001 0.7252424796875 0.7387088562499999 0.7170087828125
0 0.7358533875 0.73152101875 0.7311320875 0.731107959375 0.7303996859375 0.7394793421875 0.7351209875 0.739892403125 0.7358533875 0.73152101875
0 0.38722735625000004 0.32985991718749996 0.3802740203125 0.31870725312500003 0.368758371875 0.3386832359375 0.3690004140625 0.3388095921875 0.38722735625000004 0.32985991718749996
0 0.3289238296875 0.3437388046875 0.3559699390625 0.360867090625 0.368758371875 0.3386832359375 0.3447356375 0.3261423734375 0.3289238296875 0.3437388046875
