1 0.6593362140625 0.34663680625 0.6537379765625 0.4537592015625 0.6968318625000001 0.435670703125 0.7386624765625001 0.3888872 0.772791375 0.3582442859375 0.7395741421875 0.3065763875 0.6992540578125 0.2929601953125 0.6812079062499999 0.3266916078125 0.6593362140625 0.34663680625
1 0.6542772140625 0.3613271640625 0.6172791625 0.3816304171875 0.6182653609375001 0.44224854843749994 0.64772259375 0.4650030046875 0.6542772140625 0.3613271640625
1 0.5751000203125 0.60493465625 0.5919633484375 0.5559667984375001 0.5516283578125 0.5137648171875 0.5270484046874999 0.5502874765625 0.5141417015624999 0.5827870921875 0.5286334687500001 0.632816725 0.5751000203125 0.60493465625
0 0 0.586096071875 0.107773809375 0.56909323125 0.242728234375 0.5506342890625 0.3668853515625 0.5261863828125 0.42891622968750004 0.49294025625 0.386844271875 0.499348078125 0.29961966875 0.5186199578124999 0.21745406250000002 0.52320148125 0.106218559375 0.5437355593750001 0.009590999999999999 0.555459028125 0 0.5812354390625 0 0.586096071875
0 0.1427429171875 0.600737115625 0.047590159375 0.62435969375 0.0760105578125 0.6302090375 0.1310041265625 0.6198873875 0.1427429171875 0.600737115625
0 0.2658781046875 0.5879698859375 0.28179995468749997 0.5641412640625 0.23914403750000002 0.57722375625 0.1936994140625 0.5934251500000001 0.22586490625 0.599602146875 0.2658781046875 0.5879698859375
0 0.3528107296875 0.572035340625 0.4276976796875 0.550002615625 0.50581130625 0.5198449859375 0.4857570296875 0.5046389421875 0.40375232031249997 0.5361375859375 0.323579934375 0.561070775 0.3528107296875 0.572035340625
0 0.6131408203125 0.4720661328125 0.634056128125 0.44867438125000003 0.6050517703125 0.4494997109375 0.5538032937499999 0.4601490109375 0.5743759875000001 0.4838076125 0.6131408203125 0.4720661328125
0 0.630194859375 0.5071869734375001 0.634735440625 0.48404405937500006 0.6158639875 0.4840744625 0.586275671875 0.49157445937500005 0.6056655421875 0.49999661562500003 0.630194859375 0.5071869734375001
1 0.6083499031249999 0.2967771953125 0.653940515625 0.2789071328125 0.6542831296875 0.23185678125 0.6227671375 0.20387788437499998 0.5871634375 0.2226216875 0.610006421875 0.23470883125 0.6118536515625 0.25672916562500003 0.6033415390625 0.26775453437499996 0.6083499031249999 0.2967771953125
1 0.9505268843750001 0.4259187765625 0.9578710796875001 0.42824275156249997 0.9676315578124999 0.4173266 0.970193828125 0.4024178078125 0.9588125578125 0.4031035171875 0.9504464359375 0.4124602171875 0.9505268843750001 0.4259187765625
0 0.7945170765625 0.3399677578125 0.767863459375 0.3426801875 0.7673599484375 0.3628134203125 0.7913708500000001 0.36155122031250003 0.7945170765625 0.3399677578125
0 0.750204640625 0.4151186125 0.7353047171875 0.42726656093750004 0.745664059375 0.43826152656249995 0.7563809203125 0.4307919296875 0.750204640625 0.4151186125
0 0.42428029375 0.47403882187499996 0.4021821640625 0.482194128125 0.3885306046875 0.4944512921875 0.4201776796875 0.49217573281250004 0.4455024859375 0.47589552187499995 0.42428029375 0.47403882187499996
0 0.46393597187499996 0.4808711234375 0.4745068453125 0.47507019375 0.4860341015625 0.47271581874999996 0.48522370625000005 0.467600596875 0.46730863749999996 0.47107755312500005 0.4554894015625 0.47676926406250003 0.46393597187499996 0.4808711234375
1 0.653898875 0.480676321875 0.6491973953125 0.476902115625 0.6467811140624999 0.4901422390625 0.6528769484375 0.492356996875 0.653898875 0.480676321875
1 0.643036021875 0.4898145859375 0.634735440625 0.48404405937500006 0.633567525 0.4973934015625 0.6387069703125 0.49616160468750004 0.643036021875 0.4898145859375
0 0.409722984375 0.43913641718749996 0.3858580734375 0.4387299484375 0.3915159375 0.4459507078125 0.4028972046875 0.4452649984375 0.409722984375 0.43913641718749996
0 0.45524805625000003 0.4363935828125 0.47705420781249996 0.4315756125 0.4927645265625 0.4245428859375 0.47557940624999995 0.419676503125 0.4587667125 0.42493134374999997 0.44459673593750004 0.4287359515625 0.45524805625000003 0.4363935828125
