0 0.8679476765624999 0.5415624265625001 0.8830910781249999 0.5062617796875 0.89978218125 0.4706321578125 0.8837287281249999 0.448378971875 0.8614337953125 0.442423965625 0.837783303125 0.4453122453125 0.8106932484374999 0.48529101875 0.7752375781249999 0.516354021875 0.7112454953125 0.5577601999999999 0.6751627171875 0.5782625593749999 0.658957246875 0.600956228125 0.6341940187499999 0.606219815625 0.6182820359375001 0.6074632234374999 0.6495696921875 0.6328946453125 0.6695884734375 0.6585825515625 0.6994297703125001 0.6543783765625 0.73972069375 0.6308427609375 0.7833498343749999 0.600181221875 0.8079209203125 0.5864033265625 0.8389256312500001 0.56484155625 0.8679476765624999 0.5415624265625001
0 0.7824101953125 0.42072276875 0.7641312625000001 0.403220196875 0.753975128125 0.401101375 0.7578897828125 0.4195183796875 0.7613694765625 0.43588905 0.7489878609375 0.43852084375 0.73863958125 0.4278877125 0.732155284375 0.4506538703125 0.7144527843749999 0.458694228125 0.7042459796875 0.4715576921875 0.6999871625 0.489573234375 0.719672325 0.4832502359375 0.7384875640625 0.47283456875 0.76571909375 0.45635239062500005 0.79981920625 0.43413267343750006 0.82395533125 0.418308440625 0.8109466078124999 0.41037959218750003 0.8030159546875 0.40351015312499994 0.793679071875 0.4204662828125 0.7824101953125 0.42072276875
0 0.64447258125 0.4414871625 0.637603996875 0.44722470156250005 0.6298654875 0.4488695734375 0.6236746796875 0.4501854703125 0.6214491984375 0.45493608593749996 0.633587996875 0.4587722671875 0.6493078328124999 0.44901454999999996 0.6588368609375 0.440572728125 0.6528888703125 0.43542065 0.64447258125 0.4414871625
0 0.6426313921875 0.4632663984375 0.6503699000000001 0.46162152812499996 0.647952275 0.45785783281250003 0.6428742078125 0.456798421875 0.6426313921875 0.4632663984375
0 0.6767821765625001 0.4260643953125 0.687808234375 0.432275884375 0.6955467453125 0.43063101406250004 0.6891637921875 0.4234326015625 0.6801203984375 0.41893847031250003 0.67460736875 0.415832725 0.666433896875 0.4154312625 0.6767821765625001 0.4260643953125
0 0.6331129062499999 0.4032647671875 0.6231995890625 0.39467796875 0.6097559046875001 0.384702784375 0.5942788859375 0.3879925265625 0.5960187328125001 0.3961778625 0.5860547421875 0.40257334843750003 0.5920027343750001 0.407725428125 0.605689234375 0.41123263593750004 0.6182629937499999 0.41711515156249995 0.630644609375 0.41448335781249995 0.6331129062499999 0.4032647671875
0 0.7278162109374999 0.36174707968750003 0.73598968125 0.36214854375 0.7444059703125 0.35608202968749997 0.7501618171875 0.3527197984375 0.7437788640624999 0.34552138593750004 0.732267171875 0.352245846875 0.7278162109374999 0.36174707968750003
0 0.7631705375 0.36064865 0.7501618171875 0.3527197984375 0.748371296875 0.35951675 0.757849653125 0.36605721406249997 0.7660231234375 0.36645867656250003 0.7631705375 0.36064865
0 0.710690146875 0.39533036718750003 0.7217162046875 0.40154185781249996 0.737001078125 0.3897378046875 0.75581631875 0.3793221390625 0.771536153125 0.36956442031250003 0.7706662296875 0.365471753125 0.7633626828125 0.3691629578125 0.7498683265625 0.37417005937500003 0.7352612328125 0.3815524703125 0.7195413953124999 0.3913101875 0.714028365625 0.38820444374999996 0.710690146875 0.39533036718750003
0 0.7859511046875001 0.353667703125 0.7729423828125 0.3457388515625 0.7671865359375001 0.34910108281249996 0.7782125953125 0.3553125734375 0.7841605859375 0.36046465156249996 0.7859511046875001 0.353667703125
0 0.8377938468749999 0.37686879375000004 0.8423862796874999 0.39086415625000004 0.8481421265625 0.38750192656250004 0.8448545781250001 0.3796455640625 0.8377938468749999 0.37686879375000004
0 0.8075175874999999 0.37902663593749997 0.8015695953125 0.37387455625 0.7889451640625 0.38297432656249997 0.8030666265624999 0.3885278671875 0.8103701734375001 0.38483666250000004 0.8075175874999999 0.37902663593749997
0 0.619475034375 0.71201025 0.59185921875 0.7114638078125 0.5962595078125 0.7169448625 0.6075283828125 0.7166883765625001 0.6324837578125 0.7199391 0.65303884375 0.71770876875 0.6563770640625 0.7105828437499999 0.6411428625 0.7074046109375 0.619475034375 0.71201025
