1 0.7812731671875001 0.8007442640625 0.797959971875 0.7530097640625 0.7976664890625 0.650637234375 0.7732172328125 0.5734844484375 0.7521537375 0.588004271875 0.709093315625 0.6252764328125 0.6678415140625 0.652121525 0.6339996828125 0.66333188125 0.602141209375 0.646001278125 0.56853160625 0.5888723328125 0.47756735937499994 0.6343182406250001 0.4415084359375 0.6540339687500001 0.414435121875 0.67183974375 0.417003190625 0.7154814953125 0.43485942031249997 0.8121124203125 0.46595994999999996 0.8637491015625001 0.504820675 0.90771071875 0.6115398 0.911137728125 0.7162158171875 0.8607687671875001 0.7812731671875001 0.8007442640625
1 0.74450928125 0.5394159578125 0.7295138531250001 0.5446118609374999 0.7120675999999999 0.538277540625 0.668129734375 0.445181909375 0.656926284375 0.411409778125 0.665211440625 0.3935804921875 0.6465980203125 0.3754430921875 0.6437394750000001 0.40617860781250004 0.639947496875 0.4451466453125 0.61993543125 0.527732921875 0.614217590625 0.5450165078125 0.600447575 0.5559775234375001 0.58358528125 0.577638465625 0.5711571703125 0.58228866875 0.6013825125000001 0.63611990625 0.6178953328125 0.6506867453125 0.6447939109374999 0.6509948609375 0.6782855171875 0.6318248328125 0.7247301968750001 0.5978503796875 0.7541953390625 0.5534253437500001 0.74450928125 0.5394159578125
0 0.49215582031249994 0.7155755312500001 0.4737761328125 0.7174737265625 0.45953940156249995 0.732551003125 0.45177920625 0.7402260671875001 0.4700424015625 0.7504038000000001 0.5083774140624999 0.7603321890625 0.5331753921875 0.75706974375 0.533700353125 0.7469155203125 0.5253561999999999 0.726595321875 0.52086301875 0.705456571875 0.49215582031249994 0.7155755312500001
0 0.4593064203125 0.75670285625 0.46006511562499997 0.7665842296875 0.469867665625 0.7685176890625 0.48731391874999996 0.7748520125 0.49081466875 0.7660737937500001 0.4776278609375 0.7608426265625 0.46572471093749995 0.75533860625 0.4593064203125 0.75670285625
0 0.49530784843750003 0.78721254375 0.4808373828125 0.782254225 0.459540153125 0.7767384515625 0.4416854296875 0.768482425 0.44372778437499993 0.7780909484375 0.4551642171875 0.787711225 0.47086009687499997 0.7984346578125 0.4862639953125 0.7951604578125 0.5032435328125 0.8056110390625 0.50376849375 0.7954568171874999 0.49530784843750003 0.78721254375
0 0.50989255 0.6475325859375001 0.5042912015625001 0.6527402453125 0.50633355625 0.66234876875 0.5142692390625 0.6807472640625 0.519403871875 0.6796558640625 0.518703421875 0.6637365281250001 0.5294394046875001 0.65743746875 0.5218539453125 0.6469986421875 0.50989255 0.6475325859375001
0 0.5608924156249999 0.849596165625 0.5506813953125 0.8457410015625 0.530201109375 0.8440686375 0.51351355 0.8476156890625001 0.502018871875 0.8440333750000001 0.490465946875 0.846489025 0.49764293437499996 0.855006146875 0.5104212718750001 0.8583156109375001 0.5184734468750001 0.8646381796875 0.533002159375 0.8635585328125 0.546655684375 0.8646734437499999 0.5594922671875 0.86194494375 0.5608924156249999 0.849596165625
0 0.6354028406250001 0.827732903125 0.648706140625 0.8208881437500001 0.66545194375 0.8113031296875001 0.6771213578124999 0.7967715531249999 0.7054783312499999 0.778692928125 0.7014518671875 0.75343791875 0.7023853 0.7452054 0.681613034375 0.7295354046875 0.6567568109375 0.7388358140625 0.6216895671875 0.744281059375 0.6071026093749999 0.7513986671875 0.6022599546875 0.7664876984375 0.5881397140625 0.7694890484375 0.591815953125 0.786784390625 0.5891321453125 0.7994060171874999 0.5847562078124999 0.8103787890625 0.591933196875 0.8188959125 0.602027725 0.8348270031249999 0.6190655078125 0.8392396218749999 0.6354028406250001 0.827732903125
0 0.5276912859375 0.794388925 0.5429786937500001 0.8031906531249999 0.55155583125 0.7993589984375 0.5592577796875 0.7977218984375 0.554648109375 0.788659075 0.543095184375 0.791114725 0.5358599515625 0.7886355671875 0.5276912859375 0.794388925
0 0.5452555343750001 0.8770222203125 0.5294431656249999 0.8783747156249999 0.5297933890625 0.8863343828125 0.5429801984375 0.8915655515625 0.562585296875 0.8954324687499999 0.5728545625 0.89324966875 0.5789226296875001 0.8839257515625001 0.5640436921875 0.8770457296874999 0.5452555343750001 0.8770222203125
0 0.5865073359374999 0.8501771296875 0.577346990625 0.8702009703125 0.584523978125 0.8787180921875001 0.6024369484375 0.88093615625 0.6196494671874999 0.867234884375 0.6206411453125 0.8529644015625 0.611830275 0.8367604625 0.595959659375 0.8441509203124999 0.5865073359374999 0.8501771296875
0 0.5515543265625 0.7109840984375 0.53871774375 0.7137125984375 0.5411685687500001 0.7252428265625 0.5526632484375 0.7288251406249999 0.5565142234375 0.728006590625 0.566841734375 0.719785828125 0.5682418828125 0.70743705 0.5593727671875001 0.697271071875 0.5515543265625 0.7109840984375
0 0.59397254375 0.6517546375000001 0.5928053765625 0.639951559375 0.5881957046874999 0.6308887359375001 0.5848696921875 0.6215530640625 0.566198025 0.609453628125 0.553828159375 0.6080658703124999 0.5362071687500001 0.6198454375 0.527513540625 0.63575301875 0.5219121906249999 0.640960678125 0.529089178125 0.6494778 0.5452517734375 0.656084971875 0.5729090484375 0.6662744609375 0.5780436812499999 0.6651830609375 0.58837119375 0.6569622953125 0.59397254375 0.6517546375000001
0 0.567251709375 0.8100824296875 0.5613001343749999 0.8073304203125 0.5531897140625001 0.8070458171875 0.536910628125 0.8125145703125 0.5261164 0.8248515921875 0.528567225 0.83638181875 0.5413455625 0.839691284375 0.5588500609375 0.8399876421875 0.5716283984375 0.8432971078125 0.5751291484375 0.8345188890624999 0.567251709375 0.8100824296875
0 0.563108003125 0.7527159 0.5567479578125 0.7480421859375 0.5353342375000001 0.7546023390625 0.515612646875 0.7628113484375 0.509953053125 0.774056971875 0.5231398609375 0.7792881390625 0.53930245625 0.7858953109375 0.551672321875 0.787283071875 0.5666677499999999 0.7820871671875 0.567659428125 0.7678166859375 0.563108003125 0.7527159
