1 0.7355516640624999 0.6666666671875 0.7425569171874999 0.66899766875 0.7548161125 0.6759906765625 0.76532399375 0.671328671875 0.782837128125 0.6480186484375 0.7915936953125 0.63170163125 0.7863397546875001 0.5897435890625 0.7793345015625001 0.56876456875 0.7740805609375 0.5617715624999999 0.760070053125 0.5664335671875 0.74430823125 0.5827505828125 0.749562171875 0.6107226109375 0.7408056046875 0.6293706296875 0.7320490375 0.641025640625 0.7302977234375 0.652680653125 0.7302977234375 0.659673659375 0.7355516640624999 0.6666666671875
0 0.7583187390624999 0.671328671875 0.761821365625 0.6736596734375 0.7688266203125 0.66899766875 0.7740805609375 0.6643356640625 0.7775831875 0.659673659375 0.772329246875 0.652680653125 0.7688266203125 0.6456876453125 0.76532399375 0.6386946390625 0.760070053125 0.634032634375 0.761821365625 0.64335664375 0.761821365625 0.652680653125 0.7583187390624999 0.6643356640625 0.7583187390624999 0.671328671875
0 0.9632224171875 0.540792540625 0.96672504375 0.533799534375 0.9649737296875 0.5291375296874999 0.961471103125 0.533799534375 0.9562171625 0.5384615390625 0.949211909375 0.5431235437499999 0.9457092812499999 0.55011655 0.9369527140624999 0.559440559375 0.94395796875 0.5547785546874999 0.9527145359375 0.552447553125 0.9597197890625001 0.5454545453125 0.9632224171875 0.540792540625
0 0.94395796875 0.4988344984375 0.9474605953124999 0.49417249375 0.9527145359375 0.4871794875 0.9562171625 0.4825174828125 0.9527145359375 0.4801864796875 0.9474605953124999 0.4871794875 0.9422066546875 0.49417249375 0.938704028125 0.49417249375 0.9334500875 0.49417249375 0.9299474609375 0.49650349687500006 0.926444834375 0.5011655015625001 0.926444834375 0.5034965031249999 0.9316987734375 0.5034965031249999 0.9334500875 0.5081585078125 0.938704028125 0.5034965031249999 0.94395796875 0.4988344984375
0 0.9229422062499999 0.5291375296874999 0.928196146875 0.5268065265625 0.9352014015625001 0.5244755249999999 0.9422066546875 0.5244755249999999 0.949211909375 0.5244755249999999 0.9509632218749999 0.5198135203125 0.949211909375 0.5174825171874999 0.9422066546875 0.5198135203125 0.9352014015625001 0.5198135203125 0.9299474609375 0.5198135203125 0.9299474609375 0.5128205125 0.9229422062499999 0.5174825171874999 0.9176882656249999 0.5221445218749999 0.9176882656249999 0.5268065265625 0.9194395796875 0.53146853125 0.9229422062499999 0.5291375296874999
1 0.5516637484375 0.6923076921875 0.5674255687499999 0.68065268125 0.583187390625 0.6620046625 0.5919439578125 0.6456876453125 0.5884413312500001 0.634032634375 0.5796847640625 0.624708625 0.5674255687499999 0.615384615625 0.5516637484375 0.6130536125 0.537653240625 0.6293706296875 0.5323993 0.659673659375 0.5271453593750001 0.6876456875 0.52189141875 0.70629370625 0.528896671875 0.7109557109375 0.537653240625 0.70629370625 0.5516637484375 0.6923076921875
1 0.8056042031249999 0.6620046625 0.8196147109374999 0.6550116546875 0.8353765328125 0.6456876453125 0.849387040625 0.6363636359375 0.8633975484375 0.624708625 0.8633975484375 0.6083916078125 0.8528896671874999 0.60606060625 0.838879159375 0.615384615625 0.8196147109374999 0.634032634375 0.8003502625 0.652680653125 0.7758318734375 0.6736596734375 0.784588440625 0.678321678125 0.7933450093750001 0.671328671875 0.8056042031249999 0.6620046625
1 0.8879159375000001 0.578088578125 0.872154115625 0.596736596875 0.8686514890625 0.6130536125 0.882661996875 0.6107226109375 0.8984238171875001 0.603729603125 0.9141856390624999 0.59440559375 0.9299474609375 0.5827505828125 0.9457092812499999 0.56876456875 0.961471103125 0.5477855484374999 0.971978984375 0.5244755249999999 0.9632224171875 0.5081585078125 0.9562171625 0.5081585078125 0.9527145359375 0.5081585078125 0.9299474609375 0.5198135203125 0.9124343250000001 0.5431235437499999 0.9019264453125 0.5571095578125 0.8879159375000001 0.578088578125
1 0.516637478125 0.7832167828125 0.5306479859375 0.7948717953125 0.549912434375 0.80652680625 0.572679509375 0.8135198140625001 0.5971978984375 0.8111888109375001 0.6147110328125 0.797202796875 0.6304728546875 0.7762237765625 0.6584938703125001 0.7575757578125 0.6847635734375 0.7459207453125 0.7057793343750001 0.7272727265625 0.7022767078125 0.708624709375 0.683012259375 0.6993007 0.6532399296875 0.6946386953125 0.626970228125 0.7039627046875 0.6007005249999999 0.7109557109375 0.5639229421875 0.7202797203125 0.528896671875 0.7272727265625 0.5008756562500001 0.7365967359375001 0.5008756562500001 0.75058275 0.5026269703125 0.76923076875 0.516637478125 0.7832167828125
0 0.8423817859374999 0.603729603125 0.8441331 0.59440559375 0.838879159375 0.5874125875 0.83362521875 0.596736596875 0.8318739046875001 0.6083916078125 0.8318739046875001 0.6177156171875 0.8406304734375001 0.6130536125 0.8423817859374999 0.603729603125
0 0.661996496875 0.5617715624999999 0.65499124375 0.5571095578125 0.6444833625 0.5664335671875 0.6532399296875 0.571095571875 0.660245184375 0.5734265734374999 0.6672504375 0.571095571875 0.661996496875 0.5617715624999999
0 0.628721540625 0.7202797203125 0.6357267953125 0.7179487171875001 0.6462346765625 0.7179487171875001 0.6584938703125001 0.7132867140625 0.6672504375 0.7109557109375 0.6760070046875 0.7132867140625 0.6865148859375 0.7132867140625 0.6970227671875 0.70629370625 0.7040280203125 0.7016317015625 0.711033275 0.6993007 0.72154115625 0.689976690625 0.728546409375 0.6829836828125 0.728546409375 0.6759906765625 0.718038528125 0.678321678125 0.7075306484375 0.6829836828125 0.6952714531249999 0.6853146859375 0.6865148859375 0.689976690625 0.6865148859375 0.696969696875 0.6847635734375 0.7039627046875 0.67775831875 0.708624709375 0.6742556921875 0.7039627046875 0.67775831875 0.6993007 0.67775831875 0.6923076921875 0.6707530640625 0.6923076921875 0.661996496875 0.6923076921875 0.6532399296875 0.6946386953125 0.6427320484375 0.696969696875 0.63397548125 0.6946386953125 0.6217162875 0.689976690625 0.6147110328125 0.689976690625 0.6112084062500001 0.6853146859375 0.6077057796875 0.689976690625 0.6077057796875 0.6946386953125 0.6007005249999999 0.6923076921875 0.6042031531250001 0.7016317015625 0.6094570921875 0.7039627046875 0.616462346875 0.7039627046875 0.6217162875 0.7039627046875 0.6199649734375 0.708624709375 0.6112084062500001 0.7109557109375 0.605954465625 0.7132867140625 0.6024518390625 0.7132867140625 0.5954465843750001 0.7179487171875001 0.5884413312500001 0.715617715625 0.5814360765625 0.7132867140625 0.572679509375 0.7179487171875001 0.56567425625 0.722610721875 0.5604203156249999 0.724941725 0.54465849375 0.7272727265625 0.5359019265625 0.73193473125 0.5306479859375 0.734265734375 0.5323993 0.7389277390625 0.539404553125 0.734265734375 0.54465849375 0.73193473125 0.59019264375 0.7272727265625 0.5989492125 0.73193473125 0.6077057796875 0.7296037296875 0.6199649734375 0.722610721875 0.628721540625 0.7202797203125
0 0.5586690015625 0.741258740625 0.555166375 0.7389277390625 0.5464098078124999 0.7435897437500001 0.5411558671875001 0.7459207453125 0.5341506125000001 0.752913753125 0.539404553125 0.7575757578125 0.537653240625 0.759906759375 0.5341506125000001 0.7668997671875 0.5429071796875 0.7668997671875 0.5516637484375 0.76923076875 0.5516637484375 0.759906759375 0.555166375 0.752913753125 0.5586690015625 0.741258740625
0 0.5078809109375 0.7832167828125 0.5148861640625 0.7878787875000001 0.5236427328125 0.7925407921875001 0.5306479859375 0.7995338000000001 0.539404553125 0.808857809375 0.5534150609374999 0.8135198140625001 0.562171628125 0.81818181875 0.570928196875 0.8205128203125 0.57793345 0.81818181875 0.5936952718749999 0.797202796875 0.5884413312500001 0.7948717953125 0.5814360765625 0.7995338000000001 0.5744308234375 0.8041958046875 0.562171628125 0.8041958046875 0.5534150609374999 0.7995338000000001 0.54465849375 0.7925407921875001 0.5464098078124999 0.7878787875000001 0.5359019265625 0.7925407921875001 0.537653240625 0.7855477859375 0.5341506125000001 0.778554778125 0.5271453593750001 0.778554778125 0.52189141875 0.7808857812500001 0.5148861640625 0.7738927734375001 0.5113835375 0.7668997671875 0.5131348515624999 0.759906759375 0.5131348515624999 0.752913753125 0.5183887921875 0.75058275 0.5183887921875 0.741258740625 0.5113835375 0.7365967359375001 0.504378284375 0.73193473125 0.49737302968749997 0.724941725 0.49036777656249997 0.724941725 0.483362521875 0.722610721875 0.4816112078125 0.7272727265625 0.48686514843750006 0.73193473125 0.493870403125 0.73193473125 0.495621715625 0.734265734375 0.5026269703125 0.734265734375 0.49912434375 0.7482517484375 0.5026269703125 0.7622377625000001 0.504378284375 0.771561771875 0.5078809109375 0.7832167828125
0 0.570928196875 0.6550116546875 0.5761821359375 0.6456876453125 0.572679509375 0.6456876453125 0.56567425625 0.65034965 0.5604203156249999 0.652680653125 0.5604203156249999 0.6620046625 0.56567425625 0.6620046625 0.570928196875 0.6550116546875
0 0.5534150609374999 0.659673659375 0.5569176875 0.6550116546875 0.5569176875 0.6480186484375 0.5516637484375 0.6456876453125 0.549912434375 0.65034965 0.5429071796875 0.652680653125 0.5359019265625 0.652680653125 0.5359019265625 0.659673659375 0.5411558671875001 0.6620046625 0.5534150609374999 0.659673659375
0 0.5569176875 0.641025640625 0.570928196875 0.641025640625 0.5814360765625 0.6363636359375 0.5919439578125 0.6293706296875 0.5971978984375 0.6177156171875 0.5936952718749999 0.6200466203125 0.5849387046875 0.622377621875 0.5744308234375 0.6270396265625 0.5639229421875 0.6293706296875 0.5534150609374999 0.6270396265625 0.549912434375 0.63170163125 0.549912434375 0.641025640625 0.5569176875 0.641025640625
1 0.661996496875 0.3822843828125 0.6584938703125001 0.403263403125 0.6690017515625 0.5104895109375 0.6760070046875 0.5547785546874999 0.711033275 0.5734265734374999 0.795096321875 0.5291375296874999 0.9106830125 0.4452214453125 0.9194395796875 0.3822843828125 0.9316987734375 0.3170163171875 0.938704028125 0.26806526875 0.9211908937500001 0.26340326406250003 0.8966725046875 0.291375290625 0.8178633968750001 0.3263403265625 0.7127845890625 0.3613053609375 0.67775831875 0.36829836875 0.661996496875 0.3822843828125
0 0.6970227671875 0.571095571875 0.711033275 0.5617715624999999 0.73380035 0.5477855484374999 0.78984238125 0.49417249375 0.76532399375 0.4988344984375 0.6865148859375 0.533799534375 0.6865148859375 0.578088578125 0.7057793343750001 0.5804195796875 0.6970227671875 0.571095571875
0 0.373029771875 0.5454545453125 0.40980735625 0.540792540625 0.41330998281250003 0.5361305359374999 0.42206655 0.533799534375 0.427320490625 0.5268065265625 0.41330998281250003 0.5128205125 0.36777583125 0.5174825171874999 0.360770578125 0.5291375296874999 0.3642732046875 0.5431235437499999 0.373029771875 0.5454545453125
