0 0.40676694375 0.5050325703125 0.4020604703125 0.49195245937500004 0.39848063125 0.4739923640625 0.391145346875 0.47229887968749995 0.38061388281249997 0.47329422499999996 0.3884287359375 0.5007988625 0.3995275734375 0.5085013171874999 0.40676694375 0.5050325703125
0 0.378559125 0.253509453125 0.35703284687500003 0.27424015625 0.33757611875000004 0.297162015625 0.3383353203125 0.316184278125 0.35760833125 0.3052135421875 0.38308999374999997 0.300816271875 0.4172172859375 0.281281378125 0.44325009531250004 0.241030740625 0.44314607031250003 0.213592925 0.42461603437499995 0.1990347546875 0.40563076562499994 0.22549218437500002 0.378559125 0.253509453125
0 0.5703071953125 0.2874978078125 0.5391842578125 0.2940194109375 0.538057625 0.2988993953125 0.5478380015625001 0.30115737343750004 0.5643862875 0.2964110328125 0.5830041265625 0.29385585000000003 0.6153496125 0.28761649375 0.651834196875 0.28575944999999997 0.6403598140625 0.27968365624999997 0.60744695625 0.2772252109375 0.5703071953125 0.2874978078125
0 0.6122331187500001 0.2509163828125 0.6288773203125 0.251332275 0.6430764265625 0.25118367343750003 0.6536078921875 0.250188328125 0.6445786046875 0.244677028125 0.6291569484374999 0.24454338281250002 0.6084695625000001 0.24490741093750001 0.5963400062499999 0.24724716875000002 0.583459359375 0.25284025 0.6122331187500001 0.2509163828125
0 0.7158537703125 0.23714512187499998 0.70409975625 0.23785821875000002 0.6940397500000001 0.24238913437499998 0.686328921875 0.24232231093749998 0.6827571953125 0.24663780000000002 0.701470946875 0.2492448484375 0.711530953125 0.2447139328125 0.7158537703125 0.23714512187499998
0 0.6210624671875 0.22382763749999998 0.611945375 0.2354296921875 0.6355412031250001 0.21689014218749997 0.6577307671875 0.2100194703125 0.6798244171875 0.19798656718750002 0.6973156234375 0.2003113671875 0.7116984453125 0.1882116421875 0.7009751515625 0.1788825234375 0.674079115625 0.172673084375 0.6587533750000001 0.1777016703125 0.6293325546874999 0.21031667656250003 0.6210624671875 0.22382763749999998
0 0.797348321875 0.14630442500000002 0.792170390625 0.12968874375 0.7851147390625 0.1212063671875 0.7759895375 0.1105328359375 0.7506915921874999 0.102978984375 0.736868028125 0.101500925 0.730291946875 0.11882970468750001 0.7230525765625 0.12229845156250001 0.716564296875 0.12251387656249998 0.7045306546875 0.130015865625 0.686200559375 0.148057740625 0.674734290625 0.16425753125 0.6964523953125 0.1538512890625 0.708581953125 0.15151153125 0.715917234375 0.1532050140625 0.7244750640625 0.15518074531249998 0.7435643609375 0.15616113125 0.7570123796875 0.15926585 0.77854676875 0.16081073125 0.7963176046875 0.1563466390625 0.797348321875 0.14630442500000002
0 0.807904125 0.212135834375 0.8101573906249999 0.20237586875 0.809118559375 0.1901424984375 0.803573196875 0.1974290625 0.7998177546874999 0.2136956734375 0.7956867671875 0.231588946875 0.7914598640625 0.24431999062499998 0.7839408640625 0.25457762968750003 0.798515515625 0.2528023640625 0.8000176937499999 0.24629572031250002 0.8015198703124999 0.23978907500000002 0.8048997703125 0.2251491234375 0.807904125 0.212135834375
0 0.7893430718750001 0.37062011093749997 0.8103019781249999 0.34119160625 0.8268421531250001 0.31416968437500004 0.8365185046875 0.2889898453125 0.846098940625 0.25864777656250004 0.8413843562500001 0.22329208125000002 0.8341368750000001 0.20448524375 0.8249157578125 0.18864948125 0.809973675 0.2143269921875 0.8040608796875001 0.2455158 0.8011524375000001 0.263691321875 0.795047815625 0.28455566875 0.790069825 0.300540034375 0.7844366609375 0.324939953125 0.77795649375 0.3474309625 0.774480678125 0.3569086828125 0.7711007796875 0.37154863437499996 0.77496025 0.3827198375 0.7893430718750001 0.37062011093749997
0 0.7127792703125 0.5739677203125 0.7146569921875 0.5658344140625 0.7168143437500001 0.5509122171875 0.7115486109375 0.5514098890625 0.683342225 0.56203155625 0.6572053890625 0.5748443796875 0.64639429375 0.582628615625 0.659091221875 0.5889866578125 0.653641775 0.6014354515625 0.6519558796875 0.6198932203124999 0.673202528125 0.6059514078125 0.6832625343750001 0.6014204953125 0.694449175 0.592009596875 0.7012170859375 0.5850052796874999 0.7092075421875 0.5782832109375 0.7127792703125 0.5739677203125
0 0.704213328125 0.5497164046874999 0.7167184296875 0.545749984375 0.7215127046875 0.54171674375 0.7253640609375 0.5306123625 0.7292154203125001 0.5195079812500001 0.7323156875 0.511656921875 0.7338178656250001 0.505150278125 0.7328749484375 0.4980791375 0.7335301234375 0.489663584375 0.7306135703125001 0.4855635203125 0.7249722921874999 0.4876878546875 0.7229027421875001 0.48549669843750004 0.7203617343750001 0.479769971875 0.7159430046875 0.48217655312499996 0.7116201890625 0.489745365625 0.70569928125 0.4986585921875 0.703446015625 0.5084185578125 0.708336203125 0.509547546875 0.7118120171875 0.500069828125 0.71745329375 0.49794549374999997 0.723470115625 0.4941945 0.7287358484375 0.49369682656249997 0.7265784953125001 0.508619025 0.7239496859375001 0.5200056531249999 0.7177491484375 0.5357077718750001 0.7092872328125 0.5388942703125 0.7027989531250001 0.539109696875 0.6971576749999999 0.5412340296875 0.692738946875 0.5436406109374999 0.690389765625 0.5482383468750001 0.6863465796875 0.549018265625 0.676662115625 0.55192251875 0.6666021093750001 0.5564534328125 0.6533459203125 0.563673175 0.649398646875 0.5696153265625 0.6425348234375 0.5714574125 0.6388671828125 0.5706106703125 0.6316278125 0.5740794171875 0.6287112593749999 0.569979353125 0.62636208125 0.5745770890624999 0.6211922609375 0.5802369921875 0.6127303453125 0.5834234921875 0.6031417968749999 0.591489978125 0.5826462390625 0.602178465625 0.5632773125 0.6079869718750001 0.5414632921875 0.6132309828125 0.5236924578125 0.6176950765625 0.49877816875000003 0.6307901453125 0.5613995921875 0.616120278125 0.5899815203125 0.6038719484375 0.611699628125 0.5934657078125001 0.6318196421875 0.584403878125 0.64507583125 0.5771841375 0.6615282046875001 0.5672755671874999 0.6784520359374999 0.5609025671875 0.6913326828125 0.5553094859375001 0.704213328125 0.5497164046874999
0 0.3037365671875 0.33218360156250004 0.2841920390625 0.37221881562500003 0.27405234218749996 0.41613866718750003 0.264192275 0.453269628125 0.3283564359375 0.5434710390624999 0.334932515625 0.5261422609374999 0.3551403328125 0.4999670796875 0.35955095 0.4752849125 0.35361381875000003 0.43964696875 0.34739705625 0.41079791875 0.3325184390625 0.35253531875 0.3121025703125 0.32383487031249997 0.3037365671875 0.33218360156250004
0 0.3575544109375 0.67357401875 0.3600076171875 0.6964140999999999 0.3522252125 0.7580118 0.3481901390625 0.7810673046875001 0.34227734375 0.8122561140625001 0.326304540625 0.8479758390625 0.37274510781250003 0.8141500640625001 0.40987675625 0.7816018812500001 0.4239718375 0.7540154640625001 0.4274395390625 0.7222621593749999 0.4112586828125 0.7031062515625 0.3866078 0.6648612609375 0.372216865625 0.654685403125 0.3588647609375 0.6567429125 0.3575544109375 0.67357401875
0 0.57542309375 0.6501983828125 0.5464656203125 0.664073371875 0.52709669375 0.6698818796875 0.5078236828125 0.680852615625 0.5594421796875 0.6636425234375001 0.58652193125 0.6579008390625 0.6147283171875 0.6472791734375 0.6515803359375 0.62151988125 0.6508211359375 0.6024976203125 0.6417040453125 0.6140996734375 0.625627215625 0.62238158125 0.6059786609375 0.6349789796875001 0.57542309375 0.6501983828125
0 0.407605834375 0.4846658953125 0.38954725625000003 0.47364329375 0.394541471875 0.5022100984375 0.3947333 0.5125345593749999 0.4050891609375 0.5457659234375 0.421182215625 0.582035184375 0.430219615625 0.60982206875 0.43503011562499994 0.650339996875 0.4430286828125 0.6658935125000001 0.47198615781250003 0.652018521875 0.48834261718749994 0.6369477203125 0.4842913203125 0.6154520546875 0.46904526874999997 0.5810917046874999 0.45511767968749994 0.5521758296875 0.448437571875 0.5420667921875 0.429436078125 0.523973053125 0.41419814062500004 0.511888284375 0.407605834375 0.4846658953125
0 0.6409286187500001 0.5505262421875 0.6650918203125 0.5406844937499999 0.6820156515625 0.53431149375 0.7005375734375 0.5265940796875 0.7121956734375 0.5207187515625 0.7262988671875 0.5154079171875 0.721408678125 0.5142789296875 0.7020397515625 0.5200874343749999 0.690006109375 0.5275894234375 0.672706734375 0.535589084375 0.6476965296875 0.5435219250000001 0.6263539687499999 0.5523015046875 0.5941043968749999 0.5637030921874999 0.5565890921875 0.5756023515625001 0.52875825 0.58459735625 0.5101404125 0.587152540625 0.49387175625 0.5851099875 0.4844669234375 0.5812253484375 0.4829647453125 0.5877319937500001 0.49603722031249997 0.5924633734375 0.512681421875 0.5928792656249999 0.5300767125 0.590041834375 0.551043728125 0.582888915625 0.5813196656249999 0.574458403125 0.6083035031249999 0.5635544890624999 0.6252273359375 0.5571814890625 0.6409286187500001 0.5505262421875
0 0.19081510937499999 0.36950803906249996 0.16222506718750002 0.35948078125 0.135520859375 0.36359580625 0.135241228125 0.3703846984375 0.14953624999999998 0.37539832500000003 0.1757771125 0.39002331875 0.1876270390625 0.3944724515625 0.2238401078125 0.42167988437500004 0.26042871875 0.44726065468750004 0.2651270796875 0.4380651828125 0.2583510578125 0.4227939140625 0.2350186359375 0.3899934015625 0.21573751093750002 0.378688553125 0.19081510937499999 0.36950803906249996
0 0.4571318765625 0.660582678125 0.4417102234375 0.6604490328125 0.42402719062500005 0.6477997703125 0.41348761093749997 0.62651953125 0.4009662875 0.58593478125 0.3939025203125 0.5551768218750001 0.3886286765625 0.533398909375 0.3847692078125 0.5222277046875 0.3816689375 0.5300787640625 0.3877897859375 0.5537655859374999 0.39052262187500003 0.569816771875 0.39956002343749997 0.5976036578125 0.403986865625 0.6174726609375 0.4100117984375 0.63599725 0.42384347499999997 0.65975089375 0.43456676875 0.6690800125 0.4467922390625 0.671902484375 0.46286906875 0.663620575 0.4571318765625 0.660582678125
0 0.7324588421875 0.3883278765625 0.7660268765625 0.38237076718749996 0.7719396703125 0.3511819578125 0.7789790984375 0.3151131640625 0.7856429828125 0.28067103125 0.7931538703125 0.2481378078125 0.7986911203125 0.2185756578125 0.7997137265625 0.18625785781249998 0.7888148296875 0.2111554484375 0.781208028125 0.23852644218750002 0.776046321875 0.26646192968750004 0.7697579828125 0.2992774015625 0.7660025390625 0.3155440125 0.76149600625 0.33506394687499996 0.7477764703124999 0.3610237046875 0.7356469140625 0.3633634640625 0.7142084375 0.3669808140625 0.6678475609375 0.36141765000000003 0.6257216984375 0.3653990265625 0.5407107718749999 0.3543395203125 0.53985565625 0.3301550265625 0.5233073687500001 0.334901365625 0.5159801984375 0.3554834671875 0.5194641234375 0.3682813328125 0.55369544375 0.3761842546875 0.58341211875 0.3813315265625 0.6176434375000001 0.38923445 0.6673923265624999 0.4024332484375 0.7053790906249999 0.3940695609375 0.7324588421875 0.3883278765625
0 0.47332084375 0.7020141703125 0.500680228125 0.68948359375 0.510268775 0.6814171109375 0.49494303593750005 0.686445696875 0.47275347031250003 0.6933163687499999 0.452729371875 0.707540428125 0.45799510468750004 0.70704275625 0.47332084375 0.7020141703125
0 0.42260470312500004 0.6149174765625001 0.4205351515625 0.612726321875 0.4214780703125 0.6197974609375 0.42458644999999995 0.6342219874999999 0.427127459375 0.6399487125000001 0.4329605640625 0.648148840625 0.4367241203125 0.6541578125 0.4420857671875 0.658822371875 0.435781203125 0.6470866734375 0.43022772812500004 0.632097653125 0.424298709375 0.61873529375 0.42260470312500004 0.6149174765625001
