1 0.551169590625 0.50530785625 0.57894736875 0.5498938421874999 0.6081871343749999 0.5477706999999999 0.6418128656250001 0.486199575 0.62573099375 0.392781315625 0.5497076015625 0.4798301484375 0.551169590625 0.50530785625
1 0.3157894734375 0.367303609375 0.2763157890625 0.42250530781249995 0.2763157890625 0.4713375796875 0.29532163749999996 0.4755838640625 0.3318713453125 0.47770700625 0.4166666671875 0.4182590234375 0.3903508765625 0.37154989375 0.3669590640625 0.36518046718749997 0.3450292390625 0.367303609375 0.3157894734375 0.367303609375
1 0.0657894734375 0.4755838640625 0.08040935625 0.49256900156250005 0.0935672515625 0.4798301484375 0.1111111109375 0.473460721875 0.12426900625 0.41188959687500004 0.130116959375 0.35456475625 0.10087719375 0.358811040625 0.07894736875 0.41401273906249997 0.0657894734375 0.4755838640625
1 0.483918128125 0.6772823781249999 0.482456140625 0.636942675 0.4634502921875 0.605095540625 0.4166666671875 0.6518046703125 0.3640350875 0.69002123125 0.3450292390625 0.71762208125 0.40204678437499997 0.70700636875 0.448830409375 0.6730360937500001 0.483918128125 0.6772823781249999
1 0.39766081875000003 0.8853503187499999 0.356725146875 0.8301486203125 0.2997076015625 0.8428874734375 0.26461988281250004 0.8471337578125 0.20906432812500003 0.8853503187499999 0.2982456140625 0.91932059375 0.346491228125 0.9171974515624999 0.3903508765625 0.9129511671874999 0.39766081875000003 0.8853503187499999
1 0.2061403515625 0.543524415625 0.210526315625 0.571125265625 0.22807017499999999 0.5647558390625 0.2353801171875 0.5647558390625 0.2368421046875 0.543524415625 0.23976608124999998 0.518046709375 0.2251461984375 0.518046709375 0.210526315625 0.535031846875 0.2061403515625 0.543524415625
1 0.14912280625000002 0.5286624203125 0.1681286546875 0.5307855625 0.1973684203125 0.554140128125 0.1973684203125 0.5286624203125 0.2017543859375 0.49893842812500006 0.17982456093750002 0.44798301562500004 0.165204678125 0.42038216562499997 0.1447368421875 0.45435244218750004 0.1461988296875 0.47770700625 0.14912280625000002 0.5286624203125
0 0.29605263125 0.8078556265625 0.29239766093749997 0.8046709125 0.2807017546875 0.8004246281249999 0.29605263125 0.8078556265625
0 0.3157894734375 0.8174097671875 0.29605263125 0.8078556265625 0.2997076015625 0.8110403390625001 0.30409356718749997 0.8195329093750001 0.3157894734375 0.8174097671875
0 0.3157894734375 0.8174097671875 0.32894736875 0.8237791937500001 0.346491228125 0.808917196875 0.368421053125 0.808917196875 0.3450292390625 0.8067940546875001 0.336257309375 0.808917196875 0.33040935625 0.8216560515625 0.3157894734375 0.8174097671875
