1 0.5676557156250001 0.4972000828125 0.5889872734375 0.49869173125 0.6018846140624999 0.4945730234375 0.613760065625 0.48703580625000004 0.61673548125 0.480549765625 0.602027275 0.47450069062500005 0.59198889375 0.4737987375 0.579557375 0.47125591718750004 0.567681921875 0.4787931328125 0.5495324828125 0.485891628125 0.5367515968750001 0.48834495312500004 0.5279680140624999 0.4877307453125 0.505821271875 0.49789677499999996 0.4934799984375 0.5120955203124999 0.4863908265625 0.5233144765625 0.51125386875 0.5284001203125 0.525638915625 0.5210383921874999 0.5412787609375 0.513764409375 0.554758375 0.501318790625 0.5676557156250001 0.4972000828125
1 0.9290403546875 0.360138565625 0.9209555015625 0.3495320625 0.9077350031250001 0.3402399671875 0.91425353125 0.409310340625 0.9343827031249999 0.37390034375000003 0.9290403546875 0.360138565625
1 0.89849723125 0.41824970625 0.8966601578125 0.426488875 0.9038395796875 0.4320114859375 0.9088587703125001 0.4323624625 0.9144602328125 0.4243865265625 0.9137877109374999 0.4159718703125 0.9077466328125 0.4122023859375 0.89849723125 0.41824970625
1 0.8059013281249999 0.39001893593750003 0.7971177453125 0.38940472812500004 0.791749190625 0.3940499 0.78670379375 0.41210587500000007 0.7873763171875 0.42052052968750003 0.792279053125 0.4225368875 0.79878595 0.41964484375 0.8072463750000001 0.4068482484375 0.81182595 0.395453803125 0.8059013281249999 0.39001893593750003
0 0.7517761671875001 0.42472522812499997 0.7348815234375 0.43191146874999997 0.7102251875000001 0.441902009375 0.7216348203125 0.441026321875 0.7306513125 0.438309765625 0.7422938546875 0.4341033140625 0.7525651437499999 0.4314745015625 0.765578940625 0.4256904125 0.767066646875 0.42244739062500003 0.7517761671875001 0.42472522812499997
0 0.641170540625 0.5458524078125 0.6475609828125 0.544625746875 0.663550190625 0.532355615625 0.657392659375 0.5302515125 0.649398053125 0.536386578125 0.6391267640625 0.539015390625 0.641170540625 0.5458524078125
0 0.891370221875 0.3759131953125 0.8680851374999999 0.3843260984375 0.838409609375 0.3939656640625 0.8112436765625001 0.40378071562500006 0.813170996875 0.41228311562500003 0.835317740625 0.4021170875 0.863854925 0.39072439531250003 0.8806331125 0.38520353906250004 0.891370221875 0.3759131953125
0 0.6429551984375 0.574427140625 0.6730965453125 0.558126046875 0.6616869125 0.5590017328125 0.65392521875 0.561806034375 0.64604706875 0.5662757171874999 0.64342101875 0.5677656125 0.6429551984375 0.574427140625
0 0.803170453125 0.46513663281250006 0.8053306843750001 0.4703082671875 0.8208540734374999 0.464699665625 0.8391199703125001 0.45593578749999997 0.8676571531249999 0.44454309687500004 0.8678900640625 0.44121233125000003 0.8419789281250001 0.451115128125 0.803170453125 0.46513663281250006
0 0.6533837265625 0.4613566265625 0.64824808125 0.4626710328125 0.6378603359375 0.466965228125 0.630098640625 0.46976952968749996 0.6321424171875 0.4766065453125 0.6533837265625 0.4613566265625
0 0.77357354375 0.419555346875 0.7569118125000001 0.423410821875 0.7452692703125 0.427617271875 0.7283746265625 0.4348035140625 0.73578695625 0.436995359375 0.77357354375 0.419555346875
0 0.8173225921875 0.46110566875 0.808422553125 0.46215684375 0.797918353125 0.468116421875 0.7836497609374999 0.47381276562499997 0.7681263703125001 0.47942136875 0.7576221703125 0.4853809453125 0.7467686062500001 0.49633667031249995 0.7519042515625001 0.49502226406250005 0.818233796875 0.46072898437500004 0.8173225921875 0.46110566875
0 0.7099252890625001 0.57241604375 0.70785530625 0.5839859765625001 0.7153840921875 0.584512440625 0.7148280234375 0.5744324015625 0.7099252890625001 0.57241604375
0 0.7468210187500001 0.45952277031250005 0.749679978125 0.45470211093749996 0.7432895359375 0.45592877343750005 0.7428237171875 0.462590303125 0.7463552 0.4661843 0.7468210187500001 0.45952277031250005
