1 0.27379751875 0.5468971796875 0.29187255625 0.560178071875 0.29770596718750003 0.59344711875 0.293735671875 0.6188387328125 0.3094656984375 0.6389341828124999 0.3308086390625 0.6548408859375 0.3355915734375 0.62016074375 0.3439384796875 0.56473325 0.36648304375 0.5269272359375 0.3999573609375 0.5041168875 0.45253985625000004 0.5227566984375 0.485532278125 0.5654215703125 0.5427874593750001 0.530652340625 0.510717925 0.49742783749999997 0.5114203171875 0.4694104125 0.5325427578124999 0.44785932187500005 0.4770986828125 0.4219494375 0.397873746875 0.40799843437499994 0.3990171328125 0.45489659531250004 0.3967823703125 0.4804400484375 0.370139928125 0.48512885624999996 0.35736439375 0.45125245312500006 0.3600054765625 0.42106473437499997 0.3616307578125 0.40248767812499997 0.3580494484375 0.38345510312500003 0.34028781874999997 0.3865809734375 0.305983521875 0.37889992499999997 0.291489796875 0.38465160625 0.28720609375 0.39363645625 0.24902441562500002 0.3902959921875 0.24656915468750001 0.378381653125 0.2380946609375 0.37530032343749997 0.204306934375 0.38170390625 0.18307424375 0.3845261 0.1727713078125 0.4023439609375 0.16656625 0.45327902968749995 0.160784853125 0.5393497578125 0.1654922140625 0.56550056875 0.171012215625 0.5823628515625 0.197561746875 0.5987250734375 0.2148997171875 0.5604635390625 0.2206055421875 0.535223765625 0.2344897890625 0.5364384796875 0.2568485296875 0.5407345234375 0.27379751875 0.5468971796875
0 0.42709903593750004 0.47373278750000003 0.43444747968749997 0.46969587968750004 0.44159276406250003 0.46798110625 0.44220224531249996 0.46101470781250004 0.43526012031250005 0.4604073515625 0.42637930781250005 0.46197028749999997 0.41882770156250004 0.46832932656250004 0.41434083906249997 0.479636309375 0.41026029687500004 0.4862990265625 0.41179266875 0.488773 0.41567005 0.4844324140625 0.42709903593750004 0.47373278750000003
0 0.47323863906249997 0.4660699484375 0.475380490625 0.46157752343749997 0.47211258906250003 0.45895171250000005 0.4664996765625 0.4631404578125 0.46282545468749997 0.4651589125 0.4558833296875 0.46455155625 0.44506382499999997 0.46828478437500004 0.435776690625 0.474491984375 0.43516720937500003 0.48145838124999996 0.44251565312499996 0.47742147343749997 0.45180278749999997 0.4712142734375 0.460683603125 0.46965133750000004 0.467625725 0.47025869531250003 0.47323863906249997 0.4660699484375
0 0.475363153125 0.42179759843750003 0.4766923625 0.4265937 0.48169579531249995 0.4293713515625 0.48128947499999997 0.434015615625 0.47720893281250004 0.4406783328125 0.4735347109375 0.44269678749999997 0.473128390625 0.4473410515625 0.47813182187500003 0.4501187015625 0.48027367343750005 0.4456262765625 0.484354215625 0.438963559375 0.4882315984375 0.4346229734375 0.4871055484375 0.4275047359375 0.48230527656250005 0.42240495625 0.475363153125 0.42179759843750003
0 0.49609661093749996 0.4446706984375 0.50110004375 0.447448346875 0.5063066375 0.447903865625 0.508651646875 0.44108930781250005 0.5073224375 0.4362932046875 0.5003803140625 0.43568584843749997 0.495173721875 0.43523032968750003 0.4882315984375 0.4346229734375 0.486089746875 0.4391153984375 0.4856834265625 0.44375966250000004 0.49048369843749995 0.44885944375 0.494157921875 0.446840990625 0.49609661093749996 0.4446706984375
0 0.3550540578125 0.5376268609375 0.3581187984375 0.5425748031250001 0.35893143906249997 0.533286275 0.35586669843749996 0.52833833125 0.3504569453125 0.530204946875 0.3550540578125 0.5376268609375
0 0.3266760828125 0.5421638296875 0.32514371249999996 0.53968985625 0.323205021875 0.54186015 0.32566028281250003 0.5537744890625 0.3287250234375 0.5587224328125 0.337402678125 0.559481628125 0.334541096875 0.5522115546874999 0.3266760828125 0.5421638296875
0 0.32842895156249996 0.58209559375 0.323831840625 0.574673678125 0.3218931484375 0.576843971875 0.3191418171875 0.5883027921874999 0.31873549687499997 0.59294705625 0.323738928125 0.5957247078125001 0.3274131515625 0.5937062531249999 0.327819471875 0.5890619890625 0.32842895156249996 0.58209559375
0 0.299296571875 0.49531020937500003 0.29634208125 0.5090911640625 0.29226153906249996 0.5157538828125 0.29185521875 0.5203981468750001 0.29532627968749997 0.520701825 0.30308104375 0.5120206546875 0.3065521046875 0.5123243328125 0.3098200078125 0.5149501421875 0.31216501874999997 0.5081355859375 0.3079742265625 0.49606940625 0.305518965625 0.4841550671875 0.3026573859375 0.47688499218749997 0.30306370625 0.47224072812499995 0.309082940625 0.4634077171875 0.3079568890625 0.45628948124999996 0.302750296875 0.45583396406250004 0.30040528593750004 0.46264852031250003 0.29530894218750003 0.48092189999999996 0.299296571875 0.49531020937500003
0 0.1709775390625 0.502803 0.1680230484375 0.5165839546875 0.167616728125 0.5212282187499999 0.1668040875 0.530516746875 0.16619460625 0.5374831453125 0.1723240875 0.5473790296875001 0.1862083359375 0.5485937437499999 0.19100860625 0.553693525 0.19508915 0.5470308078125 0.18661465625 0.5439494812500001 0.1716043578125 0.5356165296875 0.1708846296875 0.5238540296875 0.17383912031249998 0.5100730765625 0.176590453125 0.4986142546875 0.1752612421875 0.49381814999999996 0.1715870203125 0.49583660468749996 0.1709775390625 0.502803
0 0.1755573140625 0.4704449890625 0.17862205625 0.47539293281250006 0.17923153593750002 0.4684265359375 0.176573115625 0.45883432968750004 0.17391469531249998 0.44924212187499996 0.1727886453125 0.4421238859375 0.167988371875 0.437024103125 0.167378890625 0.44399050000000007 0.16830178125 0.45343086875000005 0.17269573437500002 0.46317491562499996 0.1755573140625 0.4704449890625
0 0.39000873281250004 0.397950709375 0.38306660937500003 0.3973433515625 0.381940559375 0.3902251171875 0.3749984359375 0.389617759375 0.37459211406250004 0.3942620234375 0.3776568578125 0.3992099671875 0.3861313515625 0.4022912953125 0.38786688125 0.402443134375 0.39000873281250004 0.397950709375
0 0.3504222703125 0.4506450953125 0.3510317515625 0.44367869843749996 0.34776385 0.44105288906249995 0.3444959484375 0.43842707656249996 0.3406185671875 0.4427676625 0.337867234375 0.454226484375 0.337257753125 0.46119288125 0.33685143281249996 0.4658371453125 0.3420580265625 0.4662926625 0.34634172812499997 0.4573078125 0.3504222703125 0.4506450953125
0 0.3468582984375 0.4713924453125 0.34318407500000003 0.4734109 0.3414485453125 0.47325906093750003 0.3360387921875 0.47512567343749995 0.3371648421875 0.48224391093749996 0.34043274375 0.4848697203125 0.3445132859375 0.478207003125 0.3501262 0.47401825625000005 0.3468582984375 0.4713924453125
0 0.327709221875 0.5703330921875 0.32924159375 0.5728070640625 0.33250949531249996 0.575432875 0.3409839890625 0.578514203125 0.347409540625 0.565036928125 0.3456740109375 0.5648850890625 0.3424061109375 0.562259278125 0.3389350484375 0.5619556 0.33352529531249997 0.5638222140625 0.3281155421875 0.565688828125 0.327709221875 0.5703330921875
