1 0.6934029484375 0.38649883281249997 0.6349200984375 0.45857132656250005 0.7089521546875 0.5096551296875 0.7750100468750001 0.5665895 0.8247150812499999 0.5572389765625 0.8659851734374999 0.5254245515625 0.8629169375 0.4785570484375 0.824136403125 0.415424159375 0.7577918796875001 0.3940041078125 0.6934029484375 0.38649883281249997
0 0.530474671875 0.7168385578125 0.55019934375 0.7069716296874999 0.5203145265625 0.6946171156250001 0.482781478125 0.6904323 0.5108455453125 0.71486738125 0.530474671875 0.7168385578125
0 0.6238099234375001 0.767574409375 0.6160268484375 0.7497487640625 0.6030681546875 0.732650503125 0.56921590625 0.7421379984375001 0.60138225 0.7707264140625 0.6238099234375001 0.767574409375
0 0.5756390078125 0.800358684375 0.5934080859375 0.7765769812500001 0.564501065625 0.7711798546875 0.534194771875 0.76834431875 0.55050833125 0.7967957640625001 0.5756390078125 0.800358684375
0 0.6253440421875001 0.7910081625000001 0.64497316875 0.7929793390625 0.6670749109375 0.78750820625 0.6607866515625 0.7552828625 0.6299633375 0.7738044109375 0.602360046875 0.7776837999999999 0.6253440421875001 0.7910081625000001
0 0.6885247875 0.777398815625 0.7039560953125 0.787054765625 0.7246585624999999 0.7841452234374999 0.7374824109375 0.7752481421875 0.72270296875 0.77023045 0.7089013234375 0.7721701453125001 0.6885247875 0.777398815625
0 0.6144195421875 0.8634915734374999 0.628777509375 0.8780282421875001 0.6341442140625 0.8536246437499999 0.6180610421875 0.839330434375 0.60318605625 0.8461508500000001 0.6144195421875 0.8634915734374999
1 0.483062696875 0.44207452031249994 0.45158751874999997 0.4559578125 0.48039899531249997 0.47319304375 0.5128519703125 0.466267140625 0.483062696875 0.44207452031249994
0 0.7728125343750001 0.8388659531249999 0.7895082703125 0.8199649718750001 0.76987914375 0.8179937921875 0.74152844375 0.8290730312499999 0.7555604765624999 0.841290571875 0.7728125343750001 0.8388659531249999
0 0.5667094031250001 0.92459031875 0.5811629140625 0.92728888125 0.6193478265625 0.9361119562500001 0.598414971875 0.9248642625000001 0.5788813875 0.9110549796875 0.556875190625 0.9046880046875 0.5667094031250001 0.92459031875
0 0.7858837140625 0.7566211015625 0.801354321875 0.8041105015625 0.8825907781250001 0.7312051328125 0.9115540421875 0.686930703125 0.905170240625 0.666543465625 0.8676764921875 0.7001920984375001 0.8456140484375 0.7434966796875 0.7819725265625 0.7287915546875 0.7858837140625 0.7566211015625
