0 0.6992959484375 0.654253203125 0.70600955 0.6420690625 0.6938109390625 0.6479426484374999 0.681612328125 0.6538162375 0.678546665625 0.6640717625 0.6873302484375 0.6634575546875 0.6992959484375 0.654253203125
0 0.7341420125 0.44931991875 0.7314257140625 0.46457159218750005 0.734401128125 0.47105763281249996 0.7411147296875 0.45887349374999997 0.7465735328124999 0.446777096875 0.7593282125 0.43082347031249996 0.7696897515625001 0.416710715625 0.766947246875 0.4135554390625 0.7538432015625001 0.4245129171875 0.7467802375 0.4317009109375 0.7341420125 0.44931991875
0 0.7638175406250001 0.4589594828125 0.748087446875 0.4684270671875 0.7331725359375 0.489552328125 0.7405848671874999 0.4873604828125 0.745021784375 0.4786825921875 0.7703244375 0.46185152812499997 0.7857051671875 0.447387796875 0.815211828125 0.41854807968749996 0.79913236875 0.42301951718749997 0.7911639703125 0.4352914015625 0.7780599265625 0.446248878125 0.7638175406250001 0.4589594828125
0 0.7996243953125 0.4480879953125 0.7865203515625 0.4590454734375 0.7791080203125 0.46123732031250003 0.7660039765625 0.4721947984375 0.7540382765625 0.48139915 0.7330822890625 0.5062938953125 0.74151650625 0.500683540625 0.7476740390625001 0.4985794375 0.75108906875 0.49332005937499995 0.7533657515625001 0.48981380625000004 0.76042871875 0.4826258140625 0.7712560765625 0.4751745875 0.7784354984374999 0.4696519765625 0.7892628562499999 0.46220074999999994 0.7996243953125 0.4480879953125
0 0.7678410484375 0.48043396562499996 0.7631712234375 0.485781090625 0.7548534609375 0.49305682656250005 0.750183634375 0.49840395 0.7431206687499999 0.50559194375 0.7470015171875 0.50699409375 0.754297390625 0.5031368656249999 0.7613603578125 0.49594887187500003 0.76830686875 0.487095496875 0.77662463125 0.4798197578125 0.7872190812500001 0.46903776875 0.77980675 0.47122961406249997 0.7750204703125 0.4749113546875 0.7678410484375 0.48043396562499996
0 0.6502656499999999 0.5120849984375 0.6646244921875 0.501039778125 0.674636665625 0.48193087500000004 0.6777023296875 0.47167534843750003 0.6729160484375 0.4753570890625 0.6623216000000001 0.4861390796875 0.649450465625 0.5004273218749999 0.6433191390624999 0.520938375 0.6502656499999999 0.5120849984375
0 0.747170384375 0.5454733765625 0.7364594796875 0.554589984375 0.743988265625 0.5540635203125001 0.7545827140625 0.54328153125 0.7624346578125001 0.5293442625 0.770170146875 0.513741615625 0.77778918125 0.49647358124999996 0.768449528125 0.5071678281249999 0.760714040625 0.522770478125 0.753651075 0.529958471875 0.747170384375 0.5454733765625
0 0.744867490625 0.5305726796875 0.758087990625 0.5212805828125 0.7660563890625001 0.5090086984375 0.7527194359375 0.5166354125 0.74793315625 0.5203171531249999 0.7408701890625 0.527505146875 0.7387099593750001 0.5326767828125 0.744867490625 0.5305726796875
0 0.769407375 0.5388978390625 0.7701963515625 0.5321485640625 0.766431959375 0.5324117968750001 0.764388184375 0.5392488140625 0.769407375 0.5388978390625
0 0.653124609375 0.5169056578125 0.6466439187499999 0.5324205640625 0.6562164796875 0.5250570812500001 0.6582602546875 0.518220065625 0.6613259171875 0.5079645375 0.653124609375 0.5169056578125
0 0.650524765625 0.5338227140625 0.6475755578125 0.545743621875 0.6529441125 0.5503887953125 0.6548714328125 0.54188639375 0.6578206421874999 0.5299654859375 0.650524765625 0.5338227140625
0 0.68689931875 0.44090876874999996 0.6815569703125 0.4546705484375 0.681350265625 0.469746734375 0.6856707281250001 0.4594034640625 0.6902240984375 0.4523909578125 0.68689931875 0.44090876874999996
0 0.696666953125 0.490431521875 0.6906258750000001 0.49420100468749995 0.6842616375 0.51138129375 0.6725288468749999 0.5239164093750001 0.68598225625 0.5179550796875 0.69430001875 0.510679340625 0.696666953125 0.490431521875
0 0.676785265625 0.5487216593750001 0.6772510859375 0.5553831875 0.6855688484375 0.5481074515625 0.6938866124999999 0.5408317125 0.6933043375 0.5325048015625 0.687263259375 0.5362742859375 0.6814550921875 0.543374534375 0.676785265625 0.5487216593750001
0 0.6903289218750001 0.526018759375 0.6986466859375 0.518743021875 0.7039890359375 0.5049812421875 0.691906878125 0.5125202125 0.683589115625 0.51979595 0.6804069984375001 0.52838609375 0.6903289218750001 0.526018759375
0 0.70635596875 0.484733421875 0.6983875703125 0.49700530625 0.6990863 0.5069976015625001 0.7047780125 0.49823197031250005 0.708193040625 0.49297258906249997 0.70635596875 0.484733421875
0 0.6591540578124999 0.5850985921875 0.6662170234375 0.5779105999999999 0.6643799515625 0.5696714296875001 0.654690934375 0.5753695296875 0.6501375656249999 0.5823820343749999 0.6506033859375 0.589043565625 0.6591540578124999 0.5850985921875
0 0.6877814921875001 0.579749715625 0.6769541328125 0.5872009406250001 0.668519915625 0.5928112953125 0.6654542515624999 0.6030668234375 0.6583912859375001 0.6102548156250001 0.6578352171875 0.6203348546874999 0.658533946875 0.6303271484375 0.6660365265625 0.611393734375 0.6729830359375 0.6025403593750001 0.6799295484375001 0.5936869828125 0.6877814921875001 0.579749715625
0 0.7297953453125 0.4412562390625 0.7294459796874999 0.4362600921875 0.7337664421875 0.4259168203125 0.7319293703125 0.417677653125 0.7288637062500001 0.4279331796875 0.7260047453125 0.4231125203125 0.7222403546875 0.4233757515625 0.717570528125 0.42872287656249997 0.721917196875 0.43678655624999996 0.7185021671875 0.442045934375 0.720222784375 0.4486197203125 0.7231982 0.45510576093750005 0.7282173890625 0.4547547859375 0.7315159625 0.447830025 0.7297953453125 0.4412562390625
0 0.674264040625 0.6208595640625 0.678494253125 0.6272578625 0.6880668140624999 0.61989438125 0.6961516671875 0.6092878796875 0.705724228125 0.601924396875 0.71643513125 0.5928077890625 0.707069275 0.5850950859374999 0.698984421875 0.5957015890624999 0.689761225 0.608061215625 0.674264040625 0.6208595640625
0 0.7295770109374999 0.5282948421875 0.7332249484375 0.526366228125 0.7304824453125 0.5232109515625 0.7278563953125 0.5217210578125 0.7254632546875001 0.5235619265625 0.727067415625 0.5284703296875 0.7295770109374999 0.5282948421875
0 0.5681623171875 0.618237765625 0.5679294078125 0.6149070015625 0.562560853125 0.6102618296875 0.5602841671875 0.6137680828125001 0.559378734375 0.6188519734375 0.5632595828125 0.6202541234375001 0.5681623171875 0.618237765625
1 0.77249924375 0.5470492625000001 0.7820718046875 0.5396857796875 0.7852539234375 0.5310956359375 0.785926446875 0.52268098125 0.7981250578125 0.51680739375 0.8026784265625 0.5097948875 0.799004284375 0.49331655156250004 0.7978397359375 0.476662728125 0.8027162640625001 0.4562394203125 0.8080586125 0.44247764062500006 0.8155611921875 0.4235442265625 0.8134912109375 0.41197429375 0.79183649375 0.4268767453125 0.7725749171875 0.43993832499999996 0.7644638578125 0.4321378765625 0.7769856265625 0.41285348749999995 0.750634878125 0.4146961109375 0.7326281 0.42766994843750006 0.7327707593749999 0.44774228125000004 0.7320079875000001 0.47289850468749994 0.7326164687500001 0.499632365625 0.72581261875 0.5285580734375 0.7312073796874999 0.5516101953125 0.7383227578125 0.581236103125 0.7451528140625 0.5707173453125 0.7642979359375001 0.5559903828125 0.77249924375 0.5470492625000001
1 0.7996738609375 0.322570109375 0.7871258875 0.3234475484375 0.785780840625 0.3402768609375 0.7755619609375 0.37446194843749997 0.7747991890625 0.3996181734375 0.7864417328125 0.40382462343750003 0.7987305921875001 0.38120946718750004 0.8088592203125 0.3637659484375 0.8203591031249999 0.3479000671875 0.8207987156250001 0.33615464687499996 0.8027657312500001 0.3307215328125 0.7996738609375 0.322570109375
1 0.6527112015625 0.5470580296875001 0.6525044984374999 0.5621342140625 0.6487663125 0.580804396875 0.6413801890624999 0.6014031937500001 0.6463091296875 0.6177937859375 0.657977878125 0.6404071874999999 0.66460123125 0.6449646140625 0.6704093984374999 0.6378643640625 0.6848846953125001 0.628484525 0.7025421093750001 0.610514540625 0.7237310078125 0.588950559375 0.733420021875 0.5832524609374999 0.73155674375 0.5566063421874999 0.7275332359375 0.5351318593750001 0.7227207499999999 0.52040665 0.727390575 0.515059528125 0.7326164687500001 0.499632365625 0.731775078125 0.4695677390625 0.7316324171875 0.44949540624999995 0.732861009375 0.43100071250000005 0.7295100234375 0.40111157343750004 0.7305057046875 0.3792861140625 0.72785345 0.3593892703125 0.7209971859375 0.351501078125 0.7163535671875 0.37525515 0.7152414296875 0.3954152265625 0.693470259375 0.40865229531249997 0.673536159375 0.4301285328125 0.6623856421875 0.4509905609375 0.648958440625 0.4753588421875 0.6441983671875 0.4974475328125 0.6454793703124999 0.5157667406249999 0.65029185625 0.5304919499999999 0.6527112015625 0.5470580296875001
