0 0.6904204468749999 0.8336669453125 0.683939571875 0.8027585125 0.6682359156250001 0.715199290625 0.63923573125 0.7021021640625 0.6784058796875 0.8346297437500001 0.6904204468749999 0.8336669453125
1 0.3858901171875 0.43799259062499996 0.376617453125 0.4646977484375 0.37497940625 0.522023678125 0.38984981093750004 0.591495734375 0.4626493921875 0.6180656671875 0.440977621875 0.5360600015625 0.40422888749999997 0.4476496015625 0.3858901171875 0.43799259062499996
1 0.819019953125 0.3320339625 0.6601598562500001 0.38790438125 0.699415484375 0.4716242046875 0.722796496875 0.5654003203125 0.757957065625 0.627780703125 0.771360384375 0.656963175 0.8984356515625 0.586657153125 0.9911764562500001 0.5310099765625 0.9272721421875 0.309109196875 0.819019953125 0.3320339625
0 0.7995630390625 0.3572128015625 0.806243328125 0.3840059765625 0.8313051265625001 0.396052284375 0.823869925 0.36131625624999997 0.7995630390625 0.3572128015625
0 0.8029387796874999 0.40515757968750005 0.7875484703125 0.3581756 0.7090941203125001 0.3777364671875 0.72074545625 0.4195523703125 0.756589746875 0.4207792265625 0.8029387796874999 0.40515757968750005
0 0.769644 0.7041447953125 0.7717876640625 0.7422329203125 0.786066971875 0.7650986796875 0.8266473015625 0.75091533125 0.8522717453125 0.71606768125 0.8400221671875 0.6865975468750001 0.809747165625 0.6880476468750001 0.769644 0.7041447953125
0 0.7919354421875 0.5969484890625 0.799769471875 0.6234540046875 0.8315970421875001 0.6134857328125001 0.8589307265624999 0.59040853125 0.8428638390625001 0.5456280109375 0.8273097140625 0.5373094796875 0.8218543578125 0.579325021875 0.7919354421875 0.5969484890625
0 0.9273219046875001 0.5550617796874999 0.9418789625 0.5839565921875 0.9602604734375 0.569209725 0.945504 0.5444301671875 0.9273219046875001 0.5550617796874999
0 0.9507955406249999 0.5410780703125 0.955567175 0.560216053125 0.9717195406249999 0.556188815625 0.9713634546875 0.5400154500000001 0.9507955406249999 0.5410780703125
0 0.8039215593750001 0.5024854328125 0.7937373078125 0.5009591140625 0.797511875 0.5406733781249999 0.8143408187500001 0.534444684375 0.8039215593750001 0.5024854328125
