1 0.2299465234375 0.586520946875 0.278074865625 0.5628415296875 0.3395721921875 0.5573770484375 0.367647059375 0.5318761390625 0.3235294125 0.502732240625 0.2620320859375 0.42076502656250003 0.211229946875 0.39162112968749996 0.1737967921875 0.4225865203125 0.1524064171875 0.45173041875 0.16176470625 0.47176684843750005 0.1858288765625 0.5154826953125 0.2299465234375 0.586520946875
1 0.10828877031249999 0.54462659375 0.10695187187499999 0.5792349734375 0.1136363640625 0.6320582875 0.11497326249999999 0.6666666671875 0.1417112296875 0.7140255015625 0.1764705875 0.7067395265624999 0.179144384375 0.6648451734374999 0.187165775 0.6320582875 0.21390374374999999 0.586520946875 0.195187165625 0.5701275046875 0.169786096875 0.5610200359374999 0.15909090937499998 0.5610200359374999 0.1390374328125 0.5519125687499999 0.1256684484375 0.5537340625 0.10828877031249999 0.54462659375
1 0.1350267375 0.54826958125 0.1764705875 0.5591985421875 0.21256684531249997 0.5737704921875 0.20053475937499998 0.5464480875 0.189839571875 0.5173041890625 0.127005346875 0.45537340625 0.10828877031249999 0.4881602921875 0.1056149734375 0.5336976328125 0.1350267375 0.54826958125
0 0.1711229953125 0.5646630234375001 0.15374331562500002 0.5591985421875 0.1390374328125 0.5591985421875 0.143048128125 0.5683060109375 0.1604278078125 0.5683060109375 0.1711229953125 0.5646630234375001
0 0.258021390625 0.5683060109375 0.27540106875000003 0.5683060109375 0.2927807484375 0.5591985421875 0.3061497328125 0.550091075 0.2981283421875 0.5428051 0.2874331546875 0.54462659375 0.2874331546875 0.5537340625 0.27540106875000003 0.550091075 0.24465240625 0.5537340625 0.24465240625 0.5373406187499999 0.221925134375 0.5519125687499999 0.231283421875 0.5610200359374999 0.24465240625 0.5610200359374999 0.258021390625 0.5683060109375
0 0.22326203281249998 0.500910746875 0.20855615 0.5045537343750001 0.211229946875 0.5227686703125001 0.22459893125 0.5209471765625 0.22326203281249998 0.500910746875
0 0.3368983953125 0.5519125687499999 0.3449197859375 0.5464480875 0.351604278125 0.5373406187499999 0.3636363640625 0.5373406187499999 0.3743315515625 0.5300546453125 0.3502673796875 0.5245901640625 0.3395721921875 0.5245901640625 0.31818181874999996 0.54098360625 0.3221925140625 0.54826958125 0.3368983953125 0.5519125687499999
0 0.1470588234375 0.5191256828124999 0.14438502656250002 0.502732240625 0.14037433125 0.4826958109375 0.1336898390625 0.4772313296875 0.1363636359375 0.493624771875 0.1417112296875 0.508196721875 0.1470588234375 0.5191256828124999
1 0.4893048125 0.491803278125 0.5120320859375 0.46265938125000006 0.5227272734375 0.4408014578125 0.4692513375 0.41712204062499997 0.403743315625 0.413479053125 0.44251336874999997 0.4699453546875 0.4625668453125 0.5227686703125001 0.4893048125 0.491803278125
1 0.41844919843749995 0.493624771875 0.3783422453125 0.500910746875 0.39572192500000003 0.5792349734375 0.44117647031249996 0.5245901640625 0.41844919843749995 0.493624771875
1 0.6082887703125001 0.4699453546875 0.5868983953125 0.45901639375 0.5414438500000001 0.46812386093749997 0.4986631015625 0.48633879843749994 0.450534759375 0.5191256828124999 0.43582887656249997 0.5464480875 0.4251336890625 0.586520946875 0.439839571875 0.6120218578125 0.46791443906249996 0.6666666671875 0.48395721875 0.6976320578124999 0.5040106953125 0.7140255015625 0.5173796796875 0.7176684875 0.5454545453125 0.71948998125 0.5762032078125 0.71948998125 0.6016042781250001 0.71948998125 0.62032085625 0.71948998125 0.6363636359375 0.7176684875 0.6323529406249999 0.681238615625 0.6243315515625001 0.6229508203125 0.6176470593750001 0.5701275046875 0.6163101609375 0.535519125 0.6136363640625 0.499089253125 0.6082887703125001 0.4699453546875
