0 0.17862165937500002 0.79201680625 0.12939521874999999 0.7962184875 0.1336146265625 0.8046218484375001 0.17862165937500002 0.7983193281250001 0.17862165937500002 0.79201680625
0 0.1490857953125 0.8235294124999999 0.1814345984375 0.8067226890624999 0.177215190625 0.7983193281250001 0.1406469765625 0.8214285718750001 0.1490857953125 0.8235294124999999
0 0.125175809375 0.77310924375 0.125175809375 0.75420168125 0.1111111109375 0.7415966390625 0.109704640625 0.747899159375 0.11251758125 0.7626050421875 0.125175809375 0.77310924375
0 0.17440225 0.8676470593750001 0.17158931093750002 0.8739495796875 0.18284106875 0.8781512609375 0.1969057671875 0.8844537812500001 0.1940928265625 0.890756303125 0.2109704640625 0.8949579828124999 0.22644163125 0.9012605046875001 0.22784810156250002 0.8970588234375001 0.212376934375 0.8844537812500001 0.20956399375 0.8739495796875 0.1490857953125 0.8466386546875 0.1462728546875 0.8529411765624999 0.1547116734375 0.8613445375 0.17440225 0.8676470593750001
0 0.11251758125 0.8340336140625 0.11251758125 0.8466386546875 0.11673699062500001 0.8466386546875 0.11673699062500001 0.8361344531249999 0.11251758125 0.8340336140625
0 0.12939521874999999 0.844537815625 0.1195499296875 0.842436975 0.1195499296875 0.8466386546875 0.12939521874999999 0.8487394953124999 0.12939521874999999 0.844537815625
0 0.16455696250000001 0.75 0.160337553125 0.75 0.161744021875 0.7584033609375 0.16596343125 0.7584033609375 0.16455696250000001 0.75
1 0.15893108281249999 0.8046218484375001 0.13924050625 0.77310924375 0.13783403593750002 0.7373949578125 0.11673699062500001 0.7310924375 0.0942334734375 0.7331932765625 0.091420534375 0.7794117640625 0.09985935312500001 0.80042016875 0.12939521874999999 0.8193277312499999 0.16455696250000001 0.8256302515625 0.15893108281249999 0.8046218484375001
1 0.17158931093750002 0.8823529406249999 0.15893108281249999 0.8676470593750001 0.1406469765625 0.842436975 0.126582278125 0.840336134375 0.12798874843750002 0.8613445375 0.1462728546875 0.8760504203125 0.160337553125 0.8823529406249999 0.17158931093750002 0.8823529406249999
1 0.091420534375 0.8067226890624999 0.07876230625 0.7815126046875001 0.074542896875 0.775210084375 0.0717299578125 0.789915965625 0.074542896875 0.8088235296875 0.091420534375 0.8277310921875 0.0942334734375 0.8214285718750001 0.091420534375 0.8067226890624999
1 0.0604782 0.752100840625 0.0604782 0.77310924375 0.0675105484375 0.7794117640625 0.0675105484375 0.7626050421875 0.0604782 0.752100840625
1 0.0984528828125 0.705882353125 0.0984528828125 0.722689075 0.1111111109375 0.728991596875 0.125175809375 0.7310924375 0.1322081578125 0.69957983125 0.10829817187499999 0.682773109375 0.0984528828125 0.705882353125
