0 0.355572034375 0.6241403078125 0.361353240625 0.610457153125 0.360152040625 0.5979728093750001 0.3544132 0.5890435984375 0.34718208437500003 0.5922680140625001 0.34713971718750003 0.6148803796875 0.355572034375 0.6241403078125
1 0.8623269390624999 0.4828038796875 0.8456078453125 0.45196503750000006 0.823004371875 0.4245159703125 0.7968157453125 0.415131984375 0.7701296906249999 0.40979920468750003 0.7431949234374999 0.40649203125 0.7194510609375 0.3994643671875 0.7055046921875 0.45738009999999996 0.73444760625 0.5000005515625 0.7514154125 0.5288137890625 0.7657321078125 0.5346839421875 0.80004353125 0.522447715625 0.8268751249999999 0.515461509375 0.848817190625 0.5037626578125 0.8623269390624999 0.4828038796875
0 0.3488438234375 0.48966492500000003 0.3279389765625 0.4706489921875 0.303242625 0.44911137968750003 0.2796443015625 0.42976473125 0.2590913390625 0.41901657343750004 0.25546381875 0.45969402031250006 0.2638961359375 0.46895394843749993 0.27796411875000004 0.47684970625 0.3002157046875 0.49603099687499996 0.3319976328125 0.5266631796875 0.357233775 0.5215372203124999 0.3488438234375 0.48966492500000003
0 0.22906884375 0.42972327187500003 0.2405465234375 0.4475816953125 0.2468859625 0.4627530765625 0.2544689671875 0.4677964375 0.255257471875 0.4391072578125 0.25395310000000004 0.416329534375 0.2272670453125 0.41099675625 0.22906884375 0.42972327187500003
0 0.23368573593750003 0.514591996875 0.241766165625 0.5155841484375 0.2402130796875 0.4948320296875 0.23557226406249998 0.48809378125 0.22834114687499998 0.491318196875 0.22794689531249998 0.5056627875 0.23368573593750003 0.514591996875
1 0.355492784375 0.53571645 0.3574216796875 0.48660586875 0.328333228125 0.456304403125 0.30413430468749997 0.43071558125 0.2616816421875 0.40905391093750004 0.2550272 0.496650975 0.257284059375 0.533938646875 0.27574414375 0.5505982578124999 0.30068920625 0.5701102671875 0.31964671718750004 0.58271866875 0.325822175 0.554690925 0.355492784375 0.53571645
1 0.22863222656249998 0.46668022656249997 0.21891397812500002 0.49016068593749995 0.22525341718749997 0.5053320703125 0.24017071250000002 0.5174443953125001 0.253140671875 0.523149190625 0.2513388734375 0.504422675 0.2513812375 0.48181030937499997 0.24100158437500002 0.4661428515625 0.22863222656249998 0.46668022656249997
1 0.4198875125 0.5456792703125 0.42227146718749997 0.5151298453125001 0.424406709375 0.4866060265625 0.40480623437499996 0.4903678171875 0.399977515625 0.5185609203125 0.391314928125 0.566844709375 0.38559452968749997 0.613433609375 0.3892404921875 0.628274275 0.3988132015625 0.6171128 0.41052115 0.57742750625 0.4198875125 0.5456792703125
0 0.41578648906250004 0.5122774484375 0.41274112656249995 0.5036789546875 0.40735417187499995 0.5030175203125 0.4097565703125 0.5279862078125 0.40333240000000004 0.55803955625 0.3968050546875 0.577799525 0.397405653125 0.5840416953124999 0.4063777625 0.56663805 0.41400313125 0.5490690453125 0.41539223593749997 0.5266220374999999 0.41578648906250004 0.5122774484375
1 0.5689757328125 0.7120272625 0.6033903296875 0.710084415625 0.631920546875 0.7115313453125001 0.6493249734375001 0.703387625 0.6626283749999999 0.6618420859375 0.66625589375 0.6211646390625 0.660207534375 0.5813552859375 0.6598980140624999 0.5504751453125001 0.660292265625 0.5361305562500001 0.6456236828125 0.521992625 0.604269046875 0.5025219171875001 0.5809194343749999 0.4811496625 0.5595171624999999 0.4661849390625 0.5394192609374999 0.4739979390625 0.522118009375 0.49243503750000006 0.510907484375 0.5280691234375 0.49540803125000005 0.5652327359375 0.4977072546875 0.5799080453125 0.507340771875 0.601652315625 0.5181754859375001 0.63588093125 0.532201103125 0.6663890546875 0.5378975765625 0.6979306328125 0.5464330671875001 0.717483940625 0.5689757328125 0.7120272625
