1 0.29936068125 0.6145022796874999 0.320655084375 0.6215476640625 0.3364836890625 0.6513857859375001 0.3405541546875 0.6767615328125001 0.361724134375 0.691012596875 0.38693791875 0.6995454390625 0.38077000625 0.66508465625 0.3715803484375 0.609790640625 0.381338803125 0.56686833125 0.406125984375 0.5348302687500001 0.4618949265625 0.5363088968749999 0.50645675625 0.5666903828125001 0.5501653859375 0.51593005625 0.5093985109375 0.4942417078125 0.501408665625 0.46737850156249994 0.514837646875 0.440355003125 0.454100603125 0.4328464 0.3744421140625 0.44406005937500004 0.39002186875 0.488309534375 0.39578984375 0.5132933828125 0.371900296875 0.525985671875 0.34928165624999996 0.49771515468749994 0.34246495781249997 0.46818878750000004 0.338270065625 0.4500187171875 0.32898265000000004 0.4330243484375 0.3130562828125 0.44148587499999997 0.27805738281250003 0.444781371875 0.2660503984375 0.4547303546875 0.2647528265625 0.4645991921875 0.22740763125000002 0.473221009375 0.22139080781249998 0.4626485171875 0.2123789015625 0.46233676093750004 0.1822236796875 0.4788679125 0.162902296875 0.4881132390625 0.15860964375 0.5082428140624999 0.1684480859375 0.5586024109375 0.18954696875 0.6422470890625 0.202104978125 0.6656633328125 0.2125655453125 0.67999454375 0.2428718546875 0.687351684375 0.24753777968750001 0.645605075 0.24516482343749998 0.6198374265625 0.2587448921875 0.6167022203125 0.2813368703125 0.6138787703124999 0.29936068125 0.6145022796874999
0 0.4225500484375 0.4975460328125 0.428291359375 0.49143591249999996 0.43455703437500004 0.48759705000000003 0.43298395 0.48078327343750005 0.42619391406249996 0.48235087656250003 0.4182307328125 0.48658163906249996 0.41301378125 0.49496301875000004 0.41224057031249994 0.507103115625 0.4104186375 0.5147006937499999 0.41264050937499996 0.5165800515625001 0.41498680312499997 0.5112537328125 0.4225500484375 0.4975460328125
0 0.46406347031250006 0.47600031875 0.4647122578125 0.4710659 0.460792878125 0.46957844218749994 0.45674907343750004 0.4752966625 0.45387841875 0.4783517234375 0.44708838125000006 0.4799193265625 0.43795205312499996 0.48681324843749996 0.4310375921875 0.49558652968750005 0.4326106765625 0.50240030625 0.4383519890625 0.4962901859375 0.4452664484375 0.48751690468750003 0.45322963125 0.4832861421875 0.4600196671875 0.4817185390625 0.46406347031250006 0.47600031875
0 0.4524030953125 0.4332383015625 0.4551493265625 0.43738891718749995 0.4607662140625 0.4384844734375 0.46181493749999997 0.4430269921875 0.45999300468750004 0.45062456875 0.45712234843750005 0.4536796296875 0.45817107031250004 0.45822214843750003 0.46378795781250004 0.4593177046875 0.46443674375 0.4543832859375 0.466258678125 0.44678570781250004 0.46860497187499994 0.44145938906250004 0.4653343796875 0.43503751093750004 0.4591931296875 0.4316706984375 0.4524030953125 0.4332383015625
0 0.4791899625 0.4485849203125 0.48480685 0.4496804765625 0.4898993765625 0.44850477343749995 0.49002380156249997 0.441299096875 0.48727757031249996 0.43714847968750004 0.480487534375 0.4387160828125 0.47539500781250005 0.439891784375 0.46860497187499994 0.44145938906250004 0.4679561875 0.44639380624999997 0.469004909375 0.45093632499999997 0.4751461578125 0.454303140625 0.47801681562500004 0.451248078125 0.4791899625 0.4485849203125
0 0.37377555625 0.5805760296875 0.378219296875 0.584334746875 0.37612185 0.5752497109375 0.371678109375 0.5714909953125 0.3671099453125 0.57493795625 0.37377555625 0.5805760296875
0 0.3481885 0.5936602203125 0.345966628125 0.5917808609375 0.3447934828125 0.594444021875 0.35081030625 0.6050165140625 0.355254046875 0.6087752296875 0.363741590625 0.6068157265624999 0.3587734890625 0.6007857515625 0.3481885 0.5936602203125
0 0.36219517031250004 0.63109591875 0.35552955937499997 0.62545784375 0.35435641093750003 0.6281210046875 0.3552807109375 0.6398691984375 0.3563294328125 0.644411715625 0.3619463203125 0.6455072734375 0.364816978125 0.6424522125000001 0.36376825468749996 0.63790969375 0.36219517031250004 0.63109591875
0 0.30767047187499996 0.5575605140625 0.3091191328125 0.57157996875 0.3072972 0.5791775484375 0.3083459234375 0.583720065625 0.311740940625 0.5829362640625 0.3164335296875 0.5722836250000001 0.319828546875 0.5714998234374999 0.3237479265625 0.5729872796875 0.3238723515625 0.565781603125 0.3161580171875 0.5556010109375 0.3101411921875 0.5450285187499999 0.305173090625 0.5389985421875 0.3041243671875 0.534456025 0.3071194484375 0.5241952875 0.3038488546875 0.5177734109375 0.29875632812499997 0.5189491140625 0.2986319046875 0.5261547906249999 0.299431778125 0.5451086640625 0.30767047187499996 0.5575605140625
0 0.1879472203125 0.60433934375 0.18939588125 0.6183587984375001 0.190444603125 0.622901315625 0.19254205 0.6319863515625 0.194115134375 0.638800128125 0.2030026140625 0.646317559375 0.216582684375 0.643182353125 0.2227239328125 0.64654916875 0.22454586875000002 0.638951590625 0.21553396249999998 0.6386398375 0.198683296875 0.6353531671875 0.1943639828125 0.6243887734375 0.192915321875 0.6103693203125 0.19199102343750002 0.5986211234375001 0.1892447921875 0.59447050625 0.18637413593750002 0.5975255671874999 0.1879472203125 0.60433934375
0 0.18230366874999998 0.57214981875 0.186747409375 0.575908534375 0.185174325 0.5690947578125 0.1796818625 0.560793525 0.1741894 0.5524922906249999 0.1709188046875 0.5460704140625 0.16477755624999998 0.5427035984375 0.166350640625 0.5495173765625 0.1701455953125 0.5582105109375 0.17733556718750002 0.56611984375 0.18230366874999998 0.57214981875
0 0.3638571234375 0.436934528125 0.3570670875 0.43850213125000004 0.3537964953125 0.4320802546875 0.347006459375 0.433647859375 0.34805518125 0.43819037656250004 0.3524989234375 0.4419490921875 0.3615108296875 0.442260846875 0.36320833750000003 0.441868946875 0.3638571234375 0.436934528125
0 0.342491621875 0.49928275781250003 0.3409185375 0.4924689796875 0.3369991578125 0.4909815234375 0.3330797796875 0.4894940640625 0.330733484375 0.494820384375 0.33165778281249997 0.5065685796875 0.3332308671875 0.51338235625 0.3342795890625 0.5179248734375 0.33937211562499997 0.516749171875 0.34066968750000004 0.506880334375 0.342491621875 0.49928275781250003
0 0.345513365625 0.5201159875 0.342642709375 0.5231710484375001 0.3409452 0.5235629484375 0.336377034375 0.527009909375 0.3396476296875 0.5334317859375 0.3435670078125 0.5349192421875 0.34538894062500003 0.5273216656249999 0.3494327453125 0.5216034453125 0.345513365625 0.5201159875
0 0.35787585312500003 0.6201315234375 0.36009772500000004 0.6220108828125 0.364017103125 0.6234983390625 0.373029009375 0.6238100953125 0.374975365625 0.6090068390625001 0.3732778578125 0.609398740625 0.3693584796875 0.60791128125 0.3659634625 0.6086950828125001 0.361395296875 0.6121420453125 0.35682713125 0.61558900625 0.35787585312500003 0.6201315234375
