0 0.176896459375 0.2731629140625 0.196000471875 0.2878819125 0.22389711562499998 0.302447434375 0.215893621875 0.27582720625 0.1968479765625 0.2644521828125 0.1740632484375 0.2548149171875 0.176896459375 0.2731629140625
0 0.3687257234375 0.3935791921875 0.368346321875 0.371843371875 0.3543250390625 0.36038064531249997 0.337820759375 0.35063375625000004 0.3355712421875 0.36572548125000004 0.35333160937499997 0.3754504453125 0.35607726875 0.38878248437499996 0.35511302499999997 0.4055242703125 0.3515198609375 0.41562196250000005 0.36656375625000004 0.41368687499999995 0.3687257234375 0.3935791921875
0 0.5424735843749999 0.48587865625 0.5119188390625 0.46299705312499995 0.47493771875 0.431865146875 0.44972836406249994 0.42728769062499994 0.41920280312499997 0.40607807500000004 0.397557425 0.389730940625 0.3940518171875 0.40484459062499994 0.40427564374999997 0.41470110781249997 0.442396115625 0.4391231453125 0.4957355921875 0.4716420109375 0.5873122765625001 0.5352708609375 0.5870204296875 0.5185509984375 0.5424735843749999 0.48587865625
0 0.6267472078125 0.56301494375 0.6433390390625 0.5777777921875 0.6558415703125 0.57421456875 0.645559375 0.56101408125 0.6314505359375 0.544535396875 0.615062996875 0.5414764515625 0.6267472078125 0.56301494375
0 0.6666782765625 0.6191827937500001 0.6791808078125 0.6156195703125 0.6626181609375 0.6025287078125 0.6511090578125 0.59102213125 0.6539714531249999 0.611042115625 0.6666782765625 0.6191827937500001
0 0.753990553125 0.6544536546875 0.73100153125 0.6331124859374999 0.7300081031250001 0.6481822859374999 0.7389466578125 0.6563887421875 0.753990553125 0.6544536546875
0 0.7795793078125001 0.6807669296875 0.765558025 0.669304203125 0.7633085078125 0.684395928125 0.7721595078125 0.6875864234375 0.7795793078125001 0.6807669296875
0 0.8588285703125 0.75799091875 0.8725871906249999 0.7544057703125 0.8547392687500001 0.739664846875 0.827981978125 0.7183894546875 0.8396661890624999 0.7399279484375 0.8588285703125 0.75799091875
0 0.751039453125 0.701335040625 0.762256709375 0.69612175625 0.7519745125 0.68292126875 0.7329872374999999 0.6748902140624999 0.7407864390625 0.6898065390625 0.751039453125 0.701335040625
0 0.449608171875 0.6363517296875 0.47624872500000004 0.650939178125 0.44677496093749997 0.618003734375 0.4111083 0.5901938734375001 0.41645369062500004 0.6084980203125 0.449608171875 0.6363517296875
0 0.2047324296875 0.4282191203125 0.17157795 0.400365409375 0.153846765625 0.39231243125000004 0.1744111609375 0.41871340625000003 0.24846095468749999 0.4859931796875 0.3311282703125 0.5430875609375 0.339774978125 0.534574153125 0.2824629421875 0.490417159375 0.24927927656249999 0.46089146249999996 0.2047324296875 0.4282191203125
0 0.374683990625 0.44699504687499997 0.3607210765625 0.4388762921875 0.3647228234375 0.45218640624999995 0.373778115625 0.46708080625 0.374683990625 0.44699504687499997
0 0.3050153453125 0.41476120625 0.29975750625 0.40147301874999997 0.2832824125 0.39339811406249997 0.3050153453125 0.41476120625
0 0.373192121875 0.5774757390625 0.3846136703125 0.5839663578125001 0.37424391875 0.5657499109375 0.3526569109375 0.5527467484375 0.3592000234375 0.5676849984375 0.373192121875 0.5774757390625
0 0.9390409249999999 0.8903904484374999 0.9066452453125 0.9060083765625 0.87690766875 0.9299423859375 0.8686111765625 0.9585196265624999 0.9029925625 0.984679425 0.9316199718749999 0.9691272718749999 0.9660025093750001 0.9233697421875 0.9390409249999999 0.8903904484374999
1 0.12478273749999999 0.310867465625 0.139358528125 0.35409792812499996 0.17604780312499999 0.3685099734375 0.1725141609375 0.310034309375 0.167549321875 0.2415486546875 0.1247850390625 0.167032809375 0.1072569984375 0.2426010609375 0.12478273749999999 0.310867465625
0 0.36980785625 0.31160802187500003 0.3625631609375 0.3284594328125 0.36676920156250004 0.35347344999999997 0.36980785625 0.31160802187500003
0 0.3804974875 0.42013364218750004 0.3849965234375 0.38995019218750004 0.37696384374999997 0.361657978125 0.3804974875 0.42013364218750004
0 0.34313466406250004 0.5111005734375 0.3306905015625 0.51800776875 0.3434556953125 0.5294924203125 0.34313466406250004 0.5111005734375
0 1 0.8171626171874999 0.9765496703125001 0.80778345 0.964543278125 0.8397704375 1 0.817765259375 1 0.8171626171874999
1 0.569379103125 0.37167932187499997 0.5888917 0.4098061265625 0.600781353125 0.37113119375000003 0.599935 0.322643596875 0.594210209375 0.28260363125 0.5670431812500001 0.3098377609375 0.569379103125 0.37167932187499997
1 0.6363581593750001 0.537759753125 0.5943526796875 0.506715546875 0.557429928125 0.47892761093749997 0.4938082546875 0.4332082546875 0.4405563328125 0.40570534843750006 0.452649128125 0.45065164687500003 0.49997081562499995 0.49832801406250005 0.5433199390625 0.534366253125 0.6146824453125 0.591657959375 0.6653346328125 0.6141887609375 0.6733684640625001 0.5705636453125 0.6363581593750001 0.537759753125
1 0.7229980375 0.6064922609375001 0.7068731578125 0.6184811890625 0.7187032921875 0.6483796125 0.7381283375 0.681490459375 0.7687998203124999 0.71106000625 0.8024515921875001 0.6954201515625 0.7714590765625 0.6474587578125 0.7229980375 0.6064922609375001
0 0.388280925 0.49032074843749995 0.3993657203125 0.5653114078125 0.3989279515625 0.5402316171875 0.3982858890625 0.503447921875 0.388851196875 0.4668177046875 0.388280925 0.49032074843749995
