0 0.0918849296875 0.4500054171875 0.093717340625 0.4546361484375 0.09897048124999999 0.45454445468750004 0.102472575 0.454483325 0.1058933046875 0.44976089999999996 0.1023912109375 0.4498220296875 0.0971380703125 0.44991372343749997 0.0918849296875 0.4500054171875
0 0.1692953859375 0.5698847984375 0.165711928125 0.565284634375 0.1603367421875 0.5583843859375001 0.1550022390625 0.5538147859375 0.1496677359375 0.5492451843749999 0.1442925515625 0.5423449359375 0.144414596875 0.5493368796875 0.1462063234375 0.5516369609375 0.15158150937499998 0.5585372093750001 0.15341391875 0.5631679390625 0.1587484234375 0.567737540625 0.16579329062499998 0.569945928125 0.1692953859375 0.5698847984375
0 0.22044535 0.389477453125 0.2222777609375 0.39410818281250004 0.2257798546875 0.394047053125 0.225698490625 0.389385759375 0.22044535 0.389477453125
0 0.26548265 0.46096340312499995 0.26715233125000004 0.45627154374999995 0.2653199234375 0.4516408140625 0.2617364671875 0.4470406484375 0.2581123265625 0.4401098359375 0.25640196249999997 0.442471046875 0.254732278125 0.44716290625 0.2566053703125 0.454124284375 0.25843777968750004 0.458755015625 0.2621026015625 0.46801647500000004 0.26035155312499997 0.46804703906249995 0.2568087796875 0.4657775203125 0.2568901421875 0.470438815625 0.2658081015625 0.47960858125000005 0.267518465625 0.4772473703125 0.267437103125 0.472586075 0.26560469375 0.4679553453125 0.267355740625 0.46792478125 0.2673150578125 0.46559413281250006 0.26548265 0.46096340312499995
0 0.1975190171875 0.38055220312500004 0.1976410609375 0.387544146875 0.2012245171875 0.3921443109375 0.2065183390625 0.3943832640625 0.2099797515625 0.3919914890625 0.20818802343749998 0.3896914046875 0.20289420156250002 0.387452453125 0.1975190171875 0.38055220312500004
0 0.16620184531249999 0.493004003125 0.164369434375 0.48837327343750003 0.1608673421875 0.48843440156250006 0.164328753125 0.48604262499999995 0.1659984375 0.48135076562499995 0.1642067078125 0.47905068437500004 0.15712115937499999 0.474511646875 0.15186801875 0.47460334218750005 0.15019833437500002 0.47929520156249994 0.150279696875 0.48395649531249996 0.153863153125 0.4885566609375 0.1574466109375 0.4931568265625 0.162821796875 0.5000570734374999 0.1662425265625 0.49533465000000004 0.16620184531249999 0.493004003125
0 0.1281263140625 0.5193135453125 0.1351711828125 0.521521934375 0.14571814375 0.52366919375 0.156224425 0.5234858046875 0.16318793125 0.5210329 0.1596044734375 0.516432734375 0.1595231109375 0.511771440625 0.1542699703125 0.511863134375 0.1490575125 0.514285475 0.14547405468750002 0.509685309375 0.1436823265625 0.5073852265625 0.136718821875 0.5098381328125 0.133135365625 0.5052379671875 0.13480504843750002 0.5005461078125 0.1329726390625 0.49591537812500003 0.1277601796875 0.4983377203125 0.1241767234375 0.49373755468749997 0.1188015375 0.48683730468749997 0.11867949375 0.47984536406249995 0.1202678140625 0.47049221093750004 0.11525876406249999 0.48456778749999996 0.11179734999999999 0.48695956406249996 0.1137111234375 0.4962515890625 0.1173352625 0.5031824015625 0.11916767187499999 0.5078131328125 0.1245835390625 0.517044028125 0.1281263140625 0.5193135453125
0 0.11322294531249999 0.4682838203125 0.1080511671875 0.47303680937500003 0.1044677109375 0.46843664374999994 0.10108766250000001 0.47548971562500003 0.10112834531249999 0.4778203625 0.10120970781250001 0.48248165781249996 0.106544209375 0.4870512578125 0.109964940625 0.48232883437499996 0.11334498906249998 0.4752757640625 0.11322294531249999 0.4682838203125
0 0.1443349703125 0.444427184375 0.1355797359375 0.4445800078125 0.13753419218750002 0.4562026796875 0.141036284375 0.45614155156249997 0.147999790625 0.45368864374999995 0.1550039765625 0.4535663859375 0.1548819328125 0.44657444375 0.1513391578125 0.44430492499999996 0.1443349703125 0.444427184375
0 0.16734440625 0.35776532968749997 0.16025885625 0.35322629375000003 0.15317330468749998 0.34868725624999997 0.1478388015625 0.34411765625 0.1425449796875 0.341878703125 0.1355001109375 0.33967031406250003 0.13012492656250002 0.3327700671875 0.13912425 0.346601128125 0.144418071875 0.3488400796875 0.151544303125 0.3557097640625 0.158670534375 0.362579446875 0.16571540468749998 0.36478783593749997 0.1709278625 0.3623654953125 0.16734440625 0.35776532968749997
0 0.10406263281250001 0.344881771875 0.10389990625000001 0.3355591828125 0.10548822656250001 0.326206028125 0.1071172296875 0.3191835234375 0.1087462296875 0.312161015625 0.1068731390625 0.30519963906249997 0.1033710453125 0.30526076875 0.0997875890625 0.300660603125 0.0944530859375 0.2960910015625 0.0874082171875 0.2938826125 0.08406885 0.30326633125 0.07897843593750001 0.3126806140625 0.080892209375 0.3219726390625 0.0862267125 0.326542240625 0.0916018984375 0.33344248906249996 0.0969770828125 0.34034273593750003 0.09889085625 0.3496347609375 0.1041846765625 0.35187371562499997 0.10406263281250001 0.344881771875
1 0.25603582812500003 0.421495221875 0.23087026875 0.3846327703125 0.204604565625 0.3850912390625 0.193160871875 0.43191813906250004 0.20480623750000002 0.496992875 0.22154375312500002 0.4524049296875 0.2498859546875 0.4705610734375 0.275173559375 0.51441546875 0.285273025 0.4909256078125 0.25603582812500003 0.421495221875
1 0.11550632812499999 0.29805487343750003 0.073440525 0.296457778125 0.058413371874999995 0.33868451093749996 0.071850465625 0.40605933125 0.08528756093749999 0.47343415 0.1120007578125 0.4986128015625 0.1145671765625 0.4449467828125 0.10817495156250001 0.379780353125 0.10389990625000001 0.3355591828125 0.11550632812499999 0.29805487343750003
1 0.19214035625 0.574148753125 0.1893315875 0.5135824875 0.1849344984375 0.4623693765625 0.18432427499999998 0.4274096671875 0.17996786874999998 0.378527203125 0.1179489625 0.3376453140625 0.116930184375 0.3796275296875 0.11029213125 0.40072561406249996 0.11835404062499999 0.4612001859375 0.12254772031250001 0.500760059375 0.1371256375 0.53314460625 0.1693360671875 0.572215446875 0.19214035625 0.574148753125
