1 0.6827747125 0.3700745609375 0.6307959390625 0.4469699140625 0.708998528125 0.49140700937500004 0.779767209375 0.5423674015625 0.8284681468749999 0.52872038125 0.8668083843750001 0.49343009374999997 0.859667053125 0.44700835000000005 0.815531696875 0.38749564687500004 0.7475727531249999 0.3719394125 0.6827747125 0.3700745609375
0 0.5492574328125001 0.7133573796875 0.5680470859375 0.701808878125 0.5371992234375 0.6921060125 0.49944426875000003 0.691208340625 0.5295312015625 0.71310449375 0.5492574328125001 0.7133573796875
0 0.6466594359375 0.7557654625 0.6373523703124999 0.7386859875 0.6229527765625 0.7227822171875 0.5900562359375 0.7351840265625 0.624591821875 0.760860171875 0.6466594359375 0.7557654625
0 0.6015291640625 0.7926233546875 0.6171579125 0.7673834703125 0.5878905015625 0.7645262953125 0.5574523984375 0.7643429171875 0.5761835875 0.791264275 0.6015291640625 0.7926233546875
0 0.6502301015625 0.778976334375 0.669956334375 0.7792292203125 0.69149713125 0.7718526125 0.682424178125 0.740297953125 0.6533324140625 0.7614354515625 0.6261722734374999 0.7677058640625 0.6502301015625 0.778976334375
0 0.7119842937499999 0.7599122109375 0.7281984515625 0.768186490625 0.7485685578125 0.76348368125 0.760568175 0.753502784375 0.745407653125 0.7497922984375001 0.7318275812499999 0.7529275046875 0.7119842937499999 0.7599122109375
0 0.6456645203125 0.8521360578125 0.6612348031249999 0.86536603125 0.6644541734375 0.84058755625 0.6471863796874999 0.8277494828125 0.6329624359375 0.8358403843750001 0.6456645203125 0.8521360578125
1 0.4780786109375 0.44377112656250006 0.4479332125 0.46034483125000003 0.478137203125 0.47500339374999995 0.509863053125 0.46527538125 0.4780786109375 0.44377112656250006
0 0.8013085140625 0.8137992875 0.8162933890625 0.7935151 0.79656715625 0.7932622125 0.769289959375 0.80677021875 0.784333425 0.8177182953125 0.8013085140625 0.8137992875
0 0.6034610390624999 0.9171605171874999 0.6180947437500001 0.9185891046875 0.656903334375 0.9240505703125 0.6350698328125 0.9146700953125 0.614407021875 0.902615825 0.5919296468749999 0.89819104375 0.6034610390624999 0.9171605171874999
0 0.80716184375 0.7307281734375 0.8267125546875 0.776688509375 0.9012857593750001 0.6969803437500001 0.9262800406249999 0.650350078125 0.9181436656249999 0.6305968046875 0.8837252624999999 0.6673851890625 0.8655210171875 0.7124478515625 0.8008400343750001 0.703345409375 0.80716184375 0.7307281734375
