1 0.3048914984375 0.51863120625 0.3131853765625 0.5218729296875 0.3181003703125 0.5361797390625 0.33005039375 0.5048918734375001 0.3370658171875 0.48486011093750003 0.34823308124999997 0.4600584828125 0.34331808750000004 0.4457516734375 0.3339936015625 0.4341163265625 0.3122135921875 0.436790575 0.2865491953125 0.433551640625 0.2650268390625 0.43832429531250006 0.26630529531249997 0.46159778281249997 0.269139465625 0.48468025 0.2686045546875 0.5060463484375 0.2776811921875 0.502801834375 0.2872829375 0.49097267968749997 0.294278753125 0.49650382656250003 0.301532221875 0.5041333796874999 0.3048914984375 0.51863120625
1 0.834261659375 0.5729150703125 0.8412770828125 0.5528833078125001 0.8334985078124999 0.553838396875 0.8236489140625001 0.550787690625 0.8158605359375001 0.5645242359375 0.80651644375 0.578451796875 0.7992433671875 0.596385153125 0.8062293796875 0.61469775625 0.8171095812500001 0.6261420875 0.836045615625 0.6131668265625 0.8337267484374999 0.5942811703124999 0.834261659375 0.5729150703125
0 0.7547801890625 0.42718110937500003 0.7470114171875 0.41535474375000003 0.7444054859375 0.43271504531250005 0.748270265625 0.46419113906250004 0.7617367890625 0.48383807812499996 0.7713091234375 0.5103532890625 0.7697632125 0.49776285 0.7596755749999999 0.4670508265625 0.751906803125 0.4552244609375 0.7552856875 0.4441593765625 0.7547801890625 0.42718110937500003
1 0.883695896875 0.34532094999999996 0.8930301875 0.34417484374999996 0.8865594781249999 0.3300590546875 0.8813770296874999 0.32643529375 0.8735984546875001 0.3273903828125 0.8748867140625001 0.33788241406249997 0.883695896875 0.34532094999999996
0 0.6161745015625 0.6359035203125 0.60736531875 0.6284649828125 0.5946717515625 0.615113265625 0.5959600109375 0.6256052953125 0.6016577625 0.6334258671875 0.6104669453125 0.6408644046874999 0.6161745015625 0.6359035203125
0 0.51980840625 0.532713525 0.523435140625 0.5365283015625 0.528102284375 0.5359552484375001 0.5319964734375 0.5290869765624999 0.5291525 0.5187859625 0.5203335140625 0.52412888125 0.51980840625 0.532713525
0 0.6986764125 0.5618723015625 0.71086448125 0.558245753125 0.7150163218750001 0.5534758875 0.726431434375 0.5435541203125 0.7285122562499999 0.534778459375 0.7331892046874999 0.52142395 0.7350123765625 0.5105498828125 0.731653096875 0.496052059375 0.7282742125 0.5071171421875 0.7254106296875 0.5223790390625 0.7204760296875 0.5336351421875001 0.716581840625 0.5405034140625 0.7139857140625 0.5450822625 0.707237746875 0.5544309765625 0.7025706031250001 0.5550040296875001 0.69116529375 0.5521443421875001 0.69012488125 0.556532171875 0.6986764125 0.5618723015625
0 0.8199731625 0.6108801921875 0.8207559218749999 0.6043939546875 0.8344899015625 0.61335784375 0.8290498 0.6076356781250001 0.8288019515625 0.592755815625 0.8277713453125 0.584362190625 0.8350444203125 0.566428834375 0.8379080015625 0.5511669375 0.8316851406250001 0.551931009375 0.8210527875 0.5553665390625 0.8140471687499999 0.562616846875 0.8150777765624999 0.571010471875 0.8093702203124999 0.5759713546875 0.8034050125000001 0.5788338328125 0.7995108234375 0.5857021046875001 0.8007990828124999 0.5961941359375 0.8036430578125 0.60649515 0.8103714171874999 0.6227093453125 0.814780909375 0.6200378875 0.8199731625 0.6108801921875
0 0.774619384375 0.5887583890625 0.7126484359374999 0.59849750625 0.7331303828125 0.5981126828125001 0.7642446828125 0.5942923265625 0.774619384375 0.5887583890625
0 0.528102284375 0.5359552484375001 0.5325215812499999 0.5205023343749999 0.5304505625 0.5164965406250001 0.5229198359375 0.5323314890625 0.528102284375 0.5359552484375001
0 0.934055659375 0.60113270625 0.92133268125 0.6261253531250001 0.9257421734375001 0.6234538921875 0.93898045625 0.6026580578125 0.934055659375 0.60113270625
0 0.7388477421874999 0.5803703437500001 0.7401360015625 0.590862375 0.7450608 0.5923877265625 0.7344578578125 0.5574788921875 0.7284926484375001 0.5603413703125 0.7357461171875 0.5679709234375 0.7388477421874999 0.5803703437500001
