0 0.353427484375 0.6216007859375 0.3594466140625 0.6080206109375 0.358463478125 0.5955172046875 0.3528813484375 0.586489196875 0.345595059375 0.5895869203124999 0.345158059375 0.612195103125 0.353427484375 0.6216007859375
1 0.8625718687499999 0.4891299765625 0.8463935328125001 0.4580040421875 0.8242725546875 0.4301646703125 0.7982516890625 0.420325059375 0.7716627703125 0.41452735625 0.7447898234375 0.4107506109375 0.721172225 0.403309628125 0.7062172125 0.46097314375 0.7344118890625 0.5040922265625001 0.7508742500000001 0.5331972046875 0.7650863171875 0.5393163249999999 0.7996060671875 0.5276807781249999 0.8265555000000001 0.5211639124999999 0.8486983968749999 0.509849784375 0.8625718687499999 0.4891299765625
0 0.3490472171875 0.4870284609375 0.32847742812499997 0.467650584375 0.304160721875 0.44568524062500003 0.28090363749999997 0.425929690625 0.2605413859375 0.414824471875 0.2562044984375 0.4554324140625 0.2644739234375 0.464838096875 0.2784019640625 0.472978171875 0.3003154015625 0.492544884375 0.331557884375 0.5237270734374999 0.3568796421875 0.519042325 0.3490472171875 0.4870284609375
0 0.23033660625 0.42500557499999997 0.2415008640625 0.443061590625 0.24757456093750002 0.4583413015625 0.2550683921875 0.4635162359375 0.256357471875 0.43484518593750005 0.255450825 0.4120481671875 0.2288619046875 0.406250465625 0.23033660625 0.42500557499999997
0 0.23347163124999998 0.50994195 0.24153351406249998 0.5110749734375 0.24034284062500003 0.490298909375 0.23582032968750002 0.48348069374999997 0.2285340390625 0.4865784171875 0.22788950156249999 0.50091394375 0.23347163124999998 0.50994195
1 0.3548914546875 0.5331890125000001 0.3576771546875 0.4841195734375 0.3291219671875 0.45331505937500005 0.305373315625 0.42730780625 0.2633051671875 0.4049085328125 0.255122959375 0.4923761203125 0.256728715625 0.5296975015625 0.2748952375 0.546676746875 0.2994959703125 0.5666211359375 0.3182305453125 0.579558471875 0.3248942140625 0.5516427734375 0.3548914546875 0.5331890125000001
1 0.2292550671875 0.46194928125 0.219128509375 0.48525655624999997 0.22520220625 0.50053626875 0.23990583906250001 0.5129070921875 0.25277425937500003 0.5188373765625001 0.251299559375 0.5000822671875 0.25173655781250004 0.477474084375 0.24163191875 0.4616278625 0.2292550671875 0.46194928125
1 0.4191025 0.5442741578125 0.42201925312500005 0.513770990625 0.4246519796875 0.48528878124999997 0.40498883750000003 0.4887079234375 0.39966881718749997 0.5168124609375 0.3901648796875 0.5649377125 0.3836322640625 0.6114196828125 0.387018665625 0.62632171875 0.3967847125 0.6153290109375 0.4091834828125 0.5758540921875 0.4191025 0.5442741578125
0 0.41558504375 0.51080585 0.412690209375 0.5021555171875 0.40731561875000005 0.5014001671874999 0.40928188906249996 0.52640698125 0.4023341921875 0.556343634375 0.3954629828125 0.575986675 0.39595455 0.582238378125 0.40522902656250004 0.5649939671875 0.41315985624999996 0.54756071875 0.41494050312499997 0.5251413734375 0.41558504375 0.51080585
1 0.5652648421875 0.7131987625 0.5997081046875 0.7118568296875 0.6282087234375 0.7138014578125 0.6457526265625 0.705962728125 0.659779071875 0.66465569375 0.6641159578125 0.6240477515625 0.6587632890624999 0.5841389015625 0.6589927484375 0.5532580625 0.6596372875000001 0.5389225390625 0.6452176796875 0.5245307593749999 0.604209153125 0.504341278125 0.5812360937500001 0.482564771875 0.5600982515624999 0.46722880624999996 0.5398670546875 0.474689859375 0.5222466671875 0.49282220312499997 0.5104159484374999 0.5282552109374999 0.4942702625 0.5651426609375 0.4963130171875 0.5798558609375 0.5055655765625 0.6017649484375001 0.51580126875 0.6361774421875 0.5292923093749999 0.6669257 0.5344374390625 0.698561890625 0.5426303765625 0.7182611859375 0.5652648421875 0.7131987625
