0 0.5363408515625 0.6923076921875 0.520050125 0.6989966562500001 0.517543859375 0.707357859375 0.5325814531249999 0.7090301 0.551378446875 0.7023411375 0.5576441109375 0.68060200625 0.5463659140625 0.6839464890625 0.5363408515625 0.6923076921875
0 0.517543859375 0.6605351171875 0.4899749375 0.67391304375 0.467418546875 0.6839464890625 0.45112782031250004 0.6923076921875 0.4586466171875 0.6939799328125 0.47869674218749997 0.6872909703125 0.502506265625 0.67391304375 0.5288220546875 0.6672240796875 0.5463659140625 0.6622073578125 0.5626566421875 0.653846153125 0.5639097750000001 0.643812709375 0.5413533828125 0.6521739125 0.517543859375 0.6605351171875
0 0.5488721796875 0.618729096875 0.53508771875 0.62374581875 0.520050125 0.6337792640625 0.5263157890625 0.6354515046875 0.5501253140625 0.6287625421875 0.5726817046875 0.6254180609375 0.5739348375 0.612040134375 0.5626566421875 0.612040134375 0.5488721796875 0.618729096875
0 0.740601503125 0.3678929765625 0.725563909375 0.37625418125 0.715538846875 0.38628762499999997 0.7092731828125001 0.3913043484375 0.7092731828125001 0.406354515625 0.715538846875 0.416387959375 0.725563909375 0.409698996875 0.7305764406249999 0.3996655515625 0.7343358390625 0.38963210625 0.7506265671875 0.377926421875 0.7656641609375 0.3695652171875 0.789473684375 0.35785953125000003 0.799498746875 0.34949832812500004 0.8020050124999999 0.3361204015625 0.7832080203125 0.3428093640625 0.76691729375 0.35117056875 0.7531328328125 0.359531771875 0.740601503125 0.3678929765625
0 0.7393483703125 0.42809364531250005 0.7481203 0.4230769234375 0.7556390984375 0.42140468281250004 0.7819548875 0.41806020000000005 0.799498746875 0.409698996875 0.814536340625 0.404682275 0.8182957390625001 0.3963210703125 0.8082706765625 0.3979933109375 0.7882205515625 0.404682275 0.7756892234375 0.41137123750000004 0.7568922312499999 0.409698996875 0.7393483703125 0.41471571875 0.705513784375 0.4314381265625 0.7117794484375 0.44648829375 0.7393483703125 0.42809364531250005
0 0.7819548875 0.5484949828125 0.7631578953125 0.5685618734375 0.7443609015625 0.5886287625 0.745614034375 0.5969899671875 0.7619047625 0.5819398 0.7882205515625 0.551839465625 0.8032581453125 0.5367892984375 0.8220551374999999 0.5117056859375 0.8358395984375001 0.5 0.839598996875 0.4866220734375 0.8220551374999999 0.49665551875 0.8107769421875 0.5133779265625 0.79699248125 0.52842809375 0.7819548875 0.5484949828125
0 0.7694235593750001 0.48160535156249995 0.759398496875 0.494983278125 0.771929825 0.4866220734375 0.7907268171874999 0.47157190625 0.79197995 0.46488294375 0.7819548875 0.468227425 0.7694235593750001 0.48160535156249995
0 0.7694235593750001 0.4498327765625 0.7619047625 0.45317725781249996 0.7481203 0.4615384609375 0.7343358390625 0.46488294375 0.7192982453125001 0.468227425 0.710526315625 0.4899665546875 0.7042606515625 0.49832775937499996 0.6967418546874999 0.5117056859375 0.685463659375 0.5133779265625 0.6779448625 0.5083612046875 0.6716791984375 0.5083612046875 0.6591478703125 0.5117056859375 0.6491228062500001 0.526755853125 0.6604010031249999 0.531772575 0.67293233125 0.5401337796875 0.68295739375 0.551839465625 0.69298245625 0.5685618734375 0.700501253125 0.5702341140625 0.7042606515625 0.55351170625 0.710526315625 0.5418060203125 0.7180451125 0.5351170562500001 0.7268170421875 0.523411371875 0.725563909375 0.5117056859375 0.7192982453125001 0.505016721875 0.7268170421875 0.49832775937499996 0.7380952375 0.4916387953125 0.7531328328125 0.4832775921875 0.76691729375 0.469899665625 0.78696741875 0.4598662203125 0.8032581453125 0.44314381249999996 0.7882205515625 0.44648829375 0.7706766921875 0.4598662203125 0.7694235593750001 0.4498327765625
0 0.6679198000000001 0.47324414687500005 0.6654135343750001 0.48829431406249996 0.6566416046875 0.4916387953125 0.6491228062500001 0.50334448125 0.6591478703125 0.50334448125 0.67293233125 0.4916387953125 0.6791979953125 0.47324414687500005 0.67293233125 0.46321070156250005 0.6641604015625 0.4515050171875 0.650375940625 0.4498327765625 0.6365914781249999 0.4581939796875 0.6516290734375 0.46321070156250005 0.66290726875 0.46655518437500004 0.6679198000000001 0.47324414687500005
0 0.5877192984375 0.5752508359374999 0.5902255640625 0.5685618734375 0.5827067671874999 0.5719063546875 0.576441103125 0.5752508359374999 0.5714285718750001 0.5785953171875 0.5714285718750001 0.58528428125 0.5751879703125 0.5886287625 0.57894736875 0.5886287625 0.5802005015625 0.5802675578125001 0.5877192984375 0.5752508359374999
1 0.6253132828125 0.5351170562500001 0.6365914781249999 0.531772575 0.644110275 0.5200668890625 0.6516290734375 0.5083612046875 0.6491228062500001 0.49832775937499996 0.6403508765625 0.49832775937499996 0.62907268125 0.501672240625 0.6203007515625 0.5083612046875 0.6165413531249999 0.5150501671875001 0.611528821875 0.5250836125 0.6102756890625 0.533444815625 0.611528821875 0.5401337796875 0.6177944859375 0.5384615390625 0.6253132828125 0.5351170562500001
1 0.6817042609375 0.5484949828125 0.6867167921874999 0.551839465625 0.6867167921874999 0.5418060203125 0.6867167921874999 0.5351170562500001 0.687969925 0.52842809375 0.6892230578125 0.5200668890625 0.6892230578125 0.5100334453125 0.6867167921874999 0.50334448125 0.6791979953125 0.50334448125 0.6754385968750001 0.5066889625 0.6716791984375 0.5133779265625 0.6641604015625 0.5117056859375 0.6578947375 0.5150501671875001 0.6528822062499999 0.5250836125 0.6654135343750001 0.531772575 0.6741854640625 0.5401337796875 0.6817042609375 0.5484949828125
1 0.5977443609375 0.55351170625 0.5902255640625 0.555183946875 0.5839599 0.561872909375 0.576441103125 0.5685618734375 0.576441103125 0.5769230765625 0.57894736875 0.5886287625 0.5827067671874999 0.5986622078125 0.591478696875 0.5802675578125001 0.601503759375 0.5685618734375 0.6127819546875 0.555183946875 0.6203007515625 0.5484949828125 0.62907268125 0.5418060203125 0.621553884375 0.5401337796875 0.6127819546875 0.5418060203125 0.606516290625 0.5434782609375 0.5977443609375 0.55351170625
1 0.5814536343750001 0.6003344484375 0.5927318296874999 0.5785953171875 0.6052631578125001 0.56354515 0.6203007515625 0.5484949828125 0.6328320796875 0.5384615390625 0.6453634078125 0.5301003343749999 0.6604010031249999 0.531772575 0.67293233125 0.5401337796875 0.685463659375 0.55351170625 0.6967418546874999 0.5719063546875 0.6992481203125 0.5819398 0.7092731828125001 0.56354515 0.705513784375 0.52842809375 0.690476190625 0.4866220734375 0.6691729328125 0.46655518437500004 0.6616541359375 0.4615384609375 0.650375940625 0.4581939796875 0.6428571421875 0.4581939796875 0.6353383453125 0.4598662203125 0.6203007515625 0.46655518437500004 0.6077694234375 0.469899665625 0.591478696875 0.4782608703125 0.5802005015625 0.48829431406249996 0.5701754390625 0.49832775937499996 0.5626566421875 0.5117056859375 0.5526315796875 0.531772575 0.547619046875 0.5434782609375 0.5375939843750001 0.558528428125 0.5325814531249999 0.5602006687500001 0.5288220546875 0.5702341140625 0.52506265625 0.5785953171875 0.5137844609375 0.5886287625 0.4987468671875 0.6003344484375 0.4887218046875 0.615384615625 0.47994987499999997 0.6304347828125 0.48496240625000003 0.643812709375 0.5 0.6505016718750001 0.51503759375 0.6638795984375 0.527568921875 0.6688963203125 0.5438596484375 0.67391304375 0.5563909781249999 0.677257525 0.5639097750000001 0.64882943125 0.5714285718750001 0.6270903015625 0.5814536343750001 0.6003344484375
0 0.794486215625 0.384615384375 0.8045112781249999 0.377926421875 0.78696741875 0.38294314375 0.7656641609375 0.38963210625 0.7556390984375 0.3913043484375 0.7694235593750001 0.38294314375 0.7807017546874999 0.377926421875 0.789473684375 0.3712374578125 0.784461153125 0.3695652171875 0.7706766921875 0.377926421875 0.7606516296875 0.381270903125 0.7531328328125 0.384615384375 0.7443609015625 0.387959865625 0.735588971875 0.38963210625 0.7268170421875 0.406354515625 0.7418546359375 0.4013377921875 0.759398496875 0.3996655515625 0.7781954890625 0.3929765890625 0.794486215625 0.384615384375
