1 0.24528301875 0.4290484140625 0.276729559375 0.4307178625 0.295597484375 0.44240400625 0.33081760937500004 0.4457429046875 0.35974842812499996 0.449081803125 0.3924528296875 0.45575960000000004 0.42138364843750004 0.45409015 0.4440251578125 0.44407345625000005 0.45408805 0.42404006718750004 0.46666666718750005 0.4056761265625 0.476729559375 0.390651084375 0.48176100625 0.36227045 0.46666666718750005 0.3439065109375 0.44654088124999997 0.35225375625 0.41006289375 0.3539232046875 0.381132075 0.36227045 0.350943396875 0.3639399 0.3245283015625 0.3656093484375 0.2968553453125 0.3639399 0.27169811250000003 0.3672787984375 0.2377358484375 0.368948246875 0.218867925 0.3639399 0.194968553125 0.37228714531249996 0.2025157234375 0.40066777968749995 0.22389937031249998 0.4173622703125 0.24528301875 0.4290484140625
1 0.5798742140625001 0.4457429046875 0.59119496875 0.4457429046875 0.613836478125 0.4307178625 0.62767295625 0.41903172031249997 0.6389937109375 0.4073455765625 0.6440251578125 0.3889816359375 0.6427672953125 0.370617696875 0.6364779875 0.34724540937500004 0.612578615625 0.3372287140625 0.5823899375 0.3372287140625 0.5610062890624999 0.3489148578125 0.54591195 0.36060100156249997 0.5295597484375001 0.390651084375 0.5333333328125 0.41235392343750005 0.558490565625 0.4340567609375 0.5798742140625001 0.4457429046875
0 0.3924528296875 0.8931552593750001 0.41132075468749996 0.8931552593750001 0.431446540625 0.8948247078125 0.42767295625 0.8864774625 0.40628930781249994 0.8848080140624999 0.39119496875 0.8848080140624999 0.37232704375000003 0.8831385640624999 0.3572327046875 0.879799665625 0.34213836406250003 0.879799665625 0.3333333328125 0.87479131875 0.332075471875 0.8864774625 0.34465408750000004 0.8898163609375 0.3748427671875 0.8931552593750001 0.3924528296875 0.8931552593750001
0 0.24528301875 0.863105175 0.24402515781249998 0.8781302171875 0.25408805 0.8614357265624999 0.24905660312500003 0.8547579296875 0.24528301875 0.863105175
0 0.714465409375 0.8414023374999999 0.722012578125 0.8397328875 0.7207547171875001 0.8313856421875 0.714465409375 0.8414023374999999
0 0.714465409375 0.8714524203125 0.714465409375 0.879799665625 0.7207547171875001 0.881469115625 0.7207547171875001 0.8714524203125 0.714465409375 0.8714524203125
0 0.7622641515625 0.8280467453125 0.7559748421875 0.8213689484375 0.7522012578124999 0.8313856421875 0.7572327046875 0.836393990625 0.7622641515625 0.836393990625 0.7622641515625 0.8280467453125
0 0.7660377359375 0.8614357265624999 0.7572327046875 0.8697829718750001 0.7635220125 0.87479131875 0.7698113203125 0.8714524203125 0.7660377359375 0.8614357265624999
0 0.1383647796875 0.7963272124999999 0.13584905625000002 0.8013355593749999 0.13584905625000002 0.811352253125 0.140880503125 0.811352253125 0.140880503125 0.8030050078125001 0.1383647796875 0.7963272124999999
0 0.20880503125 0.8213689484375 0.20754717031249997 0.8280467453125 0.20754717031249997 0.8380634390624999 0.21006289374999998 0.834724540625 0.2113207546875 0.82971619375 0.20880503125 0.8213689484375
1 0.5987421390625001 0.1569282140625 0.6578616359375 0.1385642734375 0.6364779875 0.11519198593749999 0.514465409375 0.11018363906249999 0.40754717031250004 0.11853088437499999 0.3635220125 0.120200334375 0.34213836406250003 0.11018363906249999 0.3081761 0.12520868125 0.27169811250000003 0.1285475796875 0.2515723265625 0.1519198671875 0.2477987421875 0.176961603125 0.2805031453125 0.1803005015625 0.368553459375 0.18864774687500002 0.43773584843749996 0.1836393984375 0.5396226421875 0.17362270468750002 0.5987421390625001 0.1569282140625
