1 0.5192952578125001 0.383428084375 0.5348096796874999 0.37337799375 0.59756948125 0.350264346875 0.5775722578125 0.32685175625 0.542411665625 0.3220326109375 0.5154201078125 0.3174835984375 0.4709022515625 0.321293053125 0.43514754375000003 0.3209232734375 0.39738096093749997 0.318861871875 0.372401278125 0.3160044796875 0.34635489218750004 0.315549459375 0.3336759875 0.337881525 0.307035484375 0.3418758671875 0.26606879375000003 0.347021571875 0.22545315625 0.3607106328125 0.258952928125 0.3723815109375 0.29505869218749997 0.381294646875 0.318499084375 0.384507409375 0.3659739890625 0.38648357031249997 0.4117880734375 0.39531146562499997 0.45772368906249994 0.397643 0.49797473437499995 0.4034430203125 0.5209425421875 0.40460878906250003 0.5192952578125001 0.383428084375
1 0.6916147234375 0.2660253609375 0.7051172718750001 0.2542836484375 0.6679448046875 0.24777288125000002 0.6418984187500001 0.247317859375 0.61431274375 0.2472182109375 0.617040265625 0.237964109375 0.5757225187499999 0.23456645625 0.5561843453125 0.24123329999999998 0.54434261875 0.2461232796875 0.5218473968749999 0.2470045078125 0.5150961234375 0.252875365625 0.509762609375 0.264887209375 0.5156767046875 0.2764584390625 0.531420653125 0.281448065625 0.5477587171875 0.2819883296875 0.5677694765625 0.27736848125 0.5891979953125001 0.27888962031250003 0.6167836703125 0.2789892703125 0.6341884375 0.27712716249999997 0.6526599078124999 0.2728626875 0.673143253125 0.2702898359375 0.6916147234375 0.2660253609375
1 0.666810134375 0.6361330328125 0.6808932624999999 0.64797439375 0.6955705078125 0.655366390625 0.7143930328125 0.659645271875 0.7339312062500001 0.6529784281250001 0.7428158875 0.6423028328125 0.7308661640625 0.6256567359375 0.71666150625 0.620311734375 0.6952329875000001 0.61879059375 0.6787733921875 0.6247466921875 0.666810134375 0.6361330328125
1 0.4648257296875 0.6461110890625 0.46412361718749995 0.629024375 0.46188221562500004 0.612293034375 0.46307045 0.60339430625 0.4539562453125 0.5990301812500001 0.4457872140625 0.5987600515625 0.4415204015625 0.6083695265625 0.4332298375 0.6145957546874999 0.42672162656249996 0.607473890625 0.42234681875 0.5955472875 0.41643272187499997 0.5839760578125001 0.414542378125 0.5757880734375 0.41537955625 0.5583459890625 0.4131381546875 0.541614646875 0.3983393796875 0.5407190125 0.3838916609375 0.5483667328124999 0.3668379484375 0.558772196875 0.3798543734375 0.573015925 0.3939375015625 0.5848572875 0.4094383890625 0.6028396359375 0.42529033125 0.6293653406249999 0.44315414999999997 0.6575826703125001 0.453091996875 0.6725371453125 0.45924915312500003 0.6711156546875 0.4619766765625 0.6618615515624999 0.4648257296875 0.6461110890625
0 0.8416949875 0.6000698859375 0.8517543640625 0.608528 0.8450166265625001 0.5863664187500001 0.8383868828125 0.5857409140625001 0.8416949875 0.6000698859375
0 0.6379011593749999 0.6794609140625 0.6420464406249999 0.6763477984375 0.63590281875 0.64973685 0.6317575390625 0.652849965625 0.6379011593749999 0.6794609140625
0 0.621671090625 0.700456728125 0.6287734203124999 0.703129228125 0.63328329375 0.68052703125 0.6277202515625 0.6774991578125 0.621671090625 0.700456728125
0 0.7898182046875 0.6422319984375 0.794436071875 0.6411658796874999 0.794085015625 0.6326225234375 0.7879278609375 0.634044015625 0.7898182046875 0.6422319984375
0 0.7931263093750001 0.6565609703125 0.7977441765625 0.6554948515625 0.79585383125 0.64730686875 0.7912359640625 0.6483729874999999 0.7931263093750001 0.6565609703125
0 0.325332171875 0.387134534375 0.325601415625 0.387179909375 0.340170665625 0.373035828125 0.3301112859375 0.3645777140625 0.325332171875 0.387134534375
0 0.325332171875 0.387134534375 0.2986098546875 0.38263089687499996 0.28900952812499997 0.404252215625 0.3200248375 0.4121844765625 0.325332171875 0.387134534375
