0 0.45836260937500006 0.5672733078125 0.425331140625 0.575315171875 0.39178495625 0.54460741875 0.34301403750000004 0.5436054453125 0.3199195734375 0.5687893078124999 0.335570434375 0.6188343359374999 0.3364311 0.63595756875 0.388475915625 0.6450764734375001 0.399504221875 0.6649241171875 0.4408934078125 0.6663613921875 0.4599953484375 0.6425209671875 0.51112605 0.56693184375 0.45836260937500006 0.5672733078125
0 0.6806570078124999 0.39516671875 0.6580238140625 0.3915154046875 0.625595653125 0.3973056921875 0.6085342703125 0.3999738015625 0.5948621000000001 0.40355004843750003 0.60890694375 0.41213981562499996 0.6413351046875 0.40634952812499997 0.6583964875 0.4036814171875 0.6781284609375 0.411381815625 0.705730159375 0.42360413125 0.7128545374999999 0.4037940203125 0.6968844515625 0.4091677734375 0.689618034375 0.40239428125 0.6806570078124999 0.39516671875
0 0.492431928125 0.4943522953125 0.47295731406249997 0.5060267046875 0.443918365625 0.5127251296875001 0.4636503390625 0.520425528125 0.48240632968749997 0.5182114859375 0.5131398828125 0.5119671296875 0.529713275 0.5043418015625 0.530059225 0.4827154171875 0.5085173296875001 0.48176974531249994 0.492431928125 0.4943522953125
0 0.49967162187499997 0.467333390625 0.52977514375 0.4295482125 0.5454878703125 0.4047996515625 0.5132017515625 0.437173540625 0.49809233124999996 0.4596705265625 0.49967162187499997 0.467333390625
0 0.552266296875 0.406615925 0.5377601859375 0.42686133593750003 0.5301478171875 0.44171422656250003 0.5104425703125 0.467806225 0.5269006453125 0.467389690625 0.5524083375 0.43319952656250005 0.566683815625 0.4273717046875 0.5758754749999999 0.42018167812499996 0.552266296875 0.406615925
0 0.554360303125 0.4530284046875 0.5348856875 0.4647028140625 0.5490458484375 0.4660837875 0.570587746875 0.46702945937499996 0.5792914140625001 0.4548822125 0.5772241328125001 0.44226213124999997 0.5687510984374999 0.43999178906249997 0.554360303125 0.4530284046875
0 0.5941701984375001 0.446802815625 0.57796948125 0.4665941578125 0.6035038984375001 0.46619639062499996 0.6234665046875 0.4594791984375 0.6444050921875 0.4626764453125 0.6721221078124999 0.4676899671875 0.681313765625 0.46049993906250003 0.6502075359374999 0.45457828125 0.5941701984375001 0.446802815625
0 0.62576441875 0.45768169218750004 0.6062898031249999 0.46935610156249996 0.6317089046875 0.47616712968749997 0.6562673390625 0.46585492500000003 0.62576441875 0.45768169218750004
0 0.6349828 0.4842840625 0.6364467734375 0.4991557203125 0.6670650124999999 0.5001201578125001 0.679991834375 0.47221188437499995 0.6635337578125 0.47262841875 0.6349828 0.4842840625
0 0.611773021875 0.5166767203125 0.624495934375 0.53697843125 0.634663575 0.5397028421875001 0.6510063359375 0.5464951046875 0.6583613453125 0.5122674046875 0.6339182265625001 0.515370815625 0.611773021875 0.5166767203125
0 0.6872849765625 0.512777775 0.6905588734375 0.52089470625 0.689866971875 0.5641474734374999 0.712588759375 0.5267975953125 0.7234483 0.48626923906249997 0.7025097125 0.48307199375 0.6872849765625 0.512777775
0 0.8400920812500001 0.46443276093749997 0.8201294750000001 0.471149953125 0.7962896640625 0.4720017890625 0.7542971703125 0.47281608906250006 0.7326399578125 0.47907921406250004 0.7472881109375 0.48541740468750005 0.802952775 0.48102685625 0.8568075140625 0.48339103593750005 0.8724049265625 0.46585126718750003 0.8680397296875 0.45502869218750003 0.8549708671875 0.4563533640625 0.8400920812500001 0.46443276093749997
0 0.7268375140625001 0.4871773765625 0.72140774375 0.50744155625 0.7640035453125 0.5043756796875 0.837820890625 0.500022665625 0.8437386515625 0.48471570625 0.8097312015625 0.48284313125 0.7620515796875 0.4845468015625 0.7268375140625001 0.4871773765625
0 0.7894226453125001 0.51118670625 0.7485214499999999 0.5147066515625001 0.7143986828125 0.5200428703125 0.7193671859374999 0.5286138703125001 0.7381231765625 0.5263998296875 0.7705513390625 0.5206095421875 0.8256126937499999 0.51847056875 0.837820890625 0.500022665625 0.8224541140625 0.50314484375 0.7894226453125001 0.51118670625
0 0.7739405515625 0.5215176796875001 0.7364285703125 0.5259457609375 0.7113821437500001 0.5313007468750001 0.707762296875 0.5448101984375 0.736685928125 0.54532056875 0.75894645 0.5368058718750001 0.821992846875 0.5319800203125 0.8256126937499999 0.51847056875 0.8074600109375 0.518433034375 0.7739405515625 0.5215176796875001
0 0.7372892359375001 0.5430689937500001 0.7054643828125 0.54660770625 0.6944628015625 0.560552459375 0.7052337484375 0.5610252953125 0.7302801750000001 0.5556703078125 0.7723879859375 0.5476472125 0.7969464203125 0.5373350078125 0.7720153109375001 0.5354812 0.7372892359375001 0.5430689937500001
0 0.6828579125 0.5767487890624999 0.7129881578124999 0.5727560078125 0.7448130125 0.5692172953125 0.7546079781249999 0.55977569375 0.737661909375 0.5552350078125 0.6989433140625 0.564166240625 0.6828579125 0.5767487890624999
0 0.7500121484375 0.56337070625 0.73682796875 0.571904171875 0.743606396875 0.573720446875 0.7601797890624999 0.5660951187500001 0.7500121484375 0.56337070625
0 0.670649715625 0.59519669375 0.6883144062500001 0.5902770078125 0.7313981984375 0.59216835 0.7367126515625 0.5791129671874999 0.7162620546875 0.5808729390625 0.683345903125 0.5817060078125 0.670649715625 0.59519669375
0 0.695696140625 0.58984170625 0.6665418765625 0.6037489265625 0.6840912515625 0.6060380359375 0.7330928046875 0.59262241875 0.695696140625 0.58984170625
0 0.698854721875 0.6051674328125001 0.6629220296875 0.6172583781250001 0.7299609499999999 0.6110890906249999 0.7341841046875001 0.5953280624999999 0.698854721875 0.6051674328125001
0 0.62328931875 0.5414815828124999 0.6201574640625 0.559948253125 0.619323521875 0.5766174187499999 0.625871315625 0.5928512828125 0.6400314781249999 0.5942322546875001 0.649338453125 0.5798334328125 0.6554868468749999 0.5501088843749999 0.62328931875 0.5414815828124999
0 0.6000260921875 0.5062894453125 0.5875605375 0.5053625421875 0.6103357734375 0.535597459375 0.616253534375 0.5202905 0.6000260921875 0.5062894453125
