1 0.332725059375 0.366973478125 0.272117578125 0.34316517343749997 0.25782370625 0.40700431249999997 0.2532271265625 0.431949740625 0.26237964375 0.46684607656250005 0.315356378125 0.46918320781249995 0.34385658124999996 0.52412349375 0.3943220421875 0.451908621875 0.3846653953125 0.4060151421875 0.332725059375 0.366973478125
1 0.191664534375 0.27527158906250004 0.163659084375 0.25089472343749997 0.13766703125 0.2770285328125 0.1722949640625 0.30088227968750003 0.191664534375 0.27527158906250004
1 0.28334289375 0.30465244375 0.258891371875 0.305078865625 0.24971384375 0.32235926406250004 0.24818269218750003 0.328500375 0.2512293625 0.34882860937500004 0.25275426093750003 0.35573167968749997 0.25274175468750004 0.38182004687500004 0.2818023625 0.33035983125 0.28334289375 0.30465244375
1 0.11881722343750001 0.281025909375 0.1397023140625 0.2818845671875 0.13766703125 0.2770285328125 0.14327499999999999 0.2675553046875 0.14073558749999998 0.251702125 0.12290342031249998 0.25812751875 0.11881722343750001 0.281025909375
1 0.11423627656249999 0.2733608796875 0.127490621875 0.25274836562499997 0.13565050781250002 0.23303995 0.1280135109375 0.2246129609375 0.11118335312500001 0.2660768296875 0.11423627656249999 0.2733608796875
0 0.3393631734375 0.33383989999999997 0.3480209390625 0.3381728140625 0.3393694265625 0.3207957171875 0.3393631734375 0.33383989999999997
0 0.359722246875 0.3693560515625 0.366858240625 0.360263803125 0.351067609375 0.358501046875 0.359722246875 0.3693560515625
1 0.2471462921875 0.36520490781250003 0.247659803125 0.35663577968750004 0.245123515625 0.3342605078125 0.23085778281249997 0.3394008234375 0.2257601984375 0.3468270140625 0.22166774843749998 0.38276958906249997 0.222168753125 0.40028882499999996 0.23082651875 0.4046217375 0.23999779375000002 0.400385521875 0.2445881203125 0.388484278125 0.24917844687500001 0.3765830328125 0.2471462921875 0.36520490781250003
1 0.281846134375 0.2390505484375 0.2848959296875 0.252856690625 0.2945744625 0.25309552968750004 0.29561398906249997 0.20986890468750002 0.28694684531250003 0.225102265625 0.281846134375 0.2390505484375
1 0.304732115625 0.316508246875 0.30932556875 0.298084909375 0.29505983593749996 0.303225225 0.287923840625 0.3123174734375 0.285368796875 0.3290747515625 0.2940234359375 0.33992975625 0.309810940625 0.348214603125 0.30523311875000003 0.334027484375 0.304732115625 0.316508246875
