0 0.5952649375 0.7223340046875 0.5952649375 0.7183098593749999 0.586245771875 0.7183098593749999 0.5760992109374999 0.7142857140625 0.5760992109374999 0.72032193125 0.5851183765625 0.7243460765624999 0.5952649375 0.7223340046875
0 0.7711386703125 0.5251509046875 0.7395715890625 0.5231388328125 0.736189403125 0.52917505 0.7655016906250001 0.5352112671875 0.7711386703125 0.5251509046875
0 0.6414881625 0.5352112671875 0.607666290625 0.5352112671875 0.6054115 0.5352112671875 0.61330326875 0.5432595578125 0.6414881625 0.5352112671875
0 0.556933484375 0.52917505 0.546786921875 0.5311871234375001 0.54453213125 0.5311871234375001 0.5490417140625 0.5432595578125 0.556933484375 0.52917505
0 0.614430665625 0.58350100625 0.5817361890625 0.58350100625 0.5558060874999999 0.585513078125 0.5659526500000001 0.5895372234375 0.593010146875 0.5895372234375 0.614430665625 0.58350100625
0 0.6448703499999999 0.6418511062500001 0.653889515625 0.6358148890625 0.6459977453125 0.6358148890625 0.6245772265625 0.6358148890625 0.6234498312500001 0.6378269624999999 0.625704621875 0.6438631796875 0.6448703499999999 0.6418511062500001
0 0.596392334375 0.6478873234375 0.607666290625 0.6418511062500001 0.5941375421874999 0.6418511062500001 0.5670800453125 0.639839034375 0.5670800453125 0.6418511062500001 0.5670800453125 0.653923540625 0.596392334375 0.6478873234375
0 0.5512965046875 0.649899396875 0.5603156703125001 0.639839034375 0.53776775625 0.6378269624999999 0.5434047343749999 0.6579476859375 0.5524239015625 0.6680080484375 0.5512965046875 0.649899396875
0 0.574971815625 0.575452715625 0.5524239015625 0.5714285718750001 0.553551296875 0.5734406437499999 0.5490417140625 0.581488934375 0.574971815625 0.575452715625
0 0.5456595265625 0.5794768609375 0.5208568203125 0.5774647890625 0.519729425 0.5895372234375 0.5310033828125 0.5875251515625 0.5456595265625 0.5794768609375
0 0.5817361890625 0.5110663984375 0.564825253125 0.517102615625 0.5479143171875 0.5231388328125 0.5479143171875 0.5251509046875 0.568207440625 0.5251509046875 0.5885005640625 0.5251509046875 0.593010146875 0.5130784703125 0.5817361890625 0.5110663984375
0 0.45434047343749995 0.8169014078125001 0.456595265625 0.806841046875 0.45546786875 0.8008048296875 0.44983089062500003 0.806841046875 0.44193912031249993 0.8209255531249999 0.44193912031249993 0.822937625 0.4487034953125 0.8309859156250001 0.45434047343749995 0.8169014078125001
0 0.38895152187500004 0.79879275625 0.3934611046875 0.7927565390625 0.3878241265625 0.7826961765625 0.3788049609375 0.7746478875 0.367531003125 0.7726358156249999 0.37429537812499997 0.7806841046875 0.3844419390625 0.7907444671875 0.38895152187500004 0.79879275625
0 0.213077790625 0.541247484375 0.216459978125 0.5311871234375001 0.1961668546875 0.5331991953124999 0.195039459375 0.5311871234375001 0.1961668546875 0.5452716296875 0.213077790625 0.541247484375
0 0.27621195 0.67203219375 0.2795941375 0.6579476859375 0.27170236718749996 0.66197183125 0.2694475765625 0.6680080484375 0.2728297625 0.674044265625 0.27621195 0.67203219375
0 0.1995490421875 0.5573440640625 0.17925591875 0.551307846875 0.16121758749999998 0.551307846875 0.1713641484375 0.5653923546875 0.18602029375 0.5714285718750001 0.1962994890625 0.5714285718750001 0.1995490421875 0.5573440640625
0 0.18940247968749999 0.6036217296874999 0.19165727187499998 0.5915492953125 0.19581083593749998 0.57354654375 0.18602029375 0.5875251515625 0.177001128125 0.585513078125 0.166854565625 0.58350100625 0.166854565625 0.5955734406250001 0.1747463359375 0.5975855125 0.18151071093749999 0.6036217296874999 0.18940247968749999 0.6036217296874999
0 0.1747463359375 0.5915492953125 0.1724915453125 0.5895372234375 0.16347237812499998 0.5875251515625 0.1623449828125 0.5895372234375 0.164599775 0.59356136875 0.1747463359375 0.5915492953125
0 0.5264938 0.4808853125 0.553551296875 0.4808853125 0.564825253125 0.47484909531249997 0.593010146875 0.4768611671875 0.607666290625 0.4768611671875 0.6335963921875 0.4768611671875 0.6516347234375 0.4808853125 0.69898534375 0.4808853125 0.7192784671875 0.4808853125 0.7091319046875 0.46076458750000004 0.6922209703125 0.46076458750000004 0.6708004515625 0.4567404421875 0.6482525359375 0.4547283703125 0.6290868093750001 0.4547283703125 0.6087936859374999 0.4547283703125 0.5885005640625 0.4527162984375 0.568207440625 0.4567404421875 0.54453213125 0.4567404421875 0.5208568203125 0.4547283703125 0.49605411562499996 0.4547283703125 0.5062006765625 0.4808853125 0.514092446875 0.4788732390625 0.5264938 0.4808853125
0 0.574971815625 0.5311871234375001 0.58060879375 0.5110663984375 0.5670800453125 0.5110663984375 0.54114994375 0.5090543265624999 0.5434047343749999 0.5331991953124999 0.556933484375 0.5352112671875 0.574971815625 0.5311871234375001
0 0.5794813984375 0.5734406437499999 0.593010146875 0.5714285718750001 0.6110484781250001 0.5714285718750001 0.6087936859374999 0.55331991875 0.5941375421874999 0.549295775 0.574971815625 0.549295775 0.553551296875 0.551307846875 0.5512965046875 0.5714285718750001 0.5625704625 0.5734406437499999 0.5794813984375 0.5734406437499999
0 0.1905298765625 0.50503018125 0.21871476875 0.4688128765625 0.1984216453125 0.46076458750000004 0.19729425 0.46076458750000004 0.17925591875 0.49899396406249996 0.1905298765625 0.50503018125
0 0.5400225484375001 0.5794768609375 0.532130778125 0.5573440640625 0.519729425 0.5573440640625 0.5163472375 0.5734406437499999 0.528748590625 0.5895372234375 0.5400225484375001 0.5794768609375
0 0.1984216453125 0.5553319921875 0.1984216453125 0.5573440640625 0.15670800468749999 0.551307846875 0.16121758749999998 0.5593561375 0.2006764375 0.5694164984375 0.1984216453125 0.5553319921875
0 0.5479143171875 0.6177062375 0.5332581734375 0.6177062375 0.54114994375 0.639839034375 0.553551296875 0.6378269624999999 0.5479143171875 0.6177062375
0 0.5986471250000001 0.6579476859375 0.6155580609375 0.6579476859375 0.647125140625 0.649899396875 0.6459977453125 0.6338028171875 0.6189402484375 0.6338028171875 0.5986471250000001 0.6338028171875 0.5727170234375001 0.6338028171875 0.5693348359375 0.6579476859375 0.5794813984375 0.6579476859375 0.5986471250000001 0.6579476859375
0 0.58399098125 0.585513078125 0.571589628125 0.585513078125 0.5603156703125001 0.5975855125 0.586245771875 0.6036217296874999 0.5997745203125 0.6016096578125001 0.5975197296875 0.581488934375 0.58399098125 0.585513078125
0 0.6595264937499999 0.47484909531249997 0.6978579484375 0.47283702187500004 0.7249154453125 0.4688128765625 0.7215332578125 0.4647887328125 0.70574971875 0.4647887328125 0.6730552421875 0.4647887328125 0.6290868093750001 0.4647887328125 0.6009019171875 0.4668008046875 0.5997745203125 0.4688128765625 0.6110484781250001 0.47484909531249997 0.6595264937499999 0.47484909531249997
0 0.58060879375 0.629778671875 0.6031567078125 0.629778671875 0.62006764375 0.6217303828125 0.6279594140625 0.6036217296874999 0.6121758734375 0.6136820921874999 0.596392334375 0.6177062375 0.571589628125 0.6197183093749999 0.550169109375 0.6197183093749999 0.532130778125 0.6197183093749999 0.532130778125 0.6277666 0.5558060874999999 0.629778671875 0.58060879375 0.629778671875
1 0.177001128125 0.247484909375 0.19165727187499998 0.2997987921875 0.22435174687499998 0.3641851109375 0.2446448703125 0.3963782703125 0.2660653890625 0.4004024140625 0.2987598640625 0.3883299796875 0.3303269453125 0.3762575453125 0.3686583984375 0.336016096875 0.385569334375 0.291750503125 0.38331454374999996 0.227364184375 0.361894025 0.1670020125 0.34047350625 0.1287726359375 0.3089064265625 0.1086519109375 0.26493799375 0.1086519109375 0.22547914375000003 0.13883299843750002 0.20293122812500003 0.1509054328125 0.17812852343750002 0.2052313890625 0.177001128125 0.247484909375
0 0.5422773390625 0.5653923546875 0.5558060874999999 0.561368209375 0.5693348359375 0.561368209375 0.593010146875 0.561368209375 0.6121758734375 0.5553319921875 0.5918827515625 0.55331991875 0.5704622328125 0.55331991875 0.5524239015625 0.5553319921875 0.5332581734375 0.5553319921875 0.51296505 0.5593561375 0.5152198421875 0.5714285718750001 0.5264938 0.5694164984375 0.5422773390625 0.5653923546875
1 0.5524239015625 0.32193158906249997 0.5388951515625 0.39436619687499996 0.553551296875 0.43259557343750005 0.5794813984375 0.43259557343750005 0.5986471250000001 0.44466800781250004 0.6369785796875 0.448692153125 0.6786922203125 0.46076458750000004 0.7136414875 0.46277665937499995 0.73844419375 0.46277665937499995 0.7463359640625 0.42655935625 0.7632469000000001 0.380281690625 0.7711386703125 0.293762575 0.7632469000000001 0.22937625781249998 0.744081171875 0.169014084375 0.7091319046875 0.1670020125 0.638105975 0.1609657953125 0.5997745203125 0.1830985921875 0.5727170234375001 0.2213279671875 0.556933484375 0.2615694171875 0.5524239015625 0.32193158906249997
0 0.532130778125 0.47082495 0.553551296875 0.47283702187500004 0.5727170234375001 0.4688128765625 0.5941375421874999 0.4647887328125 0.596392334375 0.45875251562499997 0.5851183765625 0.45875251562499997 0.5693348359375 0.46076458750000004 0.5490417140625 0.4647887328125 0.5264938 0.46076458750000004 0.50507328125 0.46076458750000004 0.49041713593749997 0.45875251562499997 0.49605411562499996 0.4647887328125 0.5152198421875 0.4688128765625 0.532130778125 0.47082495
1 0.517474634375 0.59356136875 0.546786921875 0.7062374250000001 0.5614430671874999 0.7082494968749999 0.6155580609375 0.67203219375 0.638105975 0.63179074375 0.6414881625 0.5674044265625 0.65276211875 0.5010060359375 0.6279594140625 0.4668008046875 0.596392334375 0.4567404421875 0.5422773390625 0.45875251562499997 0.4971815109375 0.44466800781250004 0.4735062 0.42052313906250005 0.44532130781249996 0.40241448750000003 0.431792559375 0.40442655937499994 0.4148816234375 0.4084507046875 0.39797068750000003 0.4084507046875 0.38895152187500004 0.42253521093749996 0.3821871484375 0.4426559359375 0.44193912031249993 0.4788732390625 0.485907553125 0.5251509046875 0.517474634375 0.59356136875
0 0.395715896875 0.42655935625 0.413754228125 0.428571428125 0.42615558125 0.42253521093749996 0.413754228125 0.40442655937499994 0.3945885 0.4004024140625 0.3788049609375 0.41649899375 0.395715896875 0.42655935625
