0 0.353362234375 0.5869510640625 0.36031815625 0.5577416578125 0.368465325 0.53555525 0.3484812734375 0.5265771609375001 0.3412477421875 0.5506390234375 0.3308340640625 0.5910613375 0.32614465312499996 0.6020348359375001 0.322964503125 0.6183952890625 0.331545665625 0.6268547437499999 0.34644671875 0.60937688125 0.353362234375 0.5869510640625
0 0.3803882640625 0.5005198890625 0.36338232812500004 0.5090992984375 0.36485118125 0.5212698437500001 0.37963101250000003 0.5241427515625 0.3879749734375 0.5206710703125 0.3991002546875 0.5160421609375 0.3976314015625 0.5038716156249999 0.3803882640625 0.5005198890625
0 0.5190711828125 0.2999637234375 0.52423499375 0.3128524953125 0.5353198671875 0.3150071765625 0.5446178734375 0.306627359375 0.541599353125 0.2958534515625 0.52741514375 0.2964920421875 0.5190711828125 0.2999637234375
0 0.6475267265625 0.26380995 0.6466534953124999 0.25515090625000003 0.63342333125 0.2508813609375 0.613994496875 0.2521983609375 0.6096231015625 0.261535815625 0.627184253125 0.2632514953125 0.6475267265625 0.26380995
0 0.6446645921874999 0.2785343578125 0.6274214546875 0.27518263125 0.6175682328125001 0.273267359375 0.6061653437500001 0.2727487234375 0.5925767578125 0.2768988140625 0.5949592484374999 0.2909448125 0.60230875625 0.29916485625 0.6176842109375 0.305549265625 0.630359159375 0.29952371875 0.6445433703125001 0.298885128125 0.658490378125 0.2863154015625 0.6446645921874999 0.2785343578125
1 0.43837772812500003 0.28767422656249997 0.4129118515625 0.2674434109375 0.3674970890625 0.28408359375000003 0.36308004375 0.35283731406249996 0.37328644375 0.39896562812499997 0.41349174531250005 0.42885294218750003 0.4407497328125 0.40698557968750004 0.443935125 0.33799245 0.43837772812500003 0.28767422656249997
0 0.7130819265625 0.2816461734375 0.6964344125 0.281805946875 0.687732028125 0.2936972640625 0.706524834375 0.2956523546875 0.719159375 0.2964103984375 0.7336211921875 0.300919353125 0.7420055609375 0.2906640796875 0.7290934109375 0.28475849062499997 0.7130819265625 0.2816461734375
0 0.4511880890625 0.5176777046875001 0.46747718281250006 0.5259375671875001 0.4826154359375 0.5203908390625 0.496840053125 0.5129686578125 0.50101465625 0.484916478125 0.5006614765624999 0.4407034375 0.4858060734375 0.3987650328125 0.500469928125 0.3693560359375 0.51692065 0.3504815375 0.51740029375 0.32171113125 0.5097731765625 0.308343540625 0.467896984375 0.300203634375 0.4512494703125 0.30036340625 0.45359155468749995 0.3211929953125 0.455575215625 0.35044222187499996 0.4528694671875 0.39066494375 0.44774081875 0.42362525937499995 0.44420224687500004 0.448405346875 0.44225375 0.4650052109375 0.438715178125 0.48978529843749996 0.437998334375 0.5066245687500001 0.4511880890625 0.5176777046875001
0 0.80883281875 0.3019561234375 0.816141921875 0.31695975781249996 0.8324714203125 0.3184360296875 0.8438743093750001 0.318954665625 0.8399421531250001 0.306305303125 0.833188265625 0.301596759375 0.8208717390625001 0.29920266875 0.80883281875 0.3019561234375
0 0.7806648984375 0.683593178125 0.7865859609375 0.6728590875 0.7869443828125 0.664439453125 0.7813413359375 0.6735374968750001 0.776651925 0.6845109953125 0.772002921875 0.6887009046875 0.7753798656249999 0.6910551765624999 0.7806648984375 0.683593178125
0 0.7876118734374999 0.3453713 0.7703687359375 0.342019575 0.7601975000000001 0.3417403484375 0.7551900734375 0.3543498921875 0.76996990625 0.3572228 0.778591475 0.3588986640625 0.7958346125 0.3622503890625 0.802987328125 0.351755709375 0.7876118734374999 0.3453713
0 0.72019269375 0.69221290625 0.7186430265625 0.6936095421874999 0.721065925 0.70087195 0.727305003125 0.688501815625 0.73354408125 0.6761316796875 0.7335844875 0.669348090625 0.7264317734375 0.6798427703125001 0.72019269375 0.69221290625
0 0.8133553578124999 0.3707496609375 0.82444023125 0.3729043421875 0.8328246015625 0.362649071875 0.82670674375 0.35466843593749997 0.8131181578125 0.3588185265625 0.8133553578124999 0.3707496609375
0 0.67978535625 0.6962435421875 0.6833994999999999 0.7105289515625001 0.6895173578125 0.7185095859375 0.6919402546875 0.72577199375 0.695317196875 0.7281262671875 0.7011978531249999 0.7241757671875 0.692339084375 0.71056876875 0.686221228125 0.7025881328125 0.67978535625 0.6962435421875
0 0.8942508484375 0.3491212078125 0.9053357234374999 0.35127588906249996 0.9151889437499999 0.35319116093749997 0.9278234859375001 0.3539492046875 0.9365258687500001 0.3420578875 0.9087934796875 0.3400629796875 0.9023172015625001 0.3405019796875 0.8813791046875 0.3364320265625 0.8693401875 0.33918548125000003 0.8591689499999999 0.338906253125 0.8698954015625 0.349480571875 0.88161630625 0.3483631609375 0.8942508484375 0.3491212078125
0 0.5696886234375 0.703706546875 0.5649992140625 0.7146800453125 0.5590781515625001 0.7254141359374999 0.5646407921875001 0.72309968125 0.5708798703125 0.7107295453125 0.5759277015625 0.6913364109375 0.5696886234375 0.703706546875
0 0.8862249015625 0.3509568421875 0.86027938125 0.3594964328125 0.8885669859374999 0.37178643125 0.9079958203125 0.37046943125 0.920034740625 0.3677159765625 0.9283787 0.3642442953125 0.9093082890625 0.3571416609375 0.899455065625 0.3552263875 0.8862249015625 0.3509568421875
0 0.6447386234375 0.731877678125 0.6515733234375001 0.7230190421875 0.6512957171875 0.717871496875 0.6410840734375001 0.724375859375 0.6320636734375 0.737903221875 0.621493609375 0.752827221875 0.6295195546875 0.7509915859375 0.6351226015625 0.741893540625 0.6447386234375 0.731877678125
0 0.71345978125 0.4769736546875 0.6976854984374999 0.48579247187499996 0.6812347765625 0.5046669703125 0.6771409890625 0.5191519703125 0.6989927218750001 0.525097378125 0.7285927937500001 0.5240596046875 0.7489756734374999 0.5178344671875 0.7776621078125 0.514921240625 0.7980853953125 0.5019125125 0.81235041875 0.487706740625 0.8346413890625 0.4716653328125 0.8510921109374999 0.452790834375 0.8734234875 0.4299658359375 0.8926151234375 0.41671769999999997 0.895754865625 0.40714083749999996 0.908510628125 0.3875481125 0.90859144375 0.37398092968749996 0.88884459375 0.3769339765625 0.873983946875 0.3876282484375 0.8523290078124999 0.40039756718749997 0.825111425 0.41548133906249995 0.8043701234375 0.430126109375 0.787959809375 0.44221701874999997 0.763205534375 0.457779609375 0.7394053031250001 0.46843406249999997 0.71345978125 0.4769736546875
0 0.6745003234375 0.70370554375 0.655308690625 0.716953678125 0.65093729375 0.72629113125 0.6574135734375 0.7258521328125 0.6670295937499999 0.7158362687500001 0.681254209375 0.7084140875 0.688724940625 0.6962833609375 0.6819306468749999 0.69835840625 0.6745003234375 0.70370554375
0 0.7130661968750001 0.439544203125 0.7260187515625 0.43866620312500004 0.7473152703125 0.4343165203125 0.7596722046875 0.42992702187500004 0.7520450875 0.41655943124999995 0.7307889765625 0.41412552343750003 0.7094924609375 0.41847520625 0.6980895703125001 0.4179565703125 0.6847785921875 0.4272542046875 0.6742489328125 0.4353946140625 0.676313409375 0.45107665781249995 0.6920472859375 0.44904142968749994 0.7130661968750001 0.439544203125
0 0.6765296359375 0.6735385015625 0.6789929406249999 0.67401731875 0.6867816859375 0.6602505468750001 0.6961201 0.6450871390625 0.6930611718749999 0.641096821875 0.6830867281249999 0.6595323203125 0.6765296359375 0.6735385015625
0 0.6575048734375 0.6070195984375 0.6600894015625001 0.5871476453125 0.6502361796875 0.5852323734375 0.6400245359375 0.5917367359375 0.6300500921875 0.610172234375 0.61487143125 0.6225025515625 0.5974666640625 0.6462851875 0.608193115625 0.656859503125 0.6208680656250001 0.650833959375 0.6363647421875 0.6368675953125 0.6459807640624999 0.626851734375 0.6575048734375 0.6070195984375
0 0.645864784375 0.5945698265625 0.6318369609375 0.6207067328125 0.6175719359375 0.63491250625 0.606406246875 0.6463250046875 0.6171731078125 0.65011573125 0.6354915109375 0.6282085515625 0.6473336375 0.606740371875 0.648605696875 0.600196190625 0.645864784375 0.5945698265625
0 0.672400684375 0.6421744125 0.653567471875 0.6470029125 0.6412105390625 0.6513924125 0.6251586453125 0.6550636843750001 0.6075570859375 0.6601315953125 0.5927368468750001 0.6640422765625 0.5788302453124999 0.6698284125 0.559361003125 0.677929003125 0.5543535765625001 0.6905385484375001 0.5536367328125 0.70737781875 0.5545099640625 0.7160368640625 0.5612638484375 0.7207454078125 0.564600384375 0.7298832703125 0.5645195703125 0.7434504515625 0.5552215640625 0.7518302703125 0.55176380625 0.7630431765625 0.5538686890625 0.77194163125 0.56463555 0.7757323578124999 0.5760384375000001 0.77625099375 0.601307521875 0.7777670828125001 0.8583802374999999 0.6783251765625 0.8548469093750001 0.6504725875 0.84630615625 0.63522954375 0.8121378968749999 0.6268900453125 0.7837694765625 0.6281672296874999 0.7594140312500001 0.62852659375 0.7365678453125 0.6342729125 0.7236152890625001 0.6351509109375 0.70450446875 0.634831865625 0.6887705921875 0.6368670937500001 0.672400684375 0.6421744125
1 0.796040353125 0.6899775859374999 0.816700840625 0.68889999375 0.835892475 0.6756518578125 0.83569568125 0.6569371328125 0.822743125 0.6578151328125 0.7998565328125 0.6703450421875 0.796040353125 0.6899775859374999
0 0.8709848593749999 0.5806014562499999 0.8864411296875 0.573418684375 0.8958199499999999 0.5514716875000001 0.904603146875 0.5260131890624999 0.9180353484375001 0.49636478281249996 0.9231235890624999 0.47018805781250006 0.9281714203125 0.45079492343750005 0.9143860406250001 0.43623028750000004 0.900398625 0.45558360468750003 0.895310384375 0.48176032968750004 0.887203625 0.497163146875 0.863999015625 0.5113291015625 0.8602232437499999 0.5241780546875 0.8461550125 0.5570985515625 0.860218 0.5768107312499999 0.8709848593749999 0.5806014562499999
0 0.703989659375 0.6177531875 0.7196831296874999 0.6225015484374999 0.7327165015625 0.60805636875 0.736492275 0.5952074140625 0.726679459375 0.586508553125 0.718254684375 0.6035474140625 0.703989659375 0.6177531875
0 0.746183865625 0.6242570484375001 0.7533365828125 0.6137623671875 0.76144334375 0.5983595515625 0.7478951625 0.5957260515625 0.7310860203125 0.6230201859375 0.746183865625 0.6242570484375001
1 0.7230144234375 0.6842720875 0.7068009015625 0.7150777234375 0.6913042234375 0.729044084375 0.7017934765625 0.7276872671875 0.7172497453125 0.72050449375 0.727501796875 0.707216540625 0.735689371875 0.67824654375 0.7391875359375 0.6602500453125 0.7230144234375 0.6842720875
1 0.6577315875 0.7242160875 0.6556671109375001 0.7085340421875 0.637666721875 0.7288051765625 0.6174806359375 0.7537450406249999 0.6397311984375 0.7444872218749999 0.6577315875 0.7242160875
1 0.5655544296875 0.7249751343749999 0.5780325859375 0.7002348640625 0.5793854609375 0.680123503125 0.563212346875 0.7041455453125 0.55128940625 0.73918090625 0.5655544296875 0.7249751343749999
1 0.51696105625 0.34369794531250003 0.5133873203125 0.3226289484375 0.49678021250000004 0.31600513124999996 0.47278318906249994 0.3079448609375 0.4567717046875 0.30483254375 0.4573216765625 0.36776030937500004 0.4633587171875 0.389308125 0.48060185468750005 0.3926598515625 0.49943506718749997 0.3878313515625 0.5090510890625 0.3778154890625 0.51378090625 0.3600584 0.51696105625 0.34369794531250003
