0 0.7967902625 0.42271100156249997 0.80029950625 0.4394106 0.8146317171874999 0.41992028281250005 0.825250121875 0.4023725953125 0.8259397359375 0.3791154171875 0.8125776281249999 0.3893758328125 0.8054305015625 0.4072883671875 0.7967902625 0.42271100156249997
0 0.7373314046874999 0.437458315625 0.7497613734375 0.4527625546875 0.7640935843750001 0.43327223750000005 0.78512583125 0.4168190890625 0.7888016765625 0.398541709375 0.778872884375 0.3928322203125 0.7640176609375 0.40060273593750007 0.7373314046874999 0.437458315625
0 0.683640440625 0.4808074515625 0.698495665625 0.47303693593749996 0.705119778125 0.44340460156250006 0.689984065625 0.43714784218749997 0.663987421875 0.4507462453125 0.6573633125 0.48037857968750003 0.683640440625 0.4808074515625
0 0.8007318421875 0.518776878125 0.788097309375 0.5221148671875 0.7655339859375 0.519743365625 0.7581443359375 0.5399633749999999 0.7732800484375 0.546220134375 0.7923720921874999 0.5482267890625 0.81739863125 0.5438582875 0.8285020875000001 0.5216956484375 0.8148594906250001 0.5179287875 0.8007318421875 0.518776878125
0 0.7739169484375 0.6069441875 0.78679400625 0.6012987234375 0.8075837281249999 0.5871530500000001 0.8219159390625 0.567662734375 0.8184066953125001 0.5509631359375 0.8020583562500001 0.556243753125 0.7902273234375 0.58532881875 0.7739169484375 0.6069441875
0 0.857522921875 0.5294117921875 0.8698769671875001 0.512046528125 0.9079092062499999 0.45072083437500005 0.905893078125 0.43651113593749996 0.8937815578125001 0.45156892343750005 0.8809424609375001 0.47354913906249996 0.857522921875 0.5294117921875
0 0.8561731968749999 0.37529418593749997 0.8455547921875001 0.392841871875 0.836672028125 0.41057198437500003 0.817617946875 0.42490007968750004 0.8312985062499999 0.445001690625 0.8436525515625 0.4276364265625 0.8696491937499999 0.41403802343749996 0.8916895046875 0.404689725 0.8901584265625001 0.3858650734375 0.8747422281249999 0.365581040625 0.8561731968749999 0.37529418593749997
0 0.7258420328125 0.613556140625 0.7219236625 0.6341409953125 0.7337926578125 0.6213906812500001 0.7545823796875 0.6072450078125 0.7721433453125 0.5904270125 0.76318465625 0.575487621875 0.7552719921875 0.5839878296875 0.7258420328125 0.613556140625
0 0.6917281640625 0.654296978125 0.7016569546875 0.6600064671875 0.7070684390624999 0.6419115109375 0.715951203125 0.6241814015625 0.7166408171875001 0.6009242234375 0.700292478125 0.606204840625 0.69516148125 0.6383270734375001 0.6917281640625 0.654296978125
1 0.684353265625 0.57420100625 0.699807428125 0.6108197921875 0.7162316921875 0.638208675 0.7479203046875 0.6205425906250001 0.784815840625 0.603423775 0.8167469796875 0.5834502140625 0.8479505421875 0.5703990812499999 0.8833529640625001 0.5507903671875 0.9066059015624999 0.529904690625 0.9246519171875001 0.5084717453125001 0.94068180625 0.47282909999999995 0.9440771625 0.4405244453125 0.9462219296875001 0.403422415625 0.929312615625 0.38064848125 0.8953273859375 0.37007759375 0.8449938171875001 0.364787321875 0.8140327796875001 0.37553097968750004 0.7796004609375 0.3859097921875 0.7441980421875 0.4055185078125 0.755544021875 0.38104839375 0.7339887625 0.3857817421875 0.7077875578125 0.41802237187499997 0.7012014078125001 0.4639894578125 0.6909014531250001 0.5118991703125 0.687263571875 0.5465113015624999 0.684353265625 0.57420100625
