1 0.6204921140625 0.56231801875 0.6310402328125 0.55284038125 0.631564465625 0.5428374140625001 0.6257363984375 0.5341732765625 0.61714024375 0.530379290625 0.611079834375 0.5501225609375 0.6204921140625 0.56231801875
0 0.70832020625 0.6605383421875 0.724521646875 0.6630591640625 0.7418887 0.6673128140625 0.7450360515625001 0.679179940625 0.752728709375 0.676239615625 0.7494066140625 0.6677068109375 0.7421508171875 0.662311328125 0.731223434375 0.6550516890625 0.719946565625 0.65446069375 0.70832020625 0.6605383421875
0 0.3494420859375 0.651760778125 0.3542792828125 0.655357765625 0.3508698171875 0.648492121875 0.3472856046875 0.6449608 0.34378876406250003 0.63976231875 0.3446922609375 0.6464966296875 0.3494420859375 0.651760778125
0 0.7636263171875 0.6600933328125 0.7795656421875 0.6676156375 0.7916288609375 0.6532021828125 0.79815590625 0.6485290296875 0.78381905625 0.634403746875 0.7645576375 0.6183486375 0.7364379453125001 0.603501025 0.7226551046874999 0.602778696875 0.7123691015625 0.6072548515625 0.7094262703124999 0.615459325 0.7188385484375 0.6276547828125 0.7335248859375 0.635111421875 0.74212104375 0.6389054078124999 0.7636263171875 0.6600933328125
0 0.8095777468750001 0.62237978125 0.8067222859375001 0.6289170937499999 0.80887876875 0.6357170703125 0.8122008640624999 0.6442498750000001 0.8194566625 0.6496453546875001 0.826887203125 0.6517065140625 0.8295679187499999 0.6485035234375001 0.8298300359375 0.6435020406249999 0.8262458234375 0.6399707203125 0.823739853125 0.6398393875 0.8142402000000001 0.629311090625 0.8095777468750001 0.62237978125
0 0.6026584234375 0.542994253125 0.593974896875 0.540867428125 0.5946162765625 0.552603221875 0.602134190625 0.5529972203125 0.6026584234375 0.542994253125
0 0.7748158140625 0.6623514890625 0.7758940562500001 0.665751478125 0.78224635625 0.664412646875 0.7860053140625001 0.6646096453125 0.7914541171875 0.6565365046875 0.7838488296875 0.65780966875 0.7799151296875 0.66094699375 0.7748158140625 0.6623514890625
1 0.20653046718749998 0.166153415625 0.1448144578125 0.1930103390625 0.183803934375 0.2401906765625 0.22920330781249998 0.260959096875 0.28687041875 0.287385665625 0.320643434375 0.3142317359375 0.25201721250000003 0.1852546765625 0.2273069890625 0.17727270781249999 0.20653046718749998 0.166153415625
1 0.61128045 0.42642430468750003 0.604898375 0.4043572125 0.5774776609375001 0.37617231093750003 0.544346028125 0.36106203593749997 0.5082715624999999 0.35415623125 0.48263001875 0.3879189578125 0.46887695156250003 0.41060255312500005 0.46211756406250004 0.4436831109375 0.5817071578124999 0.5352092828125 0.5917012671874999 0.512328690625 0.5873585296875 0.4753228140625 0.5876782421875 0.44524824687500003 0.619382146875 0.46362717968749995 0.6215088546875001 0.447021234375 0.61128045 0.42642430468750003
1 0.4047145203125 0.48413998906250005 0.41124156562499997 0.47946683749999996 0.44343992656250003 0.464436878125 0.46211756406250004 0.4436831109375 0.46986781874999994 0.41566970156250005 0.48790407656249996 0.3831801390625 0.5044252328125001 0.35562639375 0.51398248125 0.34108160625 0.5066095374999999 0.313947365625 0.4971972578125 0.3017519078125 0.47685759687499996 0.282296809375 0.43772315156249997 0.26185671875 0.38419426093750003 0.25236442812500004 0.3517337796875 0.27239586718750003 0.3347757640625 0.30828541875000004 0.34261534375 0.350489778125 0.353485128125 0.3828225 0.34474400312500003 0.4057687609375 0.385510696875 0.4430117953125 0.3955643578125 0.4669430484375 0.40532612500000004 0.47246986093750004 0.4047145203125 0.48413998906250005
