0 0.228515625 0.430894309375 0.2265625 0.4254742546875 0.21484375 0.4173441734375 0.19921875 0.41192411875 0.197265625 0.42005420000000004 0.21875 0.430894309375 0.228515625 0.430894309375
0 0.236328125 0.44444444375 0.236328125 0.42005420000000004 0.228515625 0.4037940375 0.228515625 0.4173441734375 0.23046875 0.42818428124999997 0.236328125 0.44444444375
0 0.380859375 0.47967479687500003 0.384765625 0.47967479687500003 0.3671875 0.46612466093749994 0.349609375 0.46612466093749994 0.353515625 0.471544715625 0.3671875 0.471544715625 0.380859375 0.47967479687500003
0 0.306640625 0.4498644984375 0.31640625 0.4498644984375 0.310546875 0.44444444375 0.302734375 0.44444444375 0.298828125 0.452574525 0.29296875 0.4579945796875 0.296875 0.4607046078125 0.30078125 0.455284553125 0.306640625 0.4498644984375
0 0.3203125 0.463414634375 0.3203125 0.4498644984375 0.31640625 0.4498644984375 0.314453125 0.4607046078125 0.3046875 0.463414634375 0.296875 0.4688346890625 0.296875 0.471544715625 0.302734375 0.4688346890625 0.3203125 0.463414634375
0 0.53515625 0.8753387531250001 0.5546875 0.8726287265625 0.533203125 0.8699186984375 0.5234375 0.8644986453125 0.515625 0.8617886171875 0.513671875 0.8699186984375 0.521484375 0.8753387531250001 0.53515625 0.8753387531250001
0 0.578125 0.712737128125 0.58203125 0.7100271 0.572265625 0.6964769640624999 0.55859375 0.6829268296875 0.5546875 0.6937669375 0.56640625 0.6964769640624999 0.578125 0.712737128125
0 0.58203125 0.7425474249999999 0.58203125 0.7479674796875 0.5859375 0.7425474249999999 0.59765625 0.7235772359375 0.591796875 0.7154471546875001 0.59375 0.7235772359375 0.58984375 0.7262872625 0.58203125 0.7425474249999999
0 0.56640625 0.7642276421875 0.572265625 0.75067750625 0.5625 0.7615176156250001 0.548828125 0.7723577234375 0.5390625 0.785907859375 0.54296875 0.7886178859374999 0.546875 0.785907859375 0.56640625 0.7642276421875
0 0.556640625 0.7181571812499999 0.5625 0.7317073171875 0.568359375 0.737127371875 0.572265625 0.7317073171875 0.564453125 0.7262872625 0.55859375 0.7154471546875001 0.548828125 0.7046070453125 0.54296875 0.6937669375 0.537109375 0.6910569109375 0.525390625 0.6964769640624999 0.51953125 0.7046070453125 0.537109375 0.6964769640624999 0.544921875 0.70189701875 0.556640625 0.7181571812499999
0 0.564453125 0.745257453125 0.5625 0.737127371875 0.55859375 0.745257453125 0.548828125 0.75067750625 0.55078125 0.7560975609375 0.564453125 0.745257453125
0 0.568359375 0.7479674796875 0.5703125 0.745257453125 0.56640625 0.745257453125 0.560546875 0.75067750625 0.556640625 0.7560975609375 0.560546875 0.7560975609375 0.5625 0.7533875343750001 0.568359375 0.7479674796875
0 0.271484375 0.560975609375 0.27734375 0.560975609375 0.27734375 0.552845528125 0.275390625 0.5420054203125 0.279296875 0.5311653109375001 0.283203125 0.5230352296875 0.28515625 0.5149051484375 0.271484375 0.5176151765625 0.26953125 0.528455284375 0.267578125 0.5501355015625 0.271484375 0.560975609375
0 0.484375 0.6991869921875 0.494140625 0.70189701875 0.509765625 0.70189701875 0.5078125 0.6964769640624999 0.49609375 0.6937669375 0.484375 0.6991869921875
0 0.3359375 0.47425474218749997 0.3515625 0.48780487812500006 0.359375 0.495934959375 0.3671875 0.4905149046875 0.359375 0.4823848234375 0.349609375 0.471544715625 0.34375 0.4607046078125 0.33984375 0.46612466093749994 0.33203125 0.455284553125 0.326171875 0.44715447187499996 0.32421875 0.4579945796875 0.326171875 0.463414634375 0.3359375 0.47425474218749997
1 0.490234375 0.7804878046875 0.51953125 0.7967479671875 0.529296875 0.7533875343750001 0.544921875 0.7479674796875 0.568359375 0.7154471546875001 0.583984375 0.70189701875 0.55859375 0.6802168015625 0.53515625 0.6693766937500001 0.525390625 0.6829268296875 0.505859375 0.6802168015625 0.470703125 0.6802168015625 0.435546875 0.7317073171875 0.45703125 0.77506775 0.490234375 0.7804878046875
1 0.181640625 0.40650406562499997 0.1953125 0.4173441734375 0.1953125 0.430894309375 0.21484375 0.43902439062500004 0.22265625 0.452574525 0.23828125 0.463414634375 0.236328125 0.42005420000000004 0.228515625 0.4037940375 0.21484375 0.398373984375 0.185546875 0.39566395625 0.181640625 0.40650406562499997
1 0.28515625 0.4607046078125 0.291015625 0.4769647703125 0.3046875 0.4905149046875 0.32421875 0.4823848234375 0.345703125 0.48509485156250004 0.345703125 0.463414634375 0.34765625 0.44715447187499996 0.333984375 0.430894309375 0.322265625 0.42005420000000004 0.314453125 0.4363143625 0.30078125 0.43360433593750003 0.291015625 0.43902439062500004 0.28515625 0.4607046078125
1 0.4609375 0.5338753390625001 0.44921875 0.5176151765625 0.43359375 0.5176151765625 0.435546875 0.5013550140625 0.423828125 0.49322493281249996 0.40234375 0.48780487812500006 0.384765625 0.4823848234375 0.392578125 0.4607046078125 0.3828125 0.455284553125 0.369140625 0.4688346890625 0.34765625 0.463414634375 0.345703125 0.4823848234375 0.400390625 0.552845528125 0.4609375 0.5338753390625001
1 0.267578125 0.5501355015625 0.2734375 0.5636856375 0.279296875 0.5745257453125 0.28125 0.5555555562500001 0.28125 0.5338753390625001 0.2890625 0.5121951218749999 0.279296875 0.5121951218749999 0.271484375 0.5176151765625 0.265625 0.5392953921875 0.267578125 0.5501355015625
