0 0.2173913046875 0.633507853125 0.21146245000000002 0.633507853125 0.20750988124999997 0.6439790578125 0.21146245000000002 0.646596859375 0.2173913046875 0.6439790578125 0.2173913046875 0.633507853125
0 0.20158102812499998 0.64136125625 0.1936758890625 0.6361256546875 0.19565217343750002 0.646596859375 0.19960474374999998 0.6518324609375 0.205533596875 0.649214659375 0.20158102812499998 0.64136125625
0 0.22529644218749997 0.688481675 0.22924901250000002 0.70157068125 0.231225296875 0.6832460734375 0.2272727265625 0.6675392671875 0.2233201578125 0.6570680624999999 0.21343873593749998 0.6544502624999999 0.21936758906249998 0.6675392671875 0.2233201578125 0.6753926703124999 0.22529644218749997 0.688481675
0 0.20750988124999997 0.696335078125 0.21343873593749998 0.6989528796875 0.2173913046875 0.688481675 0.21936758906249998 0.6806282718750001 0.21343873593749998 0.67015706875 0.209486165625 0.67015706875 0.2035573125 0.67277486875 0.19565217343750002 0.67277486875 0.19565217343750002 0.685863875 0.205533596875 0.688481675 0.20750988124999997 0.696335078125
0 0.20750988124999997 0.70157068125 0.2035573125 0.6937172781250001 0.1976284578125 0.6937172781250001 0.1976284578125 0.70418848125 0.20158102812499998 0.7068062828125 0.20750988124999997 0.70157068125
0 0.27667984218749997 0.678010471875 0.28656126406250004 0.678010471875 0.2964426875 0.6832460734375 0.3063241109375 0.6832460734375 0.294466403125 0.6753926703124999 0.2845849796875 0.67277486875 0.2747035578125 0.6675392671875 0.264822134375 0.67015706875 0.26284585 0.6832460734375 0.26679841875 0.6832460734375 0.26877470312499996 0.6753926703124999 0.27667984218749997 0.678010471875
0 0.3083003953125 0.7225130890625 0.31225296406249997 0.727748690625 0.31818181874999996 0.7303664921874999 0.31818181874999996 0.7225130890625 0.3102766796875 0.7172774875 0.298418971875 0.7172774875 0.2845849796875 0.7172774875 0.2845849796875 0.725130890625 0.2964426875 0.7225130890625 0.3083003953125 0.7225130890625
0 0.646245059375 0.49738219843750003 0.6343873515625 0.4895287953125 0.6245059281249999 0.49214659687499995 0.612648221875 0.49738219843750003 0.6185770749999999 0.5052356015624999 0.6324110671875001 0.5 0.646245059375 0.49738219843750003
0 0.6996047437499999 0.5026178015625 0.6936758890625 0.49476439843750003 0.67391304375 0.49476439843750003 0.6719367593750001 0.5026178015625 0.6897233203125 0.5026178015625 0.6996047437499999 0.5026178015625
0 0.7549407109375 0.5575916234375 0.7549407109375 0.5497382203125001 0.7371541500000001 0.554973821875 0.731225296875 0.554973821875 0.731225296875 0.562827225 0.739130434375 0.562827225 0.7549407109375 0.5575916234375
1 0.760869565625 0.507853403125 0.7371541500000001 0.48691099531250004 0.71146245 0.48691099531250004 0.6679841890625 0.48691099531250004 0.6086956515625 0.4895287953125 0.5671936765625001 0.5130890046875 0.58102766875 0.5183246078125 0.7292490125 0.5104712046875 0.760869565625 0.507853403125
1 0.23320158124999998 0.6989528796875 0.22924901250000002 0.6596858640625001 0.20750988124999997 0.6439790578125 0.1936758890625 0.64136125625 0.19960474374999998 0.7068062828125 0.21936758906249998 0.696335078125 0.23320158124999998 0.6989528796875
1 0.731225296875 0.5890052359375 0.7371541500000001 0.5759162296875 0.731225296875 0.570680628125 0.7252964421875 0.5811518328124999 0.7193675890625 0.5968586390625 0.731225296875 0.5890052359375
1 0.74110671875 0.49738219843750003 0.7233201578124999 0.507853403125 0.7233201578124999 0.5497382203125001 0.7529644265625001 0.5418848171875 0.76679841875 0.5209424078125 0.75889328125 0.49738219843750003 0.74110671875 0.49738219843750003
