1 0.349131121875 0.3466386546875 0.3949447078125 0.359243696875 0.43759873593750004 0.3781512609375 0.48183254375000006 0.390756303125 0.5197472359375 0.405462184375 0.5418641390625 0.41176470624999995 0.545023696875 0.390756303125 0.5624012640625 0.38445378125 0.628751975 0.3760504203125 0.614533965625 0.3487394953125 0.581358609375 0.336134453125 0.5560821484375 0.3256302515625 0.5118483406250001 0.31932773124999997 0.47709320625 0.31092437031250003 0.44075829375 0.30042016875 0.41706161093749994 0.29201680625000004 0.39178514999999997 0.28571428593750003 0.37440758281250003 0.3046218484375 0.3475513421875 0.3025210078125 0.30647709375 0.298319328125 0.2638230640625 0.3025210078125 0.2938388625 0.32142857187499996 0.32701421875 0.33823529375 0.349131121875 0.3466386546875
1 0.6161137437499999 0.298319328125 0.63665086875 0.3046218484375 0.663507109375 0.31092437031250003 0.6808846765625 0.313025209375 0.699842021875 0.313025209375 0.720379146875 0.31512605 0.7393364921875001 0.31512605 0.7551342812499999 0.3067226890625 0.720379146875 0.29201680625000004 0.6951026859375 0.28571428593750003 0.6682464453125 0.2794117640625 0.67298578125 0.271008403125 0.6334913109375 0.2584033609375 0.6129541859375001 0.2605042015625 0.60031595625 0.2626050421875 0.5781990515625 0.2584033609375 0.5703001578125 0.2626050421875 0.5624012640625 0.27310924375 0.565560821875 0.28571428593750003 0.57977883125 0.294117646875 0.59557661875 0.298319328125 0.6161137437499999 0.298319328125
1 0.69352290625 0.7016806718749999 0.704581359375 0.6932773109375 0.6966824640625 0.6743697484375 0.6840442343750001 0.6659663859375 0.663507109375 0.659663865625 0.6461295421875 0.66176470625 0.6319115328125 0.6701680671875 0.642969984375 0.68487395 0.6556082156249999 0.6953781515624999 0.67298578125 0.7037815125 0.69352290625 0.7016806718749999
1 0.38862559218750004 0.5798319328125 0.398104265625 0.609243696875 0.4091627171875 0.640756303125 0.41548183281249995 0.657563025 0.4218009484375 0.657563025 0.42654028437499997 0.6491596640624999 0.4328594 0.63445378125 0.43601895781250005 0.6176470593750001 0.43759873593750004 0.6008403359375001 0.44075829375 0.592436975 0.4328594 0.586134453125 0.42496050625 0.5840336140625 0.41864139062500005 0.592436975 0.4091627171875 0.5966386546875 0.40442338125 0.58823529375 0.4028436015625 0.5756302515625 0.39968404375 0.563025209375 0.39968404375 0.5546218484375001 0.40442338125 0.5378151265625 0.406003159375 0.521008403125 0.39178514999999997 0.5168067234375 0.3759873625 0.521008403125 0.35703001562500003 0.527310925 0.3665086890625 0.544117646875 0.37756714062499996 0.5588235296875 0.38862559218750004 0.5798319328125
0 0.81674565625 0.66176470625 0.8104265406250001 0.659663865625 0.8104265406250001 0.6743697484375 0.818325434375 0.68487395 0.81674565625 0.66176470625
0 0.5987361765625 0.6764705875 0.593996840625 0.6785714281249999 0.593996840625 0.705882353125 0.5987361765625 0.7037815125 0.5987361765625 0.6764705875
0 0.5892575046874999 0.705882353125 0.5845181671875 0.7016806718749999 0.5734597156250001 0.722689075 0.57977883125 0.72689075625 0.5892575046874999 0.705882353125
0 0.7567140593749999 0.6953781515624999 0.7503949453125001 0.6953781515624999 0.7503949453125001 0.7037815125 0.7551342812499999 0.7037815125 0.7567140593749999 0.6953781515624999
0 0.7551342812499999 0.710084034375 0.7503949453125001 0.710084034375 0.7503949453125001 0.7184873953124999 0.7551342812499999 0.7184873953124999 0.7551342812499999 0.710084034375
0 0.3728278046875 0.340336134375 0.364928909375 0.3298319328125 0.355198103125 0.35073555624999997 0.35545023750000004 0.35084033593749997 0.3728278046875 0.340336134375
0 0.315955765625 0.359243696875 0.344391784375 0.3739495796875 0.355198103125 0.35073555624999997 0.330173775 0.340336134375 0.315955765625 0.359243696875
