1 0.42808607031249996 0.23745173749999998 0.43261608125000006 0.25482625468750003 0.44394110937500003 0.2760617765625 0.4530011328125 0.2760617765625 0.4643261609375 0.2760617765625 0.49263873125 0.2664092671875 0.5141562859375 0.23359073281249998 0.5096262734375 0.18918918906249999 0.4371460921875 0.1737451734375 0.43148357812500004 0.1853281859375 0.42582106406250003 0.20656370625 0.42808607031249996 0.23745173749999998
1 0.3929784828125 0.31081081093749996 0.40430351093750005 0.3146718140625 0.4167610421875 0.328185328125 0.4405436015625 0.33976833906250004 0.45753114375 0.3378378375 0.4631936578125 0.3262548265625 0.4631936578125 0.3050193046875 0.469988675 0.2953667953125 0.4631936578125 0.28185328125 0.45526613749999995 0.272200771875 0.446206115625 0.2799227796875 0.4371460921875 0.26833976875 0.4292185734375 0.2606177609375 0.40770101875 0.2664092671875 0.3952434875 0.277992278125 0.3907134765625 0.28571428593750003 0.3929784828125 0.31081081093749996
0 0.47904869687499996 0.7393822390625 0.49377123437500003 0.73166023125 0.5322763312500001 0.7239382234375 0.5492638734375 0.716216215625 0.5469988671875 0.702702703125 0.5345413359375 0.6988416984375 0.5243488109375 0.7123552125 0.506228765625 0.7123552125 0.49943374843750005 0.702702703125 0.4881087203125 0.7104247109374999 0.4801812 0.7239382234375 0.47112117812500004 0.7297297296874999 0.4643261609375 0.7239382234375 0.46659116718750004 0.7335907328125 0.47904869687499996 0.7393822390625
1 0.530011325 0.8108108109375 0.5322763312500001 0.8011583015625 0.52774631875 0.7625482625 0.530011325 0.7451737453125 0.553793884375 0.7664092671875 0.563986409375 0.7490347484375001 0.5594563984375001 0.7335907328125 0.5832389578125 0.7567567562499999 0.6047565125000001 0.76833976875 0.6319365796875 0.7644787640625 0.6342015859375 0.741312740625 0.6183465453125 0.7239382234375 0.6002265 0.7123552125 0.5696489234375 0.7007722000000001 0.5560588906249999 0.7046332046875 0.5469988671875 0.6988416984375 0.530011325 0.6833976828125 0.5254813140625 0.69305019375 0.5164212906250001 0.6833976828125 0.508493771875 0.6795366796875 0.49943374843750005 0.671814671875 0.491506228125 0.68146718125 0.4903737265625 0.702702703125 0.4869762171875 0.69305019375 0.47791619531249996 0.6891891890624999 0.4631936578125 0.6872586875 0.44733861875 0.6833976828125 0.43261608125000006 0.69305019375 0.42695356718750005 0.7239382234375 0.4167610421875 0.7393822390625 0.4167610421875 0.7644787640625 0.42582106406250003 0.7857142859375 0.45186862968749997 0.797297296875 0.4745186859375 0.8204633203125 0.47565118906250003 0.8069498062499999 0.4881087203125 0.7992277999999999 0.49943374843750005 0.8050193046875 0.530011325 0.8108108109375
1 0.42355605937499996 0.741312740625 0.4303510765625 0.7355212359375 0.4348810875 0.70656370625 0.42355605937499996 0.6833976828125 0.409966025 0.6833976828125 0.40430351093750005 0.6988416984375 0.40770101875 0.7297297296874999 0.42355605937499996 0.741312740625
1 0.4156285390625 0.6833976828125 0.4144960359375 0.6679536671874999 0.40770101875 0.6235521234375 0.3941109859375 0.596525096875 0.363533409375 0.584942084375 0.37259343125 0.635135134375 0.386183465625 0.6679536671874999 0.4020385046875 0.677606178125 0.4156285390625 0.6833976828125
1 0.6194790484375 0.5019305015625 0.651189128125 0.5115830109374999 0.6613816531250001 0.46718146718750003 0.653454134375 0.40733590781249995 0.616081540625 0.3571428578125 0.5775764437500001 0.3359073359375 0.5356738390625 0.3146718140625 0.5028312578125 0.2760617765625 0.48357870937499997 0.2741312734375 0.4620611546875 0.2760617765625 0.458663646875 0.34362934375 0.49603624062499996 0.40154440156250004 0.5345413359375 0.4575289578125 0.5458663640625 0.478764478125 0.6194790484375 0.5019305015625
1 0.3284258203125 0.34942085 0.2978482453125 0.33204633281249996 0.291053228125 0.3552123546875 0.298980746875 0.44208494218750005 0.313703284375 0.5019305015625 0.3533408828125 0.5019305015625 0.36693091718750004 0.43050193124999997 0.3646659109375 0.39382239375 0.3556058890625 0.384169884375 0.3284258203125 0.34942085
1 0.23556058906250002 0.434362934375 0.24462061093749998 0.4826254828125 0.253680634375 0.5115830109374999 0.2593431484375 0.5096525093750001 0.2718006796875 0.49034749062499994 0.28878822187500003 0.46911196874999994 0.301245753125 0.4382239375 0.30011325 0.372586871875 0.29445073593750004 0.308880309375 0.286523215625 0.272200771875 0.2853907140625 0.2625482625 0.26727066875 0.252895753125 0.2400906 0.297297296875 0.23895809687499997 0.3127413125 0.229898075 0.3455598453125 0.22763306874999997 0.39382239375 0.23556058906250002 0.434362934375
1 0.21630804062500003 0.28571428593750003 0.2378255953125 0.30694980625 0.250283125 0.283783784375 0.25254813125000003 0.247104246875 0.2457531140625 0.2393822390625 0.229898075 0.2355212359375 0.21630804062500003 0.258687259375 0.21630804062500003 0.28571428593750003
1 0.2842582109375 0.2741312734375 0.29445073593750004 0.283783784375 0.3216308046875 0.283783784375 0.32276330625 0.2606177609375 0.3057757640625 0.24131274062500002 0.2740656859375 0.24324324375 0.2650056625 0.2509652515625 0.2650056625 0.258687259375 0.2842582109375 0.2741312734375
0 0.298980746875 0.49227799218749996 0.30237825625000003 0.48069498125 0.2933182328125 0.47104247031249996 0.2853907140625 0.4729729734375 0.28878822187500003 0.4826254828125 0.298980746875 0.49227799218749996
0 0.2819932046875 0.5173745171874999 0.286523215625 0.5231660234375 0.2933182328125 0.51930501875 0.30011325 0.5173745171874999 0.31143827812499997 0.5270270265625 0.3080407703125 0.5115830109374999 0.298980746875 0.49420849375 0.2933182328125 0.48648648593750005 0.2842582109375 0.48841698906250003 0.289920725 0.4980694984375 0.289920725 0.50579150625 0.2819932046875 0.5173745171874999
0 0.3340883359375 0.584942084375 0.3318233296875 0.5637065640625 0.32276330625 0.5386100390624999 0.3182332953125 0.5270270265625 0.313703284375 0.521235521875 0.3182332953125 0.5501930500000001 0.3216308046875 0.5579150578125 0.32729331875 0.56949806875 0.3340883359375 0.584942084375
0 0.3420158546875 0.565637065625 0.35220838125 0.58108108125 0.3601359 0.5714285718750001 0.3556058890625 0.5501930500000001 0.3442808609375 0.534749034375 0.33861834687500003 0.5482625484375 0.33861834687500003 0.55598455625 0.3420158546875 0.565637065625
0 0.60249150625 0.3166023171875 0.628539071875 0.328185328125 0.6591166484375 0.359073359375 0.6828992078125 0.36100386093750003 0.6942242359375 0.3416988421875 0.6817667046875 0.3262548265625 0.6613816531250001 0.3262548265625 0.640996603125 0.3127413125 0.6002265 0.283783784375 0.576443940625 0.26447876406250004 0.5458663640625 0.25675675625 0.5481313703125 0.2760617765625 0.563986409375 0.28571428593750003 0.60249150625 0.3166023171875
1 0.3171007921875 0.5019305015625 0.33975085 0.5501930500000001 0.3544733859375 0.58108108125 0.37259343125 0.6119691125 0.3929784828125 0.640926640625 0.4178935453125 0.63127413125 0.4167610421875 0.5714285718750001 0.40770101875 0.521235521875 0.383918459375 0.4613899609375 0.3578708953125 0.42471042499999995 0.32276330625 0.434362934375 0.31483578749999996 0.45559845625 0.3171007921875 0.5019305015625
1 0.396375990625 0.44401544375 0.4133635328125 0.47104247031249996 0.446206115625 0.515444015625 0.481313703125 0.5289575296875 0.49943374843750005 0.49227799218749996 0.503963759375 0.44787644843749996 0.491506228125 0.3764478765625 0.4881087203125 0.3571428578125 0.45526613749999995 0.33204633281249996 0.408833521875 0.34362934375 0.3997735 0.347490346875 0.3850509625 0.3976833984375 0.396375990625 0.44401544375
0 0.42695356718750005 0.6081081078125 0.44394110937500003 0.6235521234375 0.46092865156249996 0.6428571421875 0.4745186859375 0.65637065625 0.47225368124999995 0.635135134375 0.4530011328125 0.6216216218749999 0.4371460921875 0.6042471046875 0.42242355624999994 0.5888030890625 0.42695356718750005 0.6081081078125
