0 0.6361355078125001 0.619365609375 0.642409034375 0.6160267109374999 0.648682559375 0.6126878125 0.64491844375 0.6060100171875 0.6373902140625 0.6110183640625 0.6286072765624999 0.6143572625 0.6223337515625 0.6176961609375 0.6248431625 0.62437395625 0.6298619828125 0.6210350578125 0.6361355078125001 0.619365609375
0 0.6386449187500001 0.62604340625 0.6323713921875 0.62604340625 0.627352571875 0.629382303125 0.6223337515625 0.6327212015625 0.6260978671874999 0.6360601 0.6323713921875 0.6327212015625 0.6386449187500001 0.62604340625
0 0.6436637390625 0.6410684468750001 0.6499372640625001 0.6327212015625 0.64491844375 0.6343906515625 0.6361355078125001 0.6393989984374999 0.6298619828125 0.6410684468750001 0.62358845625 0.6410684468750001 0.6298619828125 0.64774624375 0.634880803125 0.64774624375 0.6436637390625 0.6410684468750001
0 0.6411543281250001 0.6527545906250001 0.634880803125 0.6527545906250001 0.627352571875 0.6594323875 0.6323713921875 0.6627712859375 0.6373902140625 0.6594323875 0.6411543281250001 0.6527545906250001
0 0.6386449187500001 0.6060100171875 0.6386449187500001 0.60267111875 0.6373902140625 0.60100166875 0.6361355078125001 0.60100166875 0.634880803125 0.6043405671875 0.634880803125 0.607679465625 0.6373902140625 0.607679465625 0.6386449187500001 0.6060100171875
0 0.6737766625 0.619365609375 0.6725219578125 0.6176961609375 0.6712672515625 0.6176961609375 0.6687578421875 0.619365609375 0.670012546875 0.62437395625 0.6725219578125 0.62437395625 0.6737766625 0.6227045078125 0.6737766625 0.619365609375
0 0.6750313671875 0.6060100171875 0.6750313671875 0.60267111875 0.6725219578125 0.5993322203125 0.6712672515625 0.5993322203125 0.670012546875 0.60100166875 0.670012546875 0.607679465625 0.670012546875 0.609348915625 0.6712672515625 0.6126878125 0.6737766625 0.6126878125 0.6737766625 0.609348915625 0.6750313671875 0.6060100171875
0 0.6925972390624999 0.5993322203125 0.691342534375 0.5976627718749999 0.6888331234375 0.5993322203125 0.6900878296874999 0.6043405671875 0.6925972390624999 0.6060100171875 0.6938519453125 0.60267111875 0.6925972390624999 0.5993322203125
0 0.7026348812500001 0.585976628125 0.7001254703125 0.5876460765625 0.7001254703125 0.5943238734375 0.7038895859375 0.595993321875 0.7038895859375 0.5926544234375 0.7026348812500001 0.585976628125
0 0.7189460484375 0.590984975 0.7151819328125 0.590984975 0.7101631109375 0.5943238734375 0.712672521875 0.5943238734375 0.7164366375 0.5943238734375 0.7189460484375 0.590984975
0 0.712672521875 0.584307178125 0.7101631109375 0.585976628125 0.7151819328125 0.5876460765625 0.7164366375 0.584307178125 0.712672521875 0.584307178125
0 0.7176913421875 0.5759599328125 0.7151819328125 0.574290484375 0.7139272265625001 0.5776293828125 0.7114178171875001 0.5809682796875 0.7139272265625001 0.5809682796875 0.7176913421875 0.57929883125 0.7176913421875 0.5759599328125
0 0.734002509375 0.5759599328125 0.7365119203125 0.572621034375 0.7327478046875 0.5692821375 0.73023839375 0.5709515859375001 0.726474278125 0.5759599328125 0.7252195734375 0.57929883125 0.727728984375 0.57929883125 0.7314930984375 0.5759599328125 0.734002509375 0.5759599328125
0 0.737766625 0.5826377296875 0.741530740625 0.5826377296875 0.7452948562499999 0.5826377296875 0.749058971875 0.5776293828125 0.74404015 0.5776293828125 0.7390213296875 0.5776293828125 0.7365119203125 0.57929883125 0.734002509375 0.5809682796875 0.73023839375 0.5809682796875 0.7252195734375 0.5809682796875 0.72396486875 0.585976628125 0.7252195734375 0.5893155265625001 0.727728984375 0.585976628125 0.7314930984375 0.585976628125 0.737766625 0.5826377296875
0 0.770388959375 0.5692821375 0.7741530734375 0.5659432390625 0.7754077796875001 0.5609348921875 0.7691342531250001 0.5642737890625 0.7666248437500001 0.5659432390625 0.7603513171875 0.5676126874999999 0.7590966124999999 0.5709515859375001 0.7628607281249999 0.572621034375 0.7666248437500001 0.5709515859375001 0.770388959375 0.5692821375
1 0.9209535765625001 0.404006678125 0.9234629859375 0.40066777968749995 0.9272271015625 0.40066777968749995 0.9309912171875 0.404006678125 0.9385194484375001 0.4106844734375 0.94353826875 0.415692821875 0.9485570890625 0.4173622703125 0.94981179375 0.41402337187500005 0.953575909375 0.4056761265625 0.9560853203124999 0.39398998281250003 0.9548306140625 0.38731218749999996 0.953575909375 0.3823038390625 0.9510664999999999 0.37395659375 0.9447929734375 0.368948246875 0.9385194484375001 0.370617696875 0.9335006281249999 0.37228714531249996 0.92848180625 0.37729549218749997 0.92220828125 0.380634390625 0.9159347546875001 0.37729549218749997 0.91468005 0.39899833125 0.9159347546875001 0.409015025 0.9209535765625001 0.404006678125
1 0.8670012546875 0.6060100171875 0.87954830625 0.5976627718749999 0.868255959375 0.5993322203125 0.8607277296875001 0.60100166875 0.8531994984375 0.60267111875 0.8494353828125 0.607679465625 0.846925971875 0.6143572625 0.8531994984375 0.6160267109374999 0.8594730234375 0.6110183640625 0.8670012546875 0.6060100171875
1 0.6587202 0.6527545906250001 0.663739021875 0.6360601 0.663739021875 0.6210350578125 0.662484315625 0.6043405671875 0.662484315625 0.5893155265625001 0.6574654953125 0.5759599328125 0.6499372640625001 0.5642737890625 0.6411543281250001 0.550918196875 0.6373902140625 0.539232053125 0.6286072765624999 0.527545909375 0.6173149312499999 0.5191986640625 0.6097867 0.5208681140625 0.60225846875 0.5242070109375 0.5972396484375 0.529215359375 0.5897114171875 0.540901503125 0.58092848125 0.5492487484375 0.5771643656250001 0.55592654375 0.5759096609375 0.572621034375 0.5721455453125001 0.5926544234375 0.5671267249999999 0.6126878125 0.5771643656250001 0.629382303125 0.584692596875 0.6393989984374999 0.5909661234375 0.654424040625 0.599749059375 0.6644407343750001 0.6122961109375 0.6677796328125 0.6248431625 0.6744574296875 0.6411543281250001 0.666110184375 0.6587202 0.6527545906250001
0 0.2747804265625 0.7495826375 0.28607277343750004 0.7495826375 0.29109159375 0.7495826375 0.301129234375 0.7495826375 0.30865746562499996 0.7512520874999999 0.316185696875 0.7495826375 0.3174404015625 0.7412353921875 0.3174404015625 0.7345575953125 0.3111668765625 0.73789649375 0.30489335 0.7412353921875 0.294855709375 0.742904840625 0.279799246875 0.7412353921875 0.26976160625 0.7412353921875 0.258469259375 0.7412353921875 0.250941028125 0.742904840625 0.244667503125 0.7462437390625001 0.2572145546875 0.7462437390625001 0.265997490625 0.7479131890625 0.2747804265625 0.7495826375
0 0.34755332499999997 0.7579298828125001 0.3563362609375 0.7529215359375 0.35131744062500003 0.7479131890625 0.343789209375 0.7445742906249999 0.336260978125 0.7412353921875 0.3312421578125 0.7462437390625001 0.3249686328125 0.7479131890625 0.33375156875 0.7529215359375 0.3412798 0.756260434375 0.34755332499999997 0.7579298828125001
0 0.358845671875 0.7362270453125 0.35382685 0.7328881468749999 0.34629862031249997 0.7328881468749999 0.3412798 0.7345575953125 0.34629862031249997 0.73956594375 0.35257214531250003 0.7445742906249999 0.358845671875 0.7362270453125
0 0.37139272343749996 0.73956594375 0.37641154375 0.7362270453125 0.380175659375 0.7278798 0.380175659375 0.7195325546875 0.3751568375 0.722871453125 0.3688833125 0.7295492484375 0.365119196875 0.7362270453125 0.358845671875 0.7462437390625001 0.365119196875 0.7512520874999999 0.3688833125 0.7462437390625001 0.37139272343749996 0.73956594375
0 0.40526976093749995 0.722871453125 0.3989962359375 0.7245409015625001 0.3927227109375 0.7278798 0.38770388906250003 0.73789649375 0.3914680046875 0.7362270453125 0.39774153125 0.7312186984375 0.40526976093749995 0.722871453125
0 0.4341279796875 0.7278798 0.43914679999999995 0.722871453125 0.44542032656249997 0.71619365625 0.4378920953125 0.71619365625 0.42785445468749994 0.7178631046875 0.42158092812500003 0.722871453125 0.42409033906250004 0.7278798 0.429109159375 0.7312186984375 0.4341279796875 0.7278798
0 0.407779171875 0.742904840625 0.41405269687499996 0.7328881468749999 0.41656210781249997 0.72621035 0.4102885828125 0.7278798 0.4065244671875 0.7328881468749999 0.3989962359375 0.73956594375 0.393977415625 0.7445742906249999 0.3914680046875 0.7512520874999999 0.38644918437500003 0.7595993328125 0.393977415625 0.7579298828125001 0.3989962359375 0.7512520874999999 0.407779171875 0.742904840625
0 0.43036386406249993 0.7412353921875 0.43287327500000006 0.7345575953125 0.42409033906250004 0.7362270453125 0.41405269687499996 0.73789649375 0.4102885828125 0.7445742906249999 0.4065244671875 0.7495826375 0.41405269687499996 0.7462437390625001 0.422835634375 0.7462437390625001 0.43036386406249993 0.7412353921875
0 0.41154328749999997 0.766277128125 0.41656210781249997 0.766277128125 0.422835634375 0.7595993328125 0.42409033906250004 0.7529215359375 0.41907151875000004 0.756260434375 0.41154328749999997 0.756260434375 0.407779171875 0.7495826375 0.4065244671875 0.756260434375 0.40401505625 0.7646076796875 0.3989962359375 0.7696160265625 0.3952321203125 0.7746243734375 0.401505646875 0.7762938234375001 0.4065244671875 0.772954925 0.41154328749999997 0.766277128125
0 0.37264742812499996 0.779632721875 0.378920953125 0.7762938234375001 0.378920953125 0.7712854765625 0.37264742812499996 0.772954925 0.3688833125 0.772954925 0.36260978593750004 0.7746243734375 0.35382685 0.777963271875 0.36135508125000004 0.779632721875 0.3663739015625 0.779632721875 0.37264742812499996 0.779632721875
0 0.40276035156249995 0.8046744578125 0.4090338765625 0.8013355593749999 0.4090338765625 0.7929883140625 0.40276035156249995 0.7946577625 0.396486825 0.7996661109375001 0.3914680046875 0.7996661109375001 0.38644918437500003 0.8046744578125 0.393977415625 0.8063439062500001 0.3989962359375 0.8063439062500001 0.40276035156249995 0.8046744578125
0 0.3488080296875 0.8614357265624999 0.35508155625 0.8480801328125 0.358845671875 0.836393990625 0.36135508125000004 0.82971619375 0.36135508125000004 0.8196994984374999 0.3563362609375 0.8280467453125 0.35131744062500003 0.8397328875 0.34755332499999997 0.8514190312500001 0.343789209375 0.863105175 0.3412798 0.87479131875 0.3387703890625 0.8831385640624999 0.343789209375 0.8831385640624999 0.3450439140625 0.8697829718750001 0.3488080296875 0.8614357265624999
0 0.3036386453125 0.8948247078125 0.30740276093749996 0.8931552593750001 0.31242158125 0.8931552593750001 0.3199498125 0.891485809375 0.3274780421875 0.891485809375 0.33375156875 0.8864774625 0.3387703890625 0.879799665625 0.33375156875 0.881469115625 0.3274780421875 0.8831385640624999 0.322459221875 0.8831385640624999 0.314930990625 0.8848080140624999 0.30865746562499996 0.8848080140624999 0.3023839390625 0.8864774625 0.294855709375 0.8864774625 0.28858218281250003 0.8881469109375001 0.2923462984375 0.8931552593750001 0.2998745296875 0.8948247078125 0.3036386453125 0.8948247078125
0 0.36260978593750004 0.813021703125 0.36135508125000004 0.8196994984374999 0.3676286078125 0.8146911515624999 0.3688833125 0.80801335625 0.36260978593750004 0.813021703125
0 0.38143036406249997 0.7712854765625 0.38644918437500003 0.7762938234375001 0.3851944796875 0.7696160265625 0.38143036406249997 0.7712854765625
0 0.35131744062500003 0.8313856421875 0.3488080296875 0.82971619375 0.34629862031249997 0.8313856421875 0.3425345046875 0.8313856421875 0.3450439140625 0.834724540625 0.3488080296875 0.834724540625 0.35131744062500003 0.8313856421875
1 0.5696361359375001 0.472454090625 0.5821831875 0.5225375624999999 0.606022584375 0.5308848078125 0.6072772890625 0.46243739531249994 0.592220828125 0.45409015 0.5696361359375001 0.472454090625
