0 0.412063459375 0.6568121421875001 0.4153079703125 0.6772395421875 0.4252948859375 0.678113284375 0.4479111890625 0.678413325 0.44004711093750004 0.6676535375 0.42770921250000005 0.6648954828125 0.412063459375 0.6568121421875001
0 0.3981285359375 0.57166156875 0.39615144375 0.5798817390625 0.40122730312500005 0.593754846875 0.40807116250000003 0.6161757765625 0.41241829374999994 0.638378271875 0.4188058609375 0.637258484375 0.4384882 0.6423377218749999 0.44200514531249996 0.6308950156249999 0.436783540625 0.6186877843749999 0.429730590625 0.6130348453125001 0.42825407968749996 0.60115526875 0.4270690609375 0.5859439359375 0.4254468046875 0.5757302375 0.41545989062500005 0.5748564953125 0.4057644671875 0.5706509984375 0.3981285359375 0.57166156875
0 0.4832202234375 0.6630375515625 0.49680648437499997 0.6659048234375 0.5020914328125 0.6630099406250001 0.4925417546875 0.6571385671875001 0.4788097484375 0.655937171875 0.4832202234375 0.6630375515625
0 0.529973625 0.631876746875 0.5299102812500001 0.6469788609375 0.5405625796875 0.6546253296875 0.543642290625 0.6481802562500001 0.5398147953125 0.634416365625 0.529973625 0.631876746875
0 0.5593704453125 0.6696998328125 0.5624501546875 0.663254759375 0.5634703734375 0.6515936171875001 0.5622853531249999 0.636382284375 0.5535468031249999 0.6356177609375 0.550840984375 0.6521673171875 0.5534201140625 0.6658219890625 0.5593704453125 0.6696998328125
0 0.5737868921875 0.7062123078125 0.567171178125 0.6955617359375 0.5591613546875001 0.686467825 0.5557901546874999 0.6962446546875001 0.5596176484375001 0.71000854375 0.5672535796875 0.7089979734375 0.5737868921875 0.7062123078125
0 0.5376476718750001 0.6879428796875 0.530448975 0.6839558171875 0.5309686124999999 0.692394421875 0.5370646906250001 0.6946063875 0.5445548765625 0.6952616953125 0.5376476718750001 0.6879428796875
0 0.5216532546875 0.5975762375 0.529143440625 0.59823154375 0.529726421875 0.591568034375 0.5120211765625 0.5782686265625 0.4973322953125 0.573626259375 0.48734538125000004 0.5727525171875001 0.48911338281249994 0.581300340625 0.502845390625 0.5825017359375 0.5216532546875 0.5975762375
0 0.4348126234375 0.526190784375 0.4476511 0.5088490921875 0.44309487968749994 0.503414590625 0.4274681828125 0.5238696015625 0.4348126234375 0.526190784375
0 0.4588039796875 0.496395815625 0.47370195 0.48427019062500004 0.4692914734375 0.47716981093750005 0.45674448749999996 0.49117974843749995 0.4588039796875 0.496395815625
1 0.4039331203125 0.577205290625 0.40659465156249996 0.6042962000000001 0.41270978437499994 0.6350465171875 0.42007328125 0.665906053125 0.4250857953125 0.6948812765625 0.43486362187500005 0.712523009375 0.45161199375 0.72238144375 0.4672577484375 0.730464784375 0.48914532343749995 0.7390942125 0.5333577109375 0.7513554390625 0.5493583 0.741004909375 0.5547065921875001 0.7230079109374999 0.562177721875 0.695124865625 0.561201790625 0.6631455421875 0.5563350218750001 0.6325044421875 0.541563740625 0.6144258375 0.5318683156249999 0.6102203390625001 0.5316211125 0.5699116296875 0.5351823453125 0.51482845625 0.5294411046875 0.49418262031250004 0.5084280015625 0.4755579265625 0.4913881390625 0.46903124687500003 0.47956987812499996 0.474711796875 0.47053983749999995 0.477279028125 0.45445684843749995 0.4741933203125 0.440870584375 0.47132604687499996 0.420313775 0.47624207343749997 0.4096805359375 0.49713395625 0.40485188125000005 0.523569559375 0.410010140625 0.5508789046875 0.4039331203125 0.577205290625
