1 0.6318407171875 0.7069384328125 0.6452593484375 0.7051137703125 0.64076138125 0.6867579609375001 0.638697565625 0.66383875 0.632581390625 0.6519732109375 0.6378405625 0.630879825 0.624812796875 0.6207379015625001 0.6004028421875 0.6146518171875 0.5784270375 0.60400233125 0.56256056875 0.6000463765624999 0.55037611875 0.612519359375 0.5451306312499999 0.6439567609375 0.5398851453125 0.6753941640625001 0.56185410625 0.680871640625 0.5748613437500001 0.6754975375 0.5838093796875 0.6760051 0.5996758515625 0.6799610546875 0.6159537171875 0.6874664515625 0.62450404375 0.6947685906250001 0.6318407171875 0.7069384328125
1 0.6039822218750001 0.5535006265625 0.5881020640625 0.539200653125 0.5917430296874999 0.5245975406250001 0.5819790484375 0.5221631062500001 0.564480684375 0.5143534062499999 0.5449527203125 0.5094845375 0.5254179125 0.4994436609375 0.509551440625 0.49548770624999994 0.50712413125 0.5052231140625 0.516085853125 0.51607469375 0.5299227234375 0.5229714796875 0.556375965625 0.53646075 0.5816155515625 0.554817725 0.6113188921875 0.5656704703125001 0.6039822218750001 0.5535006265625
0 0.3939744921875 0.43909618906250003 0.39804737968750004 0.4435585421875 0.4029362140625 0.44994776718749996 0.40863415156249994 0.45309185625000004 0.413522984375 0.45948108281250005 0.4200368671875 0.4645520453125 0.426955303125 0.46800043750000003 0.434682840625 0.46820369531250006 0.439969384375 0.4677983453125 0.4452559265625 0.46739299375 0.4375215453125 0.462017728125 0.43019855937499996 0.46019190312499997 0.4232801234375 0.45674350781250006 0.41432524531250003 0.4510639375 0.4102523578125 0.446601584375 0.404958971875 0.441834928125 0.39966558750000003 0.43706826875000004 0.3939744921875 0.43909618906250003
0 0.3756807109375 0.444875640625 0.38341509218750003 0.4502509078125 0.3903335265625 0.4536993015625 0.39725880468749997 0.46231970312500004 0.404177240625 0.46576809687500004 0.4135435140625 0.474997109375 0.4188300546875 0.47459175781249996 0.4200437109375 0.46972405312500004 0.41475716875 0.47012940312499996 0.40905238749999995 0.46181330625 0.4013180078125 0.456438040625 0.39317223125 0.44751333281249994 0.382592303125 0.4431520265625 0.3764829703125 0.436458496875 0.370373640625 0.429764965625 0.36955769374999997 0.42783809375 0.36995540312499997 0.42104351875 0.3666984609375 0.4185080375 0.364675703125 0.4266208765625 0.363468890625 0.436660590625 0.36266662968749996 0.44507773593750005 0.3667395171875 0.4495400890625 0.37121695625 0.4523798734375 0.37201921875 0.443962728125 0.3756807109375 0.444875640625
0 0.399720328125 0.47844433750000004 0.405418265625 0.4815884265625 0.40907291562500003 0.47732933125 0.4033749796875 0.47418524218749997 0.399302090625 0.46972288906250004 0.3915677109375 0.464347621875 0.384649275 0.460899228125 0.37813539218750003 0.4558282671875 0.3769217375 0.460695971875 0.380178678125 0.46323145312499997 0.38465611875 0.46607123906250003 0.387913059375 0.46860671875 0.39117000156250004 0.47114219999999996 0.3952428890625 0.475604553125 0.399720328125 0.47844433750000004
0 0.36075335625 0.5359427140624999 0.3636057453125 0.5401007625 0.3700922578125 0.524483690625 0.37089451875 0.5160665437499999 0.365594290625 0.5061278796875001 0.3611168515625 0.5032880937499999 0.3590940921875 0.511400934375 0.35991688125 0.518499815625 0.3599305671875 0.52884383125 0.36075335625 0.5359427140624999
0 0.5727154156250001 0.590514225 0.57070634375 0.60897108125 0.5881978625000001 0.6116087734375 0.615460209375 0.6218529078125 0.6341653843749999 0.6196228953125 0.6300788109375 0.604816525 0.628014996875 0.5818973140625 0.6153849390625 0.5649608125000001 0.595041028125 0.558165071875 0.573881171875 0.549442459375 0.5543463656250001 0.5394015828125001 0.5421277015625 0.5260145234375 0.5185268484375001 0.5166833015625001 0.4998079875 0.508569296875 0.506740109375 0.5223617078125 0.5254589703125 0.5304757125 0.5291341484375 0.5417326421875 0.5372867671875 0.5558293578125 0.5474689875000001 0.5669852421875 0.5682242921875 0.5773304218749999 0.5727154156250001 0.590514225
0 0.1741822515625 0.3067412921875 0.17377085781249998 0.30319185000000004 0.173764015625 0.2980198421875 0.1725435171875 0.2977155375 0.169286575 0.29518005625 0.166441028125 0.296194015625 0.1652273734375 0.3010617203125 0.1652342171875 0.3062337296875 0.1660501625 0.30816060156249997 0.16646155625 0.3117100421875 0.16809344843750001 0.3155637859375 0.1709458390625 0.3197218359375 0.173798228125 0.3238798859375 0.177459721875 0.3247927984375 0.1794893234375 0.32185196718750003 0.180702978125 0.3169842609375 0.177041484375 0.3160713484375 0.1750050421875 0.313840171875 0.176218696875 0.30897246875 0.1741822515625 0.3067412921875
0 0.163993190625 0.2904134 0.16276585 0.2849370859375 0.1611339578125 0.281083340625 0.15868611875 0.275302725 0.1554291765625 0.27276724375 0.150142634375 0.27317259531250004 0.14526064375 0.27195537812500004 0.1399741 0.272360728125 0.1379444984375 0.275301559375 0.13470124375 0.283110096875 0.1334875875 0.28797780156249997 0.13714908125 0.2888907140625 0.1420242296875 0.2849359234375 0.14405383125 0.2819950890625 0.1481198765625 0.28128543437500003 0.1517813703125 0.282198346875 0.1554428625 0.283111259375 0.1586998046875 0.285646740625 0.1603316953125 0.2895004859375 0.163993190625 0.2904134
0 0.1786802203125 0.325097103125 0.1802984265625 0.3186068296875 0.17785743125 0.31799822031249997 0.1758209875 0.31576704375000003 0.17663009062499999 0.3125219078125 0.1745936453125 0.31029073125 0.172961753125 0.30643698750000004 0.174175409375 0.30156928125000004 0.17294806875 0.29609297031250004 0.169286575 0.29518005625 0.1668524234375 0.29974345625 0.16563876875 0.3046111625 0.16564561093750002 0.30978317031249997 0.16687295156249998 0.3152594828125 0.169725340625 0.3194175328125 0.171761784375 0.321648709375 0.17501872499999999 0.3241841890625 0.1786802203125 0.325097103125
0 0.2388960046875 0.3435574515625 0.23645500937500002 0.34294884375 0.23321175312500003 0.3507573796875 0.2360641421875 0.354915428125 0.234041384375 0.36302826875 0.237702878125 0.36394118125 0.2429688921875 0.3480198046875 0.2388960046875 0.3435574515625
