0 0.589452590625 0.6847091796875 0.564007403125 0.6760834874999999 0.5662433515624999 0.682961240625 0.5919678859374999 0.6933506625 0.5970008203125 0.696169471875 0.596162778125 0.690878284375 0.589452590625 0.6847091796875
0 0.6132064734375 0.7767695265625 0.613486990625 0.7713011765625 0.6174025375000001 0.76706506875 0.614048028125 0.7603644765625 0.6062181078125 0.7616046140625 0.6084540578125 0.76848236875 0.610970525 0.7698917734374999 0.6115292203125 0.77341923125 0.6048178609375 0.77448220625 0.6132064734375 0.7767695265625
0 0.5466796765625 0.6173568328125 0.5413650546875 0.6272384546875001 0.5408051890625 0.630943075 0.545559946875 0.6247660734375 0.5536692125 0.6252896671875 0.5503147046875 0.618589075 0.5466796765625 0.6173568328125
0 0.42309696093750004 0.524836059375 0.4393143234375 0.533115321875 0.45077809843749994 0.5403395062499999 0.4574894578125 0.53927653125 0.4423906546875 0.53082010625 0.42309696093750004 0.524836059375
0 0.3470255265625 0.594739740625 0.35010185781250003 0.5924445234375 0.3503823765625 0.5869761734375001 0.348705121875 0.583625878125 0.347026696875 0.5875076609375001 0.34730604375 0.589271390625 0.34283180468749996 0.589980040625 0.34394919375 0.5970349578125 0.3461851421875 0.6039127109375 0.3473025328125 0.6109676281249999 0.3509363890625 0.61943195 0.355969321875 0.6222507578124999 0.358205271875 0.6291285109375 0.3612792609375 0.641297453125 0.3651936359375 0.6442934250000001 0.36938735624999997 0.649053125 0.3637969 0.6354747781250001 0.36156095 0.6285970234375 0.358206440625 0.6218964328125 0.3545725859375 0.6134321109374999 0.3517767703125 0.610258978125 0.35317585 0.604613465625 0.351219246875 0.599499440625 0.3487027796875 0.5980900375 0.3470255265625 0.594739740625
0 0.3531863859375 0.539524753125 0.3266202984375 0.54554038125 0.323543965625 0.5478355984375 0.3501100546875 0.5418199687499999 0.3531863859375 0.539524753125
0 0.3819720328125 0.6416359875000001 0.37638274531250004 0.6208255625 0.37107163593750003 0.6090109453125 0.36436261875 0.5956097625 0.360727590625 0.5943775203125 0.36240367500000004 0.6049598953124999 0.3657570125 0.6188925671875001 0.3677136140625 0.624006590625 0.37246602968750003 0.63229375 0.3819720328125 0.6416359875000001
0 0.37442965625 0.5940152999999999 0.371075146875 0.5873147078125001 0.367720640625 0.580614115625 0.3657640375 0.5755000906250001 0.3615703171875 0.5707403906249999 0.359333196875 0.5710947156249999 0.3601712390625 0.576385903125 0.3632464015625 0.581322765625 0.36408444218749997 0.586613953125 0.36771946875 0.5878461953125 0.37275123125 0.5978970828125 0.37442965625 0.5940152999999999
1 0.3487098046875 0.5546975609375 0.35290235625 0.566689340625 0.3674412921875 0.5788503875 0.3719143609375 0.585373815625 0.3755493875 0.5866060578125001 0.3716443796875 0.525753453125 0.361864884375 0.478487090625 0.33725890937499997 0.46792050625000003 0.34256650781250003 0.5014313609375 0.336133325 0.51149014375 0.313205775 0.49704177656250004 0.2969872421875 0.49599459375 0.303973265625 0.525623665625 0.3207504921875 0.53019830625 0.33864627812500003 0.5345957859375 0.34759358749999997 0.540410565625 0.3487098046875 0.5546975609375
1 0.4879664078125 0.557953109375 0.5058610234375001 0.5695826703125 0.53102218125 0.60537295 0.5335409890625 0.5923181953125 0.5271113203125 0.580680740625 0.5212403421875 0.5725707453125 0.5097812515625 0.53641824375 0.504472484375 0.51013946875 0.4974852890625 0.4877424765625 0.4837867359375 0.46640845937500003 0.46253878281249994 0.44084622968750004 0.458066884375 0.42709072187499997 0.43653841250000003 0.4069968421875 0.41053570156249997 0.3876116125 0.3999111390625 0.3784465359375 0.3884473640625 0.37122235312499996 0.375023475 0.3805803828125 0.36998702968749997 0.3994578109375 0.369424821875 0.417626590625 0.371380253125 0.4299726953125 0.363827340625 0.44744071874999997 0.3601876296875 0.47513679375000006 0.38675020625 0.490817403125 0.39877267656250004 0.5015690453125 0.428128725 0.534886946875 0.43987067656249995 0.5511069375 0.4574882859375 0.546508609375 0.4633604328125 0.5473865265625 0.4879664078125 0.557953109375
1 0.3845002078125 0.5707245999999999 0.39148857187499997 0.5858895109375 0.406027509375 0.5980505593750001 0.4158175421875 0.5802282078125 0.41889621562499996 0.563468834375 0.42756651718749994 0.553055725 0.438752115625 0.5512840999999999 0.42337630937500004 0.5265997875 0.3889873265625 0.490463078125 0.3599082828125 0.473373065625 0.3694096015625 0.51164361875 0.37443668125 0.5506228234375 0.3845002078125 0.5707245999999999
1 0.3990168984375 0.72029515 0.409920809375 0.7312239546875 0.41439504843749997 0.7305153046874999 0.42026719375 0.731393221875 0.4197108421875 0.7134016046875 0.4171967171875 0.69752804375 0.41496076718749997 0.6906502875 0.4065709828125 0.6955950468750001 0.398460546875 0.702303534375 0.3990168984375 0.72029515
0 0.169749596875 0.5251869234375001 0.1515744640625 0.5190257140625001 0.14849813125 0.52132093125 0.19099989374999998 0.5362849953125 0.1893226390625 0.5329347 0.1742238359375 0.5244782734375 0.169749596875 0.5251869234375001
0 0.3073266046875 0.5395563359375 0.304250271875 0.5418515515625 0.30620687343749997 0.5469655765625 0.3092832046875 0.5446703609375 0.31124097812499996 0.54255230625 0.3073266046875 0.5395563359375
0 0.367426071875 0.6728674156250001 0.36602699375 0.678512928125 0.3674249 0.680099496875 0.3707817515625 0.672335928125 0.3738580828125 0.6700407125 0.3794508828125 0.6691549 0.37777362812500004 0.6658046046874999 0.37609637500000004 0.6624543078125 0.3716233046875 0.6559308796875001 0.37078409218749997 0.6578717703125 0.3741386015625 0.6645723609374999 0.3744179484375 0.6663360921875 0.367426071875 0.6728674156250001
1 0.406016971875 0.663139271875 0.407691884375 0.680953725 0.4144020734375 0.6871228296874999 0.4149642796875 0.66895405 0.412448984375 0.6603125671875001 0.406016971875 0.663139271875
1 0.40210962187500005 0.616750825 0.390087153125 0.6059991828125 0.3903641578125 0.6222270703125 0.40042885625 0.635096765625 0.40294649375 0.6292740921875 0.40210962187500005 0.616750825
