1 0.564901609375 0.663453603125 0.5226692390625 0.6653200046875 0.497834703125 0.678463453125 0.4743573828125 0.6914881625 0.476000871875 0.7571686265625 0.5057567703125 0.8002766093749999 0.5430365484374999 0.8043288562500001 0.5974994578125 0.770308746875 0.6144366484375 0.745057065625 0.6020070203125 0.696776328125 0.5910777421875 0.6812764546875 0.564901609375 0.663453603125
1 0.7303944718750001 0.663602465625 0.694630659375 0.6612460390625 0.6671688828125 0.6599917296875 0.639937428125 0.6770017859374999 0.622436790625 0.7114450171875 0.6271122140625 0.780517125 0.6762894078125 0.77987158125 0.7265063078125 0.775478171875 0.7570156328125 0.749039084375 0.77499253125 0.7200395375 0.7746906390625 0.685325371875 0.7500304734375 0.66919834375 0.7303944718750001 0.663602465625
1 0.7373484 0.8056132874999999 0.7502699046875 0.8282526703125 0.768389940625 0.8321527265625001 0.805439396875 0.8179406109375 0.807693178125 0.7811744015625 0.7424753625 0.7704241578125 0.7373484 0.8056132874999999
0 0.8690917984375 0.6075851875 0.8457732312499999 0.62242445625 0.8071206249999999 0.649575990625 0.767039234375 0.6603964640625 0.730553225 0.6654170265625 0.7034089531250001 0.66779184375 0.7095443921875 0.6910249312500001 0.738045875 0.6885313734375 0.7684680171875 0.6767275234375 0.7783575890625001 0.6959752640625 0.8074225171875 0.68429015625 0.8489483046874999 0.658715703125 0.873552515625 0.627307890625 0.8690917984375 0.6075851875
0 0.6063089828125 0.7146844703124999 0.6394455515625 0.7026431390625001 0.661883165625 0.6933662968750001 0.647041003125 0.68003720625 0.6266828 0.68181831875 0.607840565625 0.68529525 0.598657578125 0.6897555609375 0.6063089828125 0.7146844703124999
0 0.322349471875 0.70478713125 0.335516915625 0.7146058375 0.3521925546875 0.7332598734375 0.3930677125 0.7315122125 0.451181953125 0.7392270359374999 0.45334855 0.7170960656250001 0.42461674531250004 0.7013252578125 0.38084780937499996 0.7061732515625 0.322349471875 0.70478713125
0 0.529614059375 0.6665408640625 0.5148434640625 0.669661575 0.4955809234375 0.7152296640625 0.5009941609374999 0.7458397390625 0.5029707734375 0.7840642890625 0.5175110468749999 0.7626792140624999 0.5168044609375 0.7389711625000001 0.5208917171875 0.7075299015625001 0.5256139875 0.6833468875 0.529614059375 0.6665408640625
1 0.4249342515625 0.7049543828125 0.3937899109375 0.7241352234375 0.3870597984375 0.7722637671875 0.4120374703125 0.7920199234374999 0.43934049374999995 0.7914596671874999 0.46170653906250003 0.7657330234375 0.4609999546875 0.742024975 0.455023271875 0.72060645 0.4401811078125 0.7072773578125 0.4249342515625 0.7049543828125
0 0.2895460265625 0.6893725468749999 0.26975126875 0.6819621062500001 0.2255266703125 0.6766889984375 0.20213653125 0.6750784671875001 0.18496901875 0.6820657859375 0.197890521875 0.70470516875 0.231574921875 0.7145573265625 0.25951295937499996 0.721255321875 0.2918401453125 0.7312262203125 0.310841134375 0.7295638484375 0.31300773125000003 0.7074328796875 0.29952278125 0.693985046875 0.2895460265625 0.6893725468749999
1 0.4887454078125 0.4964135203125 0.583750353125 0.4881016640625 0.6467456171875 0.47344803750000003 0.727630596875 0.4444301015625 0.76764041875 0.41715982656249995 0.7529726234375 0.3745602578125 0.7051838734375 0.31291697812499997 0.5936620453125 0.3043893609375 0.47071906406249997 0.306003221875 0.36533267187499996 0.3207086890625 0.29195595937499996 0.34175593125 0.24563633125 0.375063596875 0.238271203125 0.41593389375 0.25741533125 0.447171125 0.28302801875 0.47418552812500003 0.309521659375 0.4956375046875 0.3522302921875 0.49921478906249994 0.41497961875 0.49738183593749996 0.4887454078125 0.4964135203125
