1 0.47543160625 0.6302816906250001 0.4661354578125 0.5968309859375001 0.44223107500000003 0.5598591546875 0.39575033125000003 0.5052816906250001 0.3466135453125 0.49471830937499994 0.3359893765625 0.53697183125 0.3691899078125 0.6038732390625 0.398406375 0.63732394375 0.4249668 0.6725352109375 0.45019920312500006 0.6725352109375 0.47410358593749996 0.6760563375 0.47543160625 0.6302816906250001
1 0.35192563125 0.669014084375 0.3559096953125 0.720070421875 0.39176626875 0.7288732390625 0.4023904375 0.6971830984375 0.3930942890625 0.6637323937499999 0.357237715625 0.6531690140624999 0.35192563125 0.669014084375
1 0.436918990625 0.6637323937499999 0.4010624171875 0.6725352109375 0.3944223109375 0.72359155 0.410358565625 0.75 0.44887118125000003 0.7588028171875 0.47675962812500006 0.7640845078125 0.5006640109375 0.73767605625 0.5112881812500001 0.6954225359375 0.48472775625000003 0.6654929578125001 0.436918990625 0.6637323937499999
1 0.5391766265625 0.6778169015625 0.5232403718749999 0.667253521875 0.5073041171875 0.700704225 0.4926958828125 0.732394365625 0.47675962812500006 0.7658450703125 0.49667994687499994 0.7975352109375 0.49800796875 0.7746478875 0.5139442234375 0.7482394359375 0.52855245625 0.7271126765625 0.5312085 0.7095070421874999 0.5458167328125 0.693661971875 0.5391766265625 0.6778169015625
1 0.5683930937499999 0.6408450703125 0.5803452859375 0.681338028125 0.6254980078125 0.7165492953125 0.654714475 0.68838028125 0.654714475 0.642605634375 0.6241699875 0.6109154921875 0.5869853921875 0.6109154921875 0.5683930937499999 0.6408450703125
0 0.43559096875 0.681338028125 0.4262948203125 0.6778169015625 0.41168658750000003 0.674295775 0.42231075625000003 0.6830985921875 0.43824701250000003 0.6901408453125 0.456839309375 0.6954225359375 0.4687915 0.6954225359375 0.4608233734375 0.68838028125 0.45019920312500006 0.68661971875 0.43559096875 0.681338028125
0 0.49667994687499994 0.61267605625 0.503320053125 0.61267605625 0.5152722437499999 0.605633803125 0.5192563078125 0.59859155 0.5073041171875 0.59859155 0.49136786250000003 0.6021126765625 0.49667994687499994 0.61267605625
0 0.47144754375 0.5510563375 0.4661354578125 0.5510563375 0.46480743750000003 0.5545774640625 0.47277556406250004 0.5598591546875 0.47144754375 0.5510563375
1 0.5059760953125 0.6760563375 0.52855245625 0.6778169015625 0.5391766265625 0.6461267609375 0.52191235 0.6214788734375001 0.49800796875 0.6232394359375 0.483399734375 0.6461267609375 0.5059760953125 0.6760563375
1 0.6268260296875 0.294014084375 0.6241699875 0.2852112671875 0.6201859234375 0.279929578125 0.609561753125 0.2781690140625 0.601593625 0.2781690140625 0.5962815406249999 0.29225352187500003 0.59495351875 0.3010563375 0.5989375828125 0.3080985921875 0.6055776890625 0.31161971875 0.6148738375 0.31514084531250003 0.62151394375 0.31514084531250003 0.6268260296875 0.30457746406249997 0.6268260296875 0.294014084375
1 0.6135458171875 0.46126760625 0.62151394375 0.4401408453125 0.6334661359375 0.419014084375 0.6440903046875001 0.39084507031250004 0.64807436875 0.3661971828125 0.6414342625 0.343309859375 0.6321381140625 0.3345070421875 0.6228419656249999 0.3397887328125 0.6122177953125 0.357394365625 0.60424966875 0.39084507031250004 0.5989375828125 0.42429577500000004 0.5922974765625 0.45246478906250004 0.601593625 0.47007042187500003 0.6135458171875 0.46126760625
1 0.9123505968750001 0.6566901406250001 0.9070385125 0.6496478875 0.899070384375 0.6566901406250001 0.8924302781250001 0.6707746484375 0.8924302781250001 0.6848591546875 0.8924302781250001 0.705985915625 0.8937583 0.7165492953125 0.908366534375 0.71302816875 0.9203187249999999 0.6919014078125 0.9203187249999999 0.6778169015625 0.9150066406249999 0.6637323937499999 0.9123505968750001 0.6566901406250001
0 0.52855245625 0.681338028125 0.5192563078125 0.6778169015625 0.5126162015625 0.6971830984375 0.5059760953125 0.7165492953125 0.49800796875 0.7341549296875 0.4873837984375 0.7429577468749999 0.4794156703125 0.7605633796875 0.495351925 0.7834507046875 0.49933598906250004 0.767605634375 0.5059760953125 0.7588028171875 0.5179282875 0.7447183093749999 0.5272244359375 0.730633803125 0.5272244359375 0.7095070421874999 0.5351925625 0.6971830984375 0.5405046484375 0.6901408453125 0.52855245625 0.681338028125
