1 0.8 0.46046511562500003 0.7965217390625 0.439534884375 0.7895652171875 0.42325581406249996 0.7895652171875 0.448837209375 0.793043478125 0.4697674421875 0.8 0.490697675 0.8 0.46046511562500003
1 0.8765217390625001 0.48837209374999996 0.8626086953125001 0.455813953125 0.8539130437500001 0.43720930156250004 0.8434782609375 0.42325581406249996 0.8486956515624999 0.45116279062500003 0.8556521734375 0.4767441859375 0.8678260874999999 0.4953488375 0.8765217390625001 0.48837209374999996
1 0.9199999999999999 0.4279069765625 0.9113043484375 0.40930232499999997 0.9130434781250001 0.439534884375 0.9182608703125 0.46046511562500003 0.926956521875 0.44186046562500003 0.9199999999999999 0.4279069765625
1 0.9234782609375 0.358139534375 0.8956521734375 0.439534884375 0.9270590750000001 0.38953774218750004 0.926956521875 0.38837209375000004 0.9234782609375 0.358139534375
1 0.9356521734375001 0.4046511625 0.9321739125 0.3813953484375 0.9270590750000001 0.38953774218750004 0.9304347828124999 0.4279069765625 0.9356521734375001 0.4046511625
1 0.7234782609375 0.5139534890624999 0.7321739125 0.5139534890624999 0.740869565625 0.5209302328125001 0.766956521875 0.5209302328125001 0.8313043484374999 0.5162790703125 0.874782609375 0.5046511625 0.9078260874999999 0.48372092968749997 0.926956521875 0.4627906984375 0.93391304375 0.4255813953125 0.9373913046875 0.41395348906249996 0.9321739125 0.44186046562500003 0.9426086953124999 0.39767441875 0.940869565625 0.35348837187500004 0.9026086953125001 0.3348837203125 0.8765217390625001 0.3255813953125 0.8434782609375 0.34883720937499996 0.8121739124999999 0.360465115625 0.766956521875 0.3697674421875 0.726956521875 0.37906976718749996 0.6904347828125 0.4302325578125 0.7008695656249999 0.455813953125 0.714782609375 0.48837209374999996 0.7234782609375 0.5139534890624999
0 0.6939130437500001 0.6930232562499999 0.7286956515624999 0.709302325 0.7634782609374999 0.70232558125 0.7686956515625 0.68837209375 0.7495652171875 0.6953488375 0.7321739125 0.68837209375 0.7026086953124999 0.6767441859375001 0.6817391296875 0.6813953484375 0.6643478265625 0.6744186046875 0.6417391296875 0.658139534375 0.6104347828125001 0.653488371875 0.5721739125 0.653488371875 0.5304347828125 0.644186046875 0.5895652171875 0.6627906984374999 0.634782609375 0.6720930234375 0.6939130437500001 0.6930232562499999
0 0.5947826093749999 0.6465116281250001 0.5826086953125 0.6372093015625 0.5599999999999999 0.6302325578125 0.5356521734374999 0.6255813953125 0.5478260875000001 0.6372093015625 0.5721739125 0.644186046875 0.5947826093749999 0.6465116281250001
0 0.8156521734375 0.6674418609375 0.819130434375 0.68837209375 0.8173913046875001 0.6976744187499999 0.8243478265625 0.7069767437500001 0.8400000000000001 0.7162790703125 0.8486956515624999 0.7209302328125 0.8573913046875001 0.7209302328125 0.873043478125 0.7186046515625 0.8800000000000001 0.7069767437500001 0.8782608703125 0.6953488375 0.8695652171875 0.68837209375 0.859130434375 0.6720930234375 0.8556521734375 0.6627906984374999 0.8434782609375 0.651162790625 0.8313043484374999 0.648837209375 0.8243478265625 0.644186046875 0.8139130437500001 0.6279069765624999 0.8121739124999999 0.639534884375 0.8121739124999999 0.653488371875 0.8156521734375 0.6674418609375
0 0.9095652171875 0.660465115625 0.9113043484375 0.653488371875 0.8991304343750001 0.6465116281250001 0.9078260874999999 0.6372093015625 0.8904347828124999 0.653488371875 0.8991304343750001 0.6627906984374999 0.9095652171875 0.660465115625
