0 0.7428154609375001 0.784189046875 0.7393253625 0.750982971875 0.735985034375 0.7311903156249999 0.7319219546875 0.7165095609375001 0.7166424609375001 0.7030076953125 0.7009644921875 0.70969145 0.6902715953125 0.7158512531250001 0.68436453125 0.731579915625 0.6857605703125 0.74486234375 0.694983228125 0.7606794546875 0.699046309375 0.7753602093749999 0.69687805 0.7906959078125 0.6945105515625001 0.8161244140624999 0.6985488984375 0.8425582859375 0.705802534375 0.8636182796874999 0.719137740625 0.8706099187499999 0.7385050468750001 0.8870394265625 0.7475532 0.9011962296875 0.7553798171875 0.903730909375 0.761635890625 0.8913228546875 0.760763365625 0.8830213375 0.7652743906249999 0.8540102468749999 0.7633548359375 0.83574690625 0.763030559375 0.8206731859374999 0.7527361390625 0.80664736875 0.7428154609375001 0.784189046875
0 0.41671233125 0.5347728828125 0.376507478125 0.523890778125 0.3579879640625 0.5275159031250001 0.43946943281250006 0.54748881875 0.43610437187500006 0.5394492765625001 0.41671233125 0.5347728828125
0 0.38059255 0.3589542234375 0.375607478125 0.359478175 0.3720431796875 0.3615314421875 0.3650890859375 0.36729828124999997 0.3716694359375 0.3699639484375 0.3766545078125 0.369439996875 0.385378384375 0.3685230796875 0.39036345625 0.367999128125 0.38949093125 0.359697609375 0.3854031171875 0.35676996562499996 0.38059255 0.3589542234375
0 0.517507528125 0.3428852328125 0.5239133734375 0.343890596875 0.5301447140625 0.3432356578125 0.52944669375 0.3365944421875 0.5212710656249999 0.3307391546875 0.5162859937500001 0.3312631078125 0.5125224562499999 0.3434091859375 0.517507528125 0.3428852328125
0 0.3864762515625 0.438910775 0.38717427187500003 0.44555198906250004 0.394826384375 0.446426365625 0.404796528125 0.4453784609375 0.40995610625 0.44651481249999997 0.4152901875 0.44931146718750004 0.41531492031250006 0.437558353125 0.40624203437500006 0.4351546625 0.3976926640625 0.43773188281250003 0.3864762515625 0.438910775
0 0.45414984062499997 0.5073370125000001 0.44525145781250003 0.5065936265625 0.445949478125 0.513234840625 0.4500372921875 0.516162484375 0.455371375 0.5189591390625 0.46195172500000004 0.52162480625 0.4683575703125 0.52263016875 0.4742399 0.518654621875 0.47371638593750004 0.5136737109375 0.4598329328125 0.5134542765625 0.45414984062499997 0.5073370125000001
0 0.46023140937499996 0.49326865625 0.4648427375 0.501177209375 0.47284386093749997 0.5053721921875 0.4813932328125 0.5027949734375 0.4855057796875 0.49396950312500004 0.48071994531250006 0.48440064375 0.4734168421875 0.4868468765625 0.46023140937499996 0.49326865625
0 0.41559247343749994 0.6440025015625 0.40988464843749994 0.6496383515625 0.41250222187499996 0.67454290625 0.4169390453125 0.6807911578125 0.43757735468750003 0.6853365625000001 0.4439831984375 0.6863419265624999 0.44911804218749996 0.6992313921875 0.4410921859375 0.7067895234375 0.435558865625 0.714085678125 0.433041596875 0.7261007671875 0.43177059531250006 0.73798486875 0.4363819234375 0.7458934234375 0.4523841703125 0.7542833890625 0.45734450937500004 0.7655125515625001 0.46372562031250003 0.778271028125 0.4765373109375 0.7802817546874999 0.47833182656249995 0.7733785640625 0.4765867765625 0.756775528125 0.473221715625 0.7487359859375 0.47165117187499994 0.7337932515625 0.4702551328125 0.7205108234375001 0.47137636406250005 0.6952133046875 0.47160033593749995 0.6733673796875 0.467163509375 0.6671191296875 0.47002979062500005 0.658424646875 0.470054525 0.6466715328125 0.46793573125 0.638501003125 0.46332440156250004 0.63059245 0.45622053593749995 0.6229458718750001 0.45091118750000003 0.6083961015625 0.443981828125 0.6024098265625 0.4372269734375 0.5980838562499999 0.4278050765625 0.5923595578125 0.4215737375 0.5930144984375 0.42227175624999996 0.5996557124999999 0.4268830859375 0.6075642671875 0.42900187812499996 0.615734796875 0.42969989843749995 0.6223760125 0.426110865625 0.63618239375 0.4216493078125 0.64168725625 0.41559247343749994 0.6440025015625
0 0.44188639687500003 0.498554084375 0.4372998015625 0.47889241718750003 0.4293481453125 0.45119120625000003 0.42982219375 0.47967834531250003 0.434608028125 0.48924720156249996 0.4406153953125 0.5104381859375 0.44871682343749997 0.5515528140625 0.45582068906249995 0.559199390625 0.449638815625 0.536348103125 0.44188639687500003 0.498554084375
0 0.47705671250000004 0.5334663671875 0.46833283750000004 0.5343832828124999 0.46726107343749995 0.536174575 0.4665383203125 0.5412864749999999 0.476857475 0.543559178125 0.48593036093749997 0.5459628671875 0.4905664234375 0.5421183093749999 0.4936072078125 0.5350841296875 0.484534321875 0.5326804390625 0.47705671250000004 0.5334663671875
0 0.49485758906250005 0.786749440625 0.4928885671875 0.7919923265625 0.49144306093749995 0.8022161265625 0.49106931875 0.8106486328125 0.48944930624999994 0.8192121265625 0.48959907812500003 0.8326255437500001 0.49777470625 0.8384808312500001 0.50241076875 0.8346362703124999 0.50724606875 0.8206989 0.5085170703124999 0.8088148000000001 0.5069465265625 0.793872065625 0.5044787234375 0.782380928125 0.500590146875 0.769360475 0.4984713546875 0.7611899453125 0.495330265625 0.731304478125 0.490569165625 0.7099825078124999 0.48989587968750004 0.6915881781250001 0.48638104687499994 0.6701352203125001 0.4901693171875 0.6462360281249999 0.48184391875 0.6269673234375001 0.47439104375 0.6160001390625001 0.467287178125 0.6083535609374999 0.468159703125 0.616655078125 0.47860389531249997 0.6440943125 0.48344056718750006 0.71408904375 0.48765341875 0.7421832171875 0.48974747812499997 0.7621068625 0.492564290625 0.77691860625 0.49485758906250005 0.786749440625
0 0.6567968609375 0.7210482359375 0.6646234796875 0.723582915625 0.6721010875 0.7227969859375001 0.6735465953124999 0.7125731875 0.6632274406249999 0.710300484375 0.6584168734375 0.712484740625 0.6541298203125 0.7196499078125 0.6567968609375 0.7210482359375
0 0.5164907171875 0.6568986953125 0.518285234375 0.64999550625 0.5175872140625 0.6433542906249999 0.51010960625 0.6441402187499999 0.5049252953125001 0.65475698125 0.5115056453125 0.6574226484375 0.5164907171875 0.6568986953125
0 0.793559328125 0.5237016296875 0.7887487609375 0.525885884375 0.7979961515625 0.5299498812500001 0.8029812234374999 0.529425928125 0.8022832046874999 0.5227847140625 0.793559328125 0.5237016296875
1 0.8021622796875001 0.74941448125 0.8214787484375 0.705418115625 0.8302273578125 0.6927480859374999 0.849494359375 0.67225795 0.870356640625 0.6549574312499999 0.8894244046875001 0.6445601046875 0.9332677578125 0.6181296 0.9502167281249999 0.5995617421875 0.955799515625 0.568759359375 0.9607090171875001 0.5195626484375 0.9659922609375 0.46193343125 0.9630256765625 0.43370826874999996 0.9608807796875001 0.353358753125 0.9585105390624999 0.2109230609375 0.9206979171875 0.16285933749999998 0.8812900156250001 0.11160599375 0.8570874093749999 0.10911385468749998 0.8366978062499999 0.0709694125 0.7913581078124999 0.04719784375 0.74866071875 0.036577715625 0.70930365625 0.04575024375 0.6688006296875 0.09197340625 0.6606263734375 0.17005021874999998 0.636349565625 0.202817421875 0.5659113734375001 0.263937409375 0.5591070515625 0.28311766718750003 0.5298451703125 0.31640882187499997 0.4797952125 0.3317411546875 0.43168953906249996 0.3535837125 0.4016046015625 0.355067121875 0.359056984375 0.3578604125 0.3254077453125 0.3613970890625 0.310054053125 0.38315456718749996 0.2832352421875 0.43968997187500003 0.2785249796875 0.4787938734375 0.278551084375 0.5509728593750001 0.28804855156250003 0.6053699156250001 0.3067934109375 0.6638309671875 0.330024559375 0.7050340421875 0.3385244640625 0.72596305 0.3857589828125 0.779751071875 0.42908019218750004 0.8322717546874999 0.4846895765625 0.8818222546875001 0.5271629953125 0.9142883046874999 0.5983253125 0.9319885171875001 0.6452850203125 0.9471965921875001 0.6991740875 0.9683909406250001 0.7271155015625 0.9704901140625 0.75525615 0.962496478125 0.7592436593749999 0.9285044765625001 0.759118621875 0.9033379453125001 0.760065346875 0.8763801234375 0.7699104515624999 0.8501656859375 0.7797802921875 0.8121981375 0.7808520546875 0.8104068468750001 0.7883791312499999 0.7861146906250001 0.8021622796875001 0.74941448125
