1 0.6238993703125 0.6505016718750001 0.640251571875 0.6505016718750001 0.6578616359375 0.653846153125 0.667924528125 0.6588628765625 0.6779874218749999 0.6688963203125 0.6905660375 0.6638795984375 0.68176100625 0.647157190625 0.6742138359375 0.6254180609375 0.6654088046875 0.615384615625 0.6654088046875 0.593645484375 0.650314465625 0.586956521875 0.6251572328125 0.586956521875 0.6012578609375 0.5819398 0.5849056609375001 0.5819398 0.5761006296875 0.5969899671875 0.5786163515625 0.6287625421875 0.581132075 0.6605351171875 0.6037735843750001 0.6605351171875 0.6150943390625 0.6521739125 0.6238993703125 0.6505016718750001
1 0.5345911953125 0.5150501671875001 0.5635220125 0.5217391296875 0.5924528296875 0.533444815625 0.6238993703125 0.5367892984375 0.613836478125 0.526755853125 0.594968553125 0.5167224078125 0.594968553125 0.501672240625 0.5849056609375001 0.501672240625 0.5660377359375001 0.49832775937499996 0.54591195 0.49832775937499996 0.5245283015625 0.4933110375 0.5081761 0.4933110375 0.5081761 0.50334448125 0.5194968546875 0.5117056859375 0.5345911953125 0.5150501671875001
0 0.405031446875 0.47324414687500005 0.4 0.469899665625 0.3937106921875 0.46655518437500004 0.387421384375 0.46321070156250005 0.3823899375 0.46655518437500004 0.387421384375 0.469899665625 0.3937106921875 0.4749163875 0.4 0.476588628125 0.40628930781249994 0.48160535156249995 0.413836478125 0.4849498328125 0.42138364843750004 0.4866220734375 0.4289308171875 0.4849498328125 0.43396226406249994 0.4832775921875 0.43899371093750006 0.48160535156249995 0.4301886796875 0.4782608703125 0.422641509375 0.4782608703125 0.4150943390625 0.476588628125 0.405031446875 0.47324414687500005
0 0.35345911874999997 0.4799331109375 0.35849056562500003 0.4832775921875 0.3635220125 0.4849498328125 0.36226415156249997 0.476588628125 0.3660377359375 0.476588628125 0.3748427671875 0.4799331109375 0.3823899375 0.48160535156249995 0.39119496875 0.48829431406249996 0.3987421390625 0.4899665546875 0.41006289375 0.49665551875 0.4150943390625 0.494983278125 0.4150943390625 0.4899665546875 0.41006289375 0.4916387953125 0.40251572343750003 0.4849498328125 0.3937106921875 0.48160535156249995 0.3836477984375 0.4749163875 0.37232704375000003 0.47324414687500005 0.36477987343749996 0.468227425 0.3572327046875 0.46321070156250005 0.35597484218750003 0.4615384609375 0.35471698125 0.4548494984375 0.350943396875 0.45317725781249996 0.350943396875 0.4615384609375 0.3522012578125 0.47157190625 0.35345911874999997 0.4799331109375
0 0.3798742140625 0.494983278125 0.3836477984375 0.49665551875 0.387421384375 0.49832775937499996 0.3924528296875 0.501672240625 0.3974842765625 0.50334448125 0.403773584375 0.505016721875 0.40628930781249994 0.5 0.4 0.49832775937499996 0.394968553125 0.494983278125 0.386163521875 0.4916387953125 0.3786163515625 0.4899665546875 0.3710691828125 0.4866220734375 0.3710691828125 0.4916387953125 0.3748427671875 0.4933110375 0.3798742140625 0.494983278125
0 0.3660377359375 0.5367892984375 0.3660377359375 0.5451505015625 0.368553459375 0.551839465625 0.3710691828125 0.561872909375 0.37358490624999996 0.5685618734375 0.377358490625 0.5719063546875 0.3798742140625 0.555183946875 0.3786163515625 0.5468227421875 0.3710691828125 0.5384615390625 0.3660377359375 0.5367892984375
0 0.5383647796875 0.533444815625 0.549685534375 0.5451505015625 0.5622641515625 0.55351170625 0.5849056609375001 0.558528428125 0.5924528296875 0.5702341140625 0.594968553125 0.5886287625 0.612578615625 0.586956521875 0.641509434375 0.590301003125 0.659119496875 0.583612040625 0.6515723265625 0.5702341140625 0.6440251578125 0.5484949828125 0.62767295625 0.5351170562500001 0.6062893078125 0.533444815625 0.5836477984374999 0.5301003343749999 0.5622641515625 0.5250836125 0.5471698109375 0.5150501671875001 0.522012578125 0.5117056859375 0.5018867921875 0.5083612046875 0.5119496859375 0.5200668890625 0.532075471875 0.523411371875 0.5383647796875 0.533444815625
0 0.14591194999999998 0.3996655515625 0.1421383640625 0.3996655515625 0.1396226421875 0.3979933109375 0.1396226421875 0.3929765890625 0.13710691875 0.3913043484375 0.13584905625000002 0.387959865625 0.1345911953125 0.38294314375 0.13333333281249998 0.38294314375 0.1295597484375 0.381270903125 0.127044025 0.38294314375 0.127044025 0.387959865625 0.1283018875 0.3929765890625 0.1295597484375 0.39464882968750004 0.130817609375 0.3979933109375 0.13333333281249998 0.4013377921875 0.13710691875 0.404682275 0.140880503125 0.40802675624999996 0.1446540875 0.40802675624999996 0.14591194999999998 0.404682275 0.14591194999999998 0.3996655515625
0 0.1094339625 0.3729096984375 0.11320754687500001 0.3729096984375 0.1169811328125 0.3745819390625 0.1194968546875 0.377926421875 0.123270440625 0.377926421875 0.1207547171875 0.3729096984375 0.11823899375 0.3695652171875 0.11446540937500001 0.3645484953125 0.11069182343749999 0.3628762546875 0.105660378125 0.3645484953125 0.10062893125000001 0.3645484953125 0.095597484375 0.3662207359375 0.094339621875 0.3695652171875 0.09308176093750001 0.377926421875 0.09308176093750001 0.38294314375 0.0968553453125 0.38294314375 0.10062893125000001 0.377926421875 0.1018867921875 0.3745819390625 0.105660378125 0.3729096984375 0.1094339625 0.3729096984375
0 0.132075471875 0.4013377921875 0.13584905625000002 0.404682275 0.1383647796875 0.406354515625 0.1421383640625 0.40802675624999996 0.14591194999999998 0.40802675624999996 0.14591194999999998 0.4013377921875 0.1433962265625 0.4013377921875 0.140880503125 0.3996655515625 0.140880503125 0.3963210703125 0.1383647796875 0.39464882968750004 0.13584905625000002 0.3913043484375 0.13584905625000002 0.38628762499999997 0.13333333281249998 0.381270903125 0.1295597484375 0.381270903125 0.1283018875 0.38628762499999997 0.1283018875 0.3913043484375 0.1295597484375 0.3963210703125 0.132075471875 0.4013377921875
0 0.20880503125 0.4230769234375 0.20880503125 0.4314381265625 0.21257861562499997 0.4314381265625 0.213836478125 0.41471571875 0.20880503125 0.41137123750000004 0.20628930781250002 0.41137123750000004 0.205031446875 0.4197324421875 0.20880503125 0.4230769234375
