1 0.5575842703125 0.4619771859375 0.533707865625 0.4676806078125 0.5252808984375 0.48859315625 0.4719101125 0.513307984375 0.5323033703125 0.520912546875 0.5365168546875 0.5399239546875 0.5168539328125 0.58174905 0.5 0.621673003125 0.5070224718749999 0.6444866921875 0.5463483140625 0.6387832703125 0.5716292140625 0.6463878328125 0.6221910109375 0.587452471875 0.6643258421875 0.5323193921875 0.6980337078125001 0.509505703125 0.7191011234375 0.51140684375 0.75140449375 0.49809885937500004 0.75140449375 0.420152090625 0.7106741578125 0.42205323124999994 0.6615168546875 0.43346007656249996 0.644662921875 0.41064638750000004 0.62359550625 0.41634980937500005 0.6011235953125 0.44866920156249995 0.5926966296875 0.479087453125 0.5730337078125001 0.490494296875 0.5575842703125 0.4619771859375
1 0.3216292140625 0.6749049421875 0.38764045 0.6711026609374999 0.40168539374999995 0.6615969578125 0.38904494375 0.6368821296875 0.269662921875 0.6330798484375 0.258426965625 0.6482889734375 0.26404494375 0.6711026609374999 0.3216292140625 0.6749049421875
1 0.522471909375 0.7357414453125 0.5323033703125 0.7376425859375 0.5463483140625 0.7262357421875001 0.5435393265624999 0.711026615625 0.5280898875 0.718631178125 0.522471909375 0.7357414453125
1 0.450842696875 0.722433459375 0.45224719062499996 0.703422053125 0.44522471875 0.69011406875 0.41713483125 0.699619771875 0.4185393265625 0.7243345999999999 0.43258427031249996 0.7395437265625 0.450842696875 0.722433459375
1 0.37640449375 0.7623574140625 0.369382021875 0.7300380234375 0.33146067343749996 0.7357414453125 0.3244382015625 0.7509505703125 0.325842696875 0.7737642578124999 0.3370786515625 0.78707224375 0.366573034375 0.78707224375 0.37640449375 0.7623574140625
0 0.5744382015625 0.6482889734375 0.5716292140625 0.6349809890625 0.568820225 0.6273764265625 0.549157303125 0.6330798484375 0.533707865625 0.6330798484375 0.5323033703125 0.6425855515625 0.5533707859375 0.6425855515625 0.5744382015625 0.6482889734375
0 0.52668539375 0.579847909375 0.5154494374999999 0.5912547531250001 0.5112359546875 0.606463878125 0.5112359546875 0.6178707218749999 0.508426965625 0.6311787078125 0.5168539328125 0.6292775671874999 0.5238764046875 0.6178707218749999 0.5252808984375 0.598859315625 0.5421348312500001 0.5722433453125 0.5407303375 0.5684410640625 0.52668539375 0.579847909375
0 0.46488764062500004 0.7338403046875001 0.50140449375 0.7319391640624999 0.50140449375 0.7281368828125 0.466292134375 0.7281368828125 0.46488764062500004 0.7338403046875001
0 0.5070224718749999 0.7414448671875 0.5154494374999999 0.7338403046875001 0.49578651718750005 0.7376425859375 0.494382021875 0.7433460078125 0.47331460625000005 0.7452471484375 0.47331460625000005 0.7509505703125 0.494382021875 0.7490494296875 0.5070224718749999 0.7414448671875
0 0.5646067421875001 0.6863117875 0.5589887640625 0.6787072249999999 0.5393258421875 0.684410646875 0.5252808984375 0.69011406875 0.5365168546875 0.71292775625 0.5393258421875 0.711026615625 0.5323033703125 0.6939163500000001 0.5393258421875 0.69011406875 0.549157303125 0.7015209125 0.5660112359375 0.7015209125 0.5660112359375 0.695817490625 0.5646067421875001 0.6863117875
0 0.494382021875 0.711026615625 0.477528090625 0.711026615625 0.47612359531250004 0.7148288968750001 0.49297752812500006 0.718631178125 0.5112359546875 0.707224334375 0.5098314609375 0.703422053125 0.494382021875 0.711026615625
