0 0.50062893125 0.6666666671875 0.494339621875 0.655 0.4880503140625 0.6516666671875 0.48679245312499997 0.665 0.4905660375 0.675 0.495597484375 0.6816666671875 0.5018867921875 0.6933333328125 0.504402515625 0.7033333328125 0.5119496859375 0.7166666671875 0.5169811328125 0.7233333328125 0.513207546875 0.7066666671874999 0.5094339625 0.6916666671875 0.505660378125 0.6816666671875 0.50062893125 0.6666666671875
1 0.20628930781250002 0.35 0.14716981093749998 0.33999999999999997 0.13333333281249998 0.5700000000000001 0.2 0.61 0.20628930781250002 0.35
0 0.34591194999999997 0.595 0.3433962265625 0.6033333328125 0.3383647796875 0.62 0.33710691875 0.63 0.33710691875 0.64 0.340880503125 0.6483333328125 0.34465408750000004 0.635 0.34591194999999997 0.6216666671875 0.3471698109375 0.615 0.3522012578125 0.6066666671875 0.3572327046875 0.6 0.36226415156249997 0.5900000000000001 0.367295596875 0.5766666671875 0.3610062890625 0.5766666671875 0.35471698125 0.58 0.349685534375 0.5883333328125 0.34591194999999997 0.595
1 0.313207546875 0.64 0.3396226421875 0.5549999999999999 0.367295596875 0.4683333328125 0.386163521875 0.3866666671875 0.22767295625 0.355 0.205031446875 0.40499999999999997 0.203773584375 0.4966666671875 0.2176100625 0.595 0.313207546875 0.64
0 0.30188679218750003 0.625 0.295597484375 0.6216666671875 0.2968553453125 0.6283333328125 0.2981132078125 0.6383333328125 0.2968553453125 0.6483333328125 0.2968553453125 0.655 0.2981132078125 0.6633333328125001 0.29937106875 0.6716666671875 0.305660378125 0.6783333328125 0.3119496859375 0.6783333328125 0.3169811328125 0.6733333328125 0.3094339625 0.665 0.3069182390625 0.65 0.304402515625 0.6366666671875 0.30188679218750003 0.625
1 0.477987421875 0.445 0.440251571875 0.5083333328124999 0.48930817656250003 0.5700000000000001 0.532075471875 0.49833333281250003 0.477987421875 0.445
1 0.3610062890625 0.5683333328125 0.35471698125 0.575 0.3484276734375 0.585 0.34213836406250003 0.5900000000000001 0.3433962265625 0.6 0.35345911874999997 0.5983333328125 0.3610062890625 0.5933333328125 0.367295596875 0.585 0.37232704375000003 0.575 0.3798742140625 0.5683333328125 0.38993710625 0.5666666671875 0.396226415625 0.5650000000000001 0.3987421390625 0.5566666671875 0.387421384375 0.5549999999999999 0.3786163515625 0.5566666671875 0.3698113203125 0.5616666671874999 0.3610062890625 0.5683333328125
1 0.4578616359375 0.6233333328125 0.48176100625 0.5733333328125 0.431446540625 0.5166666671875 0.3836477984375 0.5599999999999999 0.42012578593749994 0.5716666671875 0.4578616359375 0.6233333328125
1 0.42389937031249997 0.5166666671875 0.45283018906250005 0.475 0.43899371093750006 0.4483333328125 0.396226415625 0.4216666671875 0.3886792453125 0.44666666718750003 0.37358490624999996 0.4933333328125 0.35471698125 0.5416666671875 0.3383647796875 0.6 0.3245283015625 0.6633333328125001 0.34213836406250003 0.6733333328125 0.35471698125 0.5866666671874999 0.3798742140625 0.5466666671875 0.42389937031249997 0.5166666671875
1 0.24276729531250002 0.5900000000000001 0.2339622640625 0.5933333328125 0.23018867968749998 0.6033333328125 0.22767295625 0.6133333328125 0.22641509375000002 0.6283333328125 0.22893081718750002 0.6383333328125 0.24402515781249998 0.645 0.2553459125 0.6533333328125 0.2666666671875 0.6583333328125 0.2805031453125 0.665 0.29182389999999997 0.6716666671875 0.2981132078125 0.6733333328125 0.3094339625 0.6716666671875 0.3119496859375 0.6633333328125001 0.314465409375 0.6516666671875 0.3119496859375 0.6333333328124999 0.3119496859375 0.62 0.305660378125 0.6133333328125 0.2981132078125 0.6116666671875 0.286792453125 0.605 0.272955975 0.5983333328125 0.259119496875 0.5916666671875 0.24276729531250002 0.5900000000000001
0 0.205031446875 0.4883333328125 0.22389937031249998 0.4916666671875 0.22767295625 0.48 0.205031446875 0.475 0.205031446875 0.4883333328125
1 0.18616352187500002 0.36 0.1849056609375 0.355 0.18238993750000002 0.3483333328125 0.177358490625 0.3433333328125 0.167295596875 0.3366666671875 0.1610062890625 0.3333333328125 0.150943396875 0.3333333328125 0.14842767343750002 0.3366666671875 0.1446540875 0.3416666671875 0.14591194999999998 0.3483333328125 0.1522012578125 0.3516666671875 0.1572327046875 0.355 0.167295596875 0.36 0.16981132031249999 0.3633333328125 0.1748427671875 0.365 0.177358490625 0.37 0.1786163515625 0.385 0.177358490625 0.395 0.1761006296875 0.4016666671875 0.1748427671875 0.40499999999999997 0.18238993750000002 0.40833333281249995 0.18993710625 0.40833333281249995 0.1974842765625 0.40833333281249995 0.2025157234375 0.4033333328125 0.20628930781250002 0.3933333328125 0.20880503125 0.38166666718750003 0.20880503125 0.37333333281250003 0.203773584375 0.36833333281249997 0.20125786093750003 0.36666666718749996 0.1937106921875 0.3616666671875 0.18616352187500002 0.36
0 0.222641509375 0.505 0.222641509375 0.4933333328125 0.20880503125 0.49000000000000005 0.20880503125 0.5 0.222641509375 0.505
0 0.18238993750000002 0.485 0.17358490625 0.485 0.1710691828125 0.49000000000000005 0.1710691828125 0.495 0.1786163515625 0.5 0.1836477984375 0.5066666671875 0.1886792453125 0.515 0.1886792453125 0.5266666671875 0.1937106921875 0.5316666671875 0.194968553125 0.5383333328125001 0.194968553125 0.545 0.196226415625 0.5549999999999999 0.1974842765625 0.5616666671874999 0.1974842765625 0.5683333328125 0.1974842765625 0.5783333328125 0.1987421390625 0.5866666671874999 0.20628930781250002 0.5833333328125 0.20754717031249997 0.575 0.20880503125 0.5599999999999999 0.205031446875 0.5283333328125 0.203773584375 0.5133333328125 0.203773584375 0.5016666671875 0.2025157234375 0.4883333328125 0.2025157234375 0.4766666671875 0.196226415625 0.4766666671875 0.194968553125 0.48166666718749995 0.1886792453125 0.48333333281249996 0.18238993750000002 0.485
0 0.29182389999999997 0.6683333328125001 0.28930817656249996 0.6533333328125 0.2805031453125 0.6433333328125 0.26163522031249997 0.65 0.2566037734375 0.655 0.28805031406250003 0.6733333328125 0.29182389999999997 0.6683333328125001
0 0.194968553125 0.465 0.1987421390625 0.475 0.2025157234375 0.46666666718750005 0.1987421390625 0.4583333328125 0.1974842765625 0.44666666718750003 0.1974842765625 0.43833333281250003 0.1974842765625 0.43 0.1987421390625 0.425 0.2 0.4183333328125 0.1924528296875 0.43 0.1924528296875 0.44000000000000006 0.1937106921875 0.4516666671875 0.194968553125 0.465
0 0.2566037734375 0.6283333328125 0.27169811250000003 0.6316666671875 0.2792452828125 0.6183333328125 0.27169811250000003 0.6016666671875 0.259119496875 0.605 0.2566037734375 0.6283333328125
0 0.29433962187499996 0.6283333328125 0.2842767296875 0.6316666671875 0.286792453125 0.665 0.29433962187499996 0.6683333328125001 0.2981132078125 0.65 0.29433962187499996 0.6283333328125
0 0.2792452828125 0.5766666671875 0.28301886718749997 0.5816666671874999 0.28805031406250003 0.5916666671875 0.29182389999999997 0.6 0.2981132078125 0.6066666671875 0.30188679218750003 0.61 0.3081761 0.6133333328125 0.3106918234375 0.6116666671875 0.304402515625 0.6066666671875 0.30062893125 0.6066666671875 0.2968553453125 0.5983333328125 0.2930817609375 0.5900000000000001 0.28930817656249996 0.58 0.2842767296875 0.5733333328125 0.277987421875 0.5666666671875 0.27421383593750004 0.5650000000000001 0.272955975 0.5683333328125 0.276729559375 0.5733333328125 0.2792452828125 0.5766666671875
0 0.3610062890625 0.5866666671874999 0.3660377359375 0.5733333328125 0.349685534375 0.5733333328125 0.332075471875 0.6333333328124999 0.3345911953125 0.6533333328125 0.3433962265625 0.6516666671875 0.34591194999999997 0.625 0.35345911874999997 0.6033333328125 0.3610062890625 0.5866666671874999
0 0.2477987421875 0.5833333328125 0.2566037734375 0.5866666671874999 0.267924528125 0.5900000000000001 0.27421383593750004 0.595 0.28301886718749997 0.5983333328125 0.2842767296875 0.595 0.2792452828125 0.5916666671875 0.269182390625 0.5866666671874999 0.26289308125 0.5833333328125 0.259119496875 0.5816666671874999 0.24905660312500003 0.5766666671875 0.24025157187500001 0.5766666671875 0.23018867968749998 0.5733333328125 0.232704403125 0.5783333328125 0.2377358484375 0.5816666671874999 0.2477987421875 0.5833333328125
0 0.24528301875 0.6033333328125 0.2553459125 0.6083333328125 0.26163522031249997 0.6116666671875 0.26415094375 0.615 0.26415094375 0.6216666671875 0.267924528125 0.6283333328125 0.27169811250000003 0.6283333328125 0.272955975 0.6233333328125 0.27169811250000003 0.6116666671875 0.2704402515625 0.6066666671875 0.26289308125 0.6016666671875 0.25408805 0.6 0.24402515781249998 0.5966666671875 0.2364779875 0.595 0.22138364843749997 0.595 0.22893081718750002 0.5983333328125 0.2377358484375 0.6 0.24528301875 0.6033333328125
0 0.24905660312500003 0.5900000000000001 0.26163522031249997 0.5966666671875 0.27169811250000003 0.6016666671875 0.277987421875 0.6066666671875 0.2905660375 0.6116666671875 0.305660378125 0.62 0.3094339625 0.6216666671875 0.3081761 0.6133333328125 0.30188679218750003 0.61 0.29433962187499996 0.6066666671875 0.28553459062500003 0.6016666671875 0.2792452828125 0.5966666671875 0.269182390625 0.5933333328125 0.26037735781250004 0.5900000000000001 0.250314465625 0.585 0.24025157187500001 0.5816666671874999 0.2251572328125 0.5783333328125 0.22893081718750002 0.5816666671874999 0.2389937109375 0.5866666671874999 0.24905660312500003 0.5900000000000001
