1 0.47517130781250005 0.570803659375 0.43412898593750004 0.58823274375 0.438999428125 0.5987781328125 0.44483690156250005 0.604774 0.45382604843749996 0.6043071640625 0.46718447812499997 0.6000139765625 0.48199345625 0.58889650625 0.47663949843750003 0.5806258765625001 0.47517130781250005 0.570803659375
0 0.8489532125 0.669273746875 0.8565094562500001 0.6922777015625 0.8611469640625 0.7122837234375 0.8657491828125 0.6989967390625 0.8586764546874999 0.673718021875 0.8462674124999999 0.6568151796875 0.8489532125 0.669273746875
0 0.78459628125 0.6960123734375 0.8047592187499999 0.6931655296875 0.8050097968750001 0.7003514 0.811814303125 0.7017977421875 0.8105790468749999 0.6825148921874999 0.7826445765625001 0.6884649171875 0.78459628125 0.6960123734375
0 0.7797611265625 0.7187599921875 0.7741918765625 0.736596503125 0.785365665625 0.7342164921875 0.7887502734375 0.718293159375 0.79990641875 0.6992666437499999 0.781444609375 0.702475075 0.7797611265625 0.7187599921875
0 0.7581652875 0.7450776265625 0.7569300343750001 0.7257947765625 0.76031464375 0.7098714421875 0.7688026296875 0.695032865625 0.7547101046875 0.69441494375 0.7474220828125 0.6952433640625 0.7442704109375 0.7017060640625 0.7501078859375 0.7077019296875 0.7474573703125 0.728536371875 0.7452903734375 0.747096053125 0.7533124890625 0.7511787421875 0.7581652875 0.7450776265625
0 0.6437063125 0.7231261578125 0.62184225 0.7256114171875 0.62379395625 0.7331588734375 0.6327831046875 0.7326920390625 0.6456580187500001 0.7306736140625001 0.6585329328125 0.7286551890624999 0.6701902375000001 0.7240004156250001 0.6599834796875 0.721830903125 0.6437063125 0.7231261578125
0 0.6903531734375 0.7211535718750001 0.680146415625 0.718984059375 0.671891365625 0.7243620015625 0.6719090078125001 0.74100850625 0.691337846875 0.733250553125 0.6903531734375 0.7211535718750001
0 0.6631527968750001 0.7320147078125 0.64857675625 0.7336715468749999 0.623310440625 0.735433634375 0.603631021875 0.7360057171875 0.6012134437500001 0.7473795265625001 0.622593990625 0.7471690296875 0.6405722828125 0.7462353609375 0.6539307140624999 0.7419421749999999 0.6631527968750001 0.7320147078125
0 0.59652300625 0.6774339921875 0.5897185015625 0.6759876499999999 0.5827163468750001 0.7172949484375 0.5878197265625 0.71837970625 0.59652300625 0.6774339921875
0 0.5158889078125 0.705467875 0.52074170625 0.6993667593749999 0.5192735171875 0.689544540625 0.514653653125 0.686185021875 0.51320310625 0.6930093078125 0.5158889078125 0.705467875
0 0.5071326968750001 0.6964740765624999 0.50763385625 0.7108458171875001 0.51322075 0.7096558125 0.511752559375 0.69983359375 0.5124690125 0.6880981984375001 0.50566450625 0.6866518562499999 0.5071326968750001 0.6964740765624999
0 0.6727878203125 0.6532264624999999 0.6654998 0.6540548828125 0.6652668640625 0.6635155140625 0.67207136875 0.6649618562499999 0.6727878203125 0.6532264624999999
0 0.6293102765625 0.6653828515625 0.6266244750000001 0.6529242859375 0.63342898125 0.654370628125 0.6336619171875 0.6449099953124999 0.6217540328125 0.642378896875 0.62202225625 0.6662112703124999 0.6293102765625 0.6653828515625
0 0.5730636796875 0.7794366890625 0.57283074375 0.7888973234375001 0.5818198906250001 0.7884304890625 0.580835215625 0.7763335078125 0.5730636796875 0.7794366890625
0 0.440841703125 0.7323117515625001 0.4272326921875 0.7294190671874999 0.4291843984375 0.7369665234375 0.44109228125 0.739497621875 0.440841703125 0.7323117515625001
0 0.460771703125 0.738925540625 0.44886381875000003 0.736394440625 0.447413271875 0.7432187265625 0.458837640625 0.7480245875 0.460771703125 0.738925540625
0 0.48793679062499995 0.694771396875 0.482349896875 0.6959614015625 0.4877215 0.7208785343749999 0.4916072671875 0.71932694375 0.48793679062499995 0.694771396875
1 0.4017546546875 0.5314231046875 0.39303373124999996 0.5557223140625001 0.4071262578125 0.5563402375 0.415381309375 0.5509622937499999 0.42727154843750004 0.5368468890625 0.43746066250000004 0.522369896875 0.44277933437500006 0.49734751718750003 0.42335049375 0.505105471875 0.4017546546875 0.5314231046875
1 0.3640616546875 0.49963584843750003 0.3686991609375 0.5196418703125001 0.377473015625 0.5452821734375 0.3908490890625 0.557635490625 0.39471721406250004 0.5394373953125 0.38861151718750003 0.5096091546875 0.37400018749999997 0.47797298593750004 0.3640616546875 0.49963584843750003
0 0.38698096406250004 0.5758335859375 0.3891479640625 0.5572739046875 0.3855127734375 0.5660113671875 0.38698096406250004 0.5758335859375
0 0.393051375 0.57236881875 0.3937678265625 0.5606334234375 0.3928007953125 0.565182946875 0.393051375 0.57236881875
0 0.7647192125 0.7393380984375 0.7537960046875 0.74890398125 0.7725083921875 0.752881421875 0.7647192125 0.7393380984375
1 0.7689120609375 0.5690467031249999 0.7764330171875 0.5587576515625 0.7774000484375 0.554208128125 0.7759318578125 0.5443859093750001 0.7533337015625 0.541960059375 0.734137796875 0.54025738125 0.7173771125 0.5438273953125 0.7108231890625001 0.5495669249999999 0.7278344515625 0.5531827796875 0.7421775562499999 0.5609865734375 0.7531184078125001 0.568067196875 0.7689120609375 0.5690467031249999
