1 0.8025101515624999 0.60195081875 0.8086063671874999 0.5844648625 0.796853428125 0.543845290625 0.786652578125 0.5242204187499999 0.780369375 0.51813540625 0.767260659375 0.524931740625 0.754245434375 0.5435135578125 0.7638104796875 0.5703193062499999 0.7580789140624999 0.5901075671875 0.7512534 0.6029889140625 0.7513468921875 0.6147744 0.7524408390625 0.6216813109375 0.75872404375 0.627766325 0.7660076984375 0.628972765625 0.7792099109375 0.6339619171875001 0.788859125 0.6277135140625 0.8025101515624999 0.60195081875
0 0.7991441406249999 0.614284234375 0.7928609375 0.6081992203125 0.7883074875 0.601840240625 0.7837540375 0.5954812609375 0.7778354828125 0.59169855 0.7810238296875001 0.6006338 0.7824824265625 0.609843015625 0.78084616875 0.6219024656250001 0.781940115625 0.6288093781249999 0.78576426875 0.63056375 0.791953978125 0.6248632781250001 0.7964139359375 0.6194367734374999 0.7991441406249999 0.614284234375
0 0.9566170828124999 0.4666199265625 0.9504273734375 0.472320396875 0.9480618156249999 0.47977523906249997 0.9408716531250001 0.49035428281250004 0.9470613640625001 0.48465381250000006 0.9553454734375 0.48098168125 0.9611705328125 0.47297890468750003 0.9639007390625001 0.467826365625 0.9662662953125001 0.4603715234375 0.9638072453125 0.45604088125000003 0.961077040625 0.4611934203125 0.9566170828124999 0.4666199265625
0 0.9440413515625 0.4096102609375 0.9399460421875 0.41733907031250006 0.935850734375 0.425067878125 0.9323912312499999 0.425615809375 0.927201975 0.4264377078125 0.9241071203125 0.42928794375 0.921376915625 0.4344404828125 0.9217415640625 0.4367427859375 0.92693081875 0.43592088906250004 0.9293898687500001 0.44025153125000005 0.9338498265625 0.43482502500000003 0.9383097843750001 0.4293985203125 0.941039990625 0.42424598125 0.9451352984374999 0.4165171734375 0.9478655046875 0.41136463437500004 0.9440413515625 0.4096102609375
0 0.94751018125 0.45390196562499996 0.9485106343749999 0.44902339218750004 0.9464162328124999 0.44699505312500004 0.9398618750000001 0.450393221875 0.9329428671875 0.451489084375 0.9277536109375 0.45231098125 0.9266596640625 0.4454040703125 0.9204699546875 0.451104540625 0.916009996875 0.4565310453125 0.9167392953125001 0.46113565312500004 0.9191983453124999 0.46546629531250006 0.9222932 0.46261606093749996 0.9271178062500001 0.4594918578125 0.9336721656250001 0.4560936921875 0.940591171875 0.4549978296875 0.94751018125 0.45390196562499996
1 0.6083197953124999 0.6185471984375 0.5982124390625 0.6107078109375 0.5846455781250001 0.60341635625 0.5687131640625 0.60357974375 0.5574276921875 0.6218875984375 0.556978875 0.6526394437499999 0.5561654078125 0.6810889875 0.5538933453125 0.700329315625 0.56154165 0.7038380609375 0.5694611125 0.6978636234375 0.5811112328125 0.681858075 0.5948557531249999 0.6678808640625 0.607506328125 0.646996740625 0.61360254375 0.6295107843750001 0.6083197953124999 0.6185471984375
1 0.8784322484375 0.566325353125 0.8758797046875 0.5502092265625 0.86513654375 0.5495507171875 0.8527571249999999 0.5609516593749999 0.836647046875 0.5823837140625 0.8205369687499999 0.60381576875 0.7996022828125 0.6283720234375 0.808980340625 0.6316068015625 0.8165351546874999 0.6233300625 0.8271848203125 0.6122030859375001 0.8399288890625 0.6031044484375 0.8540380593749999 0.591429540625 0.866417478125 0.5800285984375 0.8784322484375 0.566325353125
1 0.90974544375 0.540125303125 0.923854615625 0.5284503953125 0.9375991375 0.514473184375 0.950979009375 0.4981936703125 0.9632649343749999 0.47500724375000003 0.9699969562499999 0.45034041093750005 0.958795653125 0.4355941125 0.95187664375 0.436689975 0.948417140625 0.43723790625000003 0.9277536109375 0.45231098125 0.9141025828125 0.478073678125 0.9059119671874999 0.4935312953125 0.89535579375 0.5164437562499999 0.88270521875 0.5373278781249999 0.8817982593749999 0.5539919359375001 0.895271625 0.5494979078125 0.90974544375 0.540125303125
1 0.6446818859375 0.792152459375 0.6597915109375 0.775598978125 0.6720774359374999 0.7524125515625 0.6968362734375 0.72961066875 0.7209593078125 0.7139896625000001 0.7387991359375 0.6922836421875 0.732422440625 0.67441314375 0.7119365734375 0.6682175531250001 0.6818014921875 0.6682703640625001 0.6573138109375 0.681589065625 0.632461478125 0.6926054640625 0.597595284375 0.7075679609375001 0.56409419375 0.7199541875000001 0.537876759375 0.7335468546875 0.5400646546875 0.747360678125 0.5447116000000001 0.7655051421875 0.560737509375 0.7771272390624999 0.5763987703125 0.7864470328125 0.5972492859375 0.794944928125 0.6208300078125 0.7982902843749999 0.6446818859375 0.792152459375
0 0.8447441687499999 0.5551406109375 0.846202765625 0.5643498265625 0.854122228125 0.5583753890625001 0.8543933828125001 0.5488922078125 0.8546645390625001 0.5394090265625 0.8483813359375001 0.5333240140625 0.8446506765624999 0.5433551265625 0.8447441687499999 0.5551406109375
0 0.669758746875 0.5474547000000001 0.6763131046875 0.544056534375 0.669665253125 0.5356692171875 0.662016946875 0.5321604718749999 0.6530970328125 0.5430134828125001 0.6624750890625 0.5462482609375 0.669758746875 0.5474547000000001
0 0.6981920515625 0.6821947640625 0.707205459375 0.6831272390625001 0.717583971875 0.68148344375 0.7268685359375 0.6729327375 0.7330582437500001 0.6672322671875001 0.739612603125 0.6638341 0.74853251875 0.652981090625 0.754357578125 0.6449783140625 0.7532636312500001 0.6380714046875 0.7432497687499999 0.6420175015625 0.73360055625 0.6482659046875 0.721856940625 0.65248596875 0.7139374796875 0.65846040625 0.715031428125 0.6653673171875 0.7143956234375 0.6725481953125 0.7082059140625 0.678248665625 0.7040171125 0.6741919890625 0.7067473171875001 0.66903945 0.7056533703125 0.6621325375 0.6987343609375001 0.6632284015625001 0.6900856015625 0.6645982296875 0.6818014921875 0.6682703640625001 0.6717876296874999 0.6722164609375 0.6627742203125 0.6712839875000001 0.649936659375 0.668597140625 0.6430176515625 0.669693003125 0.63882885 0.6656363265625 0.6360986453125 0.670788865625 0.63682794375 0.6753934734375 0.6295442859375 0.6741870328124999 0.6344623875 0.682848315625 0.640016290625 0.6843287234375001 0.6469352984375 0.6832328609375 0.6521245546875 0.6824109625 0.6511241 0.6872895359375 0.642839990625 0.69096166875 0.6380153828124999 0.6940858703125 0.6345558796875 0.6946338015625 0.6283661687500001 0.700334271875 0.6210825140625 0.69912783125 0.6137988562500001 0.6979213921875 0.6058793953125 0.7038958265625 0.5996896859375 0.709596296875 0.5948650796875 0.7127205 0.5796619609375 0.7174884953125 0.5717425 0.72346293125 0.56691789375 0.7265871328125 0.56937694375 0.730917775 0.575566653125 0.7252173046875 0.580391259375 0.7220931015625001 0.624635509375 0.710365384375 0.63401356875 0.7136001624999999 0.6422976796875 0.70992803125 0.6533119953125001 0.7011033578125 0.6615961046875001 0.6974312265625 0.6681504640625 0.6940330578125 0.6785289765625 0.6923892640625 0.689907940625 0.685866896875 0.6981920515625 0.6821947640625
0 0.5732945890625001 0.7444576328125 0.57921314375 0.7482403421875 0.5778480421875 0.7508166109375 0.5754824843749999 0.7582714546875 0.58413124375 0.7569016265624999 0.593144653125 0.7578341 0.59168605625 0.7486248843750001 0.5940516125 0.7411700421875 0.5956878703124999 0.729110590625 0.59186371875 0.7273562203124999 0.5839442578125 0.7333306562499999 0.57911965 0.73645485625 0.5732945890625001 0.7444576328125
0 0.5872354234375 0.7988910265625 0.6018027375 0.8013039078125 0.6111807953125 0.8045386875 0.6201942046875 0.8054711609374999 0.6267485625 0.8020729953125001 0.6390344875 0.7788865671874999 0.6334805828125 0.7774061624999999 0.6272908734375 0.7831066328125 0.6211011640625 0.788807103125 0.6089929 0.7907248640625 0.5996148421874999 0.7874900859375 0.5898721359375 0.7819530015625 0.590872590625 0.7770744281249999 0.5812233765625 0.78332283125 0.58185918125 0.7761419546874999 0.5773057296874999 0.7697829734375 0.5703867234375 0.7708788375 0.5655621156249999 0.7740030390625 0.5575491609375 0.7681919890625 0.552995709375 0.7618330109375 0.5536315140625 0.7546521328125 0.5525375671874999 0.747745221875 0.5573621734375 0.7446210203125 0.555903578125 0.7354118046875 0.5482552703125 0.731903059375 0.540606965625 0.728394315625 0.5325940109375 0.7225832671875 0.525675003125 0.72367913125 0.5183913453125 0.7224726890625 0.5173908921875 0.7273512625 0.5233094453125 0.7311339734375 0.5302284546875 0.730038109375 0.5323228546875 0.7320664484375 0.5392418625000001 0.7309705859375 0.5379702546875 0.745332340625 0.5436176515625 0.7585982312499999 0.5468060015625 0.76753348125 0.55208875 0.77849706875 0.5597370546875 0.7820058125 0.5691151140625 0.785240590625 0.57712806875 0.791051640625 0.5872354234375 0.7988910265625
0 0.5835609578125001 0.64134908125 0.5850195546875 0.650558296875 0.590208809375 0.6497363984375 0.59430411875 0.6420075890625 0.5980347765625 0.6319764765625 0.5945752734374999 0.6325244078125001 0.5883855640625 0.6382248796875001 0.5835609578125001 0.64134908125
0 0.572817796875 0.640690571875 0.5662634375 0.6440887390625 0.55934443125 0.6451846015625 0.560438378125 0.6520915125 0.5659922828124999 0.6535719203125 0.5777358968749999 0.6493518546875 0.5804661015625 0.644199315625 0.5793721546875 0.6372924046875 0.5738182515625 0.6358119984374999 0.572817796875 0.640690571875
0 0.6144160109375 0.601061240625 0.61132115625 0.603911478125 0.603037046875 0.607583609375 0.5933878328125 0.6138320125 0.5833739703124999 0.6177781109375 0.572630809375 0.6171196015625 0.569900603125 0.622272140625 0.5713592000000001 0.63148135625 0.57827820625 0.63038549375 0.5921162234375 0.6281937671875 0.6017654359375 0.6219453640625 0.61105 0.613394659375 0.6144160109375 0.601061240625
1 0.7199215515625 0.53950969375 0.7960213109375001 0.48261556250000004 0.89705756875 0.3816508828125 0.8958608031249999 0.3181188515625 0.897758890625 0.2517365828125 0.8970202671875 0.20229234062499998 0.8789934515625 0.20042739062499998 0.8591527125 0.23189055625 0.7867836125000001 0.278753575 0.6884682359375 0.329726078125 0.6549671453125 0.34211230625 0.641587271875 0.358391821875 0.6414096093749999 0.3796604875 0.66856198125 0.48392266875 0.6824093203125 0.5265705781250001 0.7199215515625 0.53950969375
0 0.761875090625 0.45734303125000003 0.6895059906250001 0.50420605 0.6964343234375 0.547949821875 0.71582624375 0.5472385015625 0.7057188875 0.539399115625 0.71809830625 0.527998175 0.7383971859375 0.510622796875 0.7853623171875 0.4489029015625 0.761875090625 0.45734303125000003
0 0.43240876093749997 0.5378460734375 0.4163828515625 0.5262239765625 0.37213859843749997 0.5379516953125 0.3670428375 0.5505590781249999 0.3726902359375 0.5638249703125 0.38170364375 0.56475744375 0.41729913593749995 0.5543995546875 0.4200293421875 0.549247015625 0.4283134515625 0.5455748828125 0.43240876093749997 0.5378460734375
