0 0.5744970875 0.6421292390625 0.5815652234375001 0.64407680625 0.5691656968750001 0.6400906546875 0.5744970875 0.6421292390625
0 0.5747393828125 0.6467525249999999 0.5799496234375 0.6464794671874999 0.5795861796875 0.639544540625 0.5674289515625001 0.640181675 0.5747393828125 0.6467525249999999
0 0.5966706796875 0.6664650796875 0.5862501984375 0.66701119375 0.5868559390625 0.6785694046875 0.593681778125 0.6758936875 0.6024866609374999 0.6777502328125 0.6166229328124999 0.681645365625 0.6217120265625 0.6790606671875 0.6108069515625 0.6703602109375 0.5966706796875 0.6664650796875
0 0.57643545625 0.67911551875 0.5820091406250001 0.6857773890625001 0.5942875187500001 0.6874518984375 0.6015979515625001 0.6940227484375 0.6084237906250001 0.6913470312500001 0.5993766109374999 0.6848671984375 0.5887138328125 0.6807900296875 0.57643545625 0.67911551875
0 0.529583959375 0.6491190203125 0.5140743859375 0.652249834375 0.5038961984375 0.657419234375 0.5078542859375 0.666483765625 0.5127010828125 0.6592757796875001 0.5230004171875 0.656418025 0.5368943921875 0.655689871875 0.5455781281250001 0.6552347765625 0.547072578125 0.6505204734375 0.529583959375 0.6491190203125
0 0.5382270203124999 0.6811179390625 0.5503842515625 0.6804808046875 0.5463050171875 0.66910463125 0.5272007999999999 0.670105840625 0.5294221390625 0.6792613921874999 0.5382270203124999 0.6811179390625
0 0.46621303125 0.6362142093750001 0.471544421875 0.63825279375 0.47538135937500003 0.6450056843749999 0.48047045156249996 0.642420984375 0.47105982968750004 0.6290062234375 0.460639346875 0.6295523390625 0.46621303125 0.6362142093750001
0 0.47861168125000003 0.73987404375 0.48244862031249997 0.7466269328124999 0.49658489218749996 0.7505220640625 0.4961003 0.7412754953125 0.4952522640625 0.7250939984375 0.4890728390625 0.706873915625 0.49343504375 0.6904193609375 0.49606050156250003 0.6740558265625001 0.48515542656250005 0.6653553703124999 0.479662215625 0.69345915625 0.47085733281250003 0.6916026078125 0.47332096718749994 0.70538144375 0.4774002015625 0.71675761875 0.479621540625 0.7259131703125 0.471058953125 0.72867990625 0.47861168125000003 0.73987404375
0 0.5116912234375001 0.6732366546875 0.4982818390625 0.6832113765625001 0.49662556562500004 0.7180680515625 0.5115294015625 0.703379025 0.5116912234375001 0.6732366546875
0 0.53333955 0.7207799359375 0.5466277859375 0.708493571875 0.54614319375 0.6992470015625 0.5398019453125 0.7111692890625 0.5265137109375 0.7234556546875 0.53333955 0.7207799359375
0 0.5585427203125 0.703233153125 0.55159573125 0.7035972296875 0.5523226203125 0.7174670843750001 0.5607640578125 0.7123887046874999 0.5585427203125 0.703233153125
0 0.6075350796875 0.707619546875 0.5988513453125 0.7080746421875 0.6026882828125 0.71482753125 0.609635271875 0.7144634562500001 0.6075350796875 0.707619546875
0 0.4944051015625 0.60923881875 0.4801476828125 0.6030320437500001 0.4658902625 0.59682526875 0.45534863281250004 0.595059740625 0.4697272 0.6035781578125 0.48410576875 0.612096575 0.5018366828125 0.6181213125 0.51783085 0.6242370671875 0.5389141093750001 0.627768125 0.5314825296875 0.61888563125 0.5121360171875 0.6152635546874999 0.4944051015625 0.60923881875
1 0.8410284921875 0.4774914703125 0.832587053125 0.4825698515625 0.8258823609375 0.48755721249999995 0.8304461875 0.50817995625 0.834404275 0.5172444875 0.8484193984375 0.518827978125 0.8495504046875 0.5071787453125001 0.8520547140625 0.48850356875 0.8498333765625 0.47934801875 0.84946993125 0.47241309062500003 0.8410284921875 0.4774914703125
0 0.78003985 0.543273521875 0.7904603328124999 0.5427274078125001 0.80609105625 0.5419082359375 0.8113012953125001 0.5416351781250001 0.8162692421875001 0.5367388359375 0.821358334375 0.5341541375000001 0.7605721890625 0.5373398046875 0.78003985 0.543273521875
1 0.876287825 0.5521373281249999 0.8862237140625 0.54234464375 0.8907070671874999 0.5282017328124999 0.8902224750000001 0.5189551625 0.8878799875000001 0.5074879703125 0.8704320453125 0.47363250468749996 0.8678065875 0.489996040625 0.8596074437500001 0.4996977046875 0.856618540625 0.5091263125000001 0.8518928921875 0.518645940625 0.8444206375000001 0.542217459375 0.84478408125 0.5491523875000001 0.8435319281250001 0.558489975 0.840421878125 0.565606940625 0.8373118281249999 0.57272390625 0.8360596734374999 0.5820614953125001 0.836544265625 0.591308065625 0.8354132578125 0.602957296875 0.8273352640624999 0.614970603125 0.8114215703125 0.643620503125 0.8396136406249999 0.6166451125 0.8445815859374999 0.6117487703125 0.8493072343750001 0.60222914375 0.8504382406250001 0.5905799125 0.8548004453125 0.5741253578125 0.8629995875 0.5644236921875 0.8695831328124999 0.5571246890625 0.876287825 0.5521373281249999
