0 0.07378410937499999 0.5725687125000001 0.07319548125 0.5837985796875 0.0791765859375 0.594036615625 0.0890800078125 0.600499359375 0.1252623703125 0.602994784375 0.142160490625 0.6062794453125 0.159744875 0.61423521875 0.164353453125 0.6151310359375 0.17500916718749998 0.6013202984375 0.181317603125 0.59347110625 0.187201075 0.5878081671875 0.1643218484375 0.5742854687500001 0.13778160625 0.5713954265625001 0.109018909375 0.5635356671875 0.0916958234375 0.5624372578125 0.087773509375 0.56621255 0.0831649296875 0.5653167328125 0.0777064234375 0.5687934203125 0.07378410937499999 0.5725687125000001
0 0.15889494531249998 0.618607721875 0.11852897031250001 0.613030228125 0.11248183437499999 0.62773678125 0.10532346875000001 0.6399584765624999 0.11061831250000001 0.645525403125 0.12290785312500001 0.6479142484375 0.1323863109375 0.65656324375 0.139544675 0.6443415484374999 0.14977542500000002 0.6327170640625 0.15889494531249998 0.618607721875
0 0.1225805234375 0.6660014765625 0.1203580671875 0.6610317609374999 0.1148995609375 0.6645084484375 0.118658209375 0.66977676875 0.1225805234375 0.6660014765625
0 0.10123749062500001 0.6527773828125001 0.0960402828125 0.6631114328125001 0.09476538906250001 0.6696701890625001 0.09937396875 0.6705660046874999 0.10303498281250001 0.65993335 0.10584606875 0.6536732 0.10123749062500001 0.6527773828125001
0 0.0963992171875 0.6858697703125001 0.09809907500000001 0.6771247609375 0.0939154609375 0.6740426937499999 0.08871825312500001 0.684376740625 0.0963992171875 0.6858697703125001
0 0.088979553125 0.6912341046875 0.08659343124999999 0.6953080015624999 0.08685473125 0.7021653640625 0.09035208125000001 0.7005763234375 0.0912020109375 0.69620381875 0.088979553125 0.6912341046875
0 0.1095386890625 0.6838861109375001 0.10561637500000001 0.687661403125 0.11133618281249999 0.691042078125 0.1145722328125 0.682595675 0.1095386890625 0.6838861109375001
0 0.24710977500000003 0.7060895078125 0.2472734390625 0.69704589375 0.2426648609375 0.6961500765624999 0.23567016093749998 0.699328159375 0.233120375 0.7124456703125001 0.241226303125 0.711752446875 0.24710977500000003 0.7060895078125
0 0.3089508453125 0.675001915625 0.3028060734375 0.6738074921874999 0.29666130156250003 0.6726130703125001 0.29162775937499996 0.6739035046875 0.2900915671875 0.6736049000000001 0.2855806234375 0.6886100578125001 0.28737811562500004 0.695766025 0.294372815625 0.6925879453125 0.29898139375 0.6934837609375 0.3047012015625 0.6968644359375 0.3104210078125 0.7002451093750001 0.31434332187499997 0.6964698171875 0.31339575937499997 0.6849413453125 0.3111733015625 0.67997163125 0.3089508453125 0.675001915625
0 0.2170377578125 0.7705786609375 0.21354040937500002 0.7721677015624999 0.21422667187500002 0.7768388109375 0.21841028593749998 0.7799208796875 0.22037144375 0.7780332328124999 0.22011014375000001 0.7711758718749999 0.2170377578125 0.7705786609375
0 0.3754292796875 0.7922914265625 0.3848101015625 0.785039446875 0.3834375734375 0.7756972265625001 0.3731091875 0.771420734375 0.3656895234375 0.7767850671875001 0.3716706296875 0.7870231046875 0.3754292796875 0.7922914265625
0 0.2366465109375 0.8583379171875001 0.23886896875 0.86330763125 0.24475244062499998 0.8576446921875001 0.2425299828125 0.852674978125 0.2350126828125 0.842138334375 0.2316789984375 0.8346837609375 0.22818165 0.8362728031250001 0.22690675625 0.842831559375 0.2317766328125 0.8505847390625 0.2366465109375 0.8583379171875001
0 0.22962302499999998 0.7140347109375 0.23184548125 0.719004428125 0.23534283125000002 0.7174153859375 0.2346565671875 0.7127442765625001 0.22962302499999998 0.7140347109375
0 0.569583834375 0.6054144265625 0.5741924140625 0.6063102437500001 0.5771671640625 0.5910064796875 0.57971695 0.5778889671874999 0.583116665625 0.56039895 0.5873663078125 0.5385364296875 0.5916159515625 0.5166739078125 0.5874323375 0.5135918390625 0.569583834375 0.6054144265625
0 0.7534444312499999 0.3484707828125 0.74269108125 0.34638054218750003 0.7363826453125 0.354229734375 0.7421024515625 0.35761040781250003 0.7574643796875 0.3605964640625 0.7568757515625 0.3718263296875 0.7562871203125 0.38305619687500003 0.7773688562500001 0.389422928125 0.8027978703124999 0.3898281125 0.809694934375 0.37074905468749997 0.8141082421875 0.339842921875 0.79858265 0.345900478125 0.7816845296875 0.3426158171875 0.7711924796875 0.3473829390625 0.7534444312499999 0.3484707828125
