0 0.5879396984375 0.254606365625 0.6005025125000001 0.25125628125 0.619346734375 0.24455611406250002 0.6281407031249999 0.2412060296875 0.623115578125 0.2345058625 0.6168341703125 0.23785594687499997 0.6005025125000001 0.2361809046875 0.5891959796874999 0.242881071875 0.575376884375 0.24790619687499998 0.5678391953124999 0.2529313234375 0.5590452265625 0.2579564484375 0.5665829140625 0.259631490625 0.572864321875 0.2579564484375 0.5879396984375 0.254606365625
0 0.5954773875 0.3366834171875 0.629396984375 0.32998325 0.6494974874999999 0.32998325 0.646984925 0.32495812343749997 0.6319095484374999 0.3232830828125 0.620603015625 0.3232830828125 0.6042713562500001 0.32830820781250003 0.5854271359375 0.3333333328125 0.574120603125 0.3400335015625 0.5590452265625 0.3450586265625 0.5603015078125 0.35175879375 0.577889446875 0.34673366875 0.5954773875 0.3366834171875
0 0.579145728125 0.4036850921875 0.5891959796874999 0.39698492500000004 0.603015075 0.3919597984375 0.6143216078125 0.388609715625 0.624371859375 0.3869346734375 0.630653265625 0.3819095484375 0.624371859375 0.3819095484375 0.6143216078125 0.3835845890625 0.6042713562500001 0.38525963124999996 0.5917085421875 0.388609715625 0.5841708546875 0.393634840625 0.577889446875 0.3953098828125 0.5665829140625 0.4036850921875 0.55527638125 0.4120603015625 0.5565326640625 0.41876046875000006 0.5628140703125 0.41373534375 0.579145728125 0.4036850921875
0 0.7424623109375 0.39698492500000004 0.7424623109375 0.388609715625 0.7374371859375 0.38525963124999996 0.729899496875 0.3869346734375 0.7185929640625 0.3902847578125 0.7110552765625 0.3902847578125 0.727386934375 0.3953098828125 0.7374371859375 0.3953098828125 0.7424623109375 0.39698492500000004
0 0.5314070359375 0.5929648234375 0.5364321609375 0.5845896140625 0.548994975 0.5812395312499999 0.5590452265625 0.5711892796875 0.5665829140625 0.561139028125 0.576633165625 0.556113903125 0.5891959796874999 0.5510887765625 0.59798995 0.5460636515624999 0.6092964828125 0.5460636515624999 0.619346734375 0.544388609375 0.6319095484374999 0.5427135671875 0.6407035171875 0.5410385265625 0.65201005 0.5410385265625 0.6670854265624999 0.5427135671875 0.6783919593750001 0.539363484375 0.6871859296875 0.5376884421875 0.6922110546875 0.530988275 0.6834170859375 0.530988275 0.673366834375 0.530988275 0.6633165828124999 0.5326633171874999 0.65326633125 0.5326633171874999 0.6407035171875 0.5326633171874999 0.6281407031249999 0.5360134000000001 0.6155778890625 0.5376884421875 0.6055276375 0.5376884421875 0.5891959796874999 0.539363484375 0.579145728125 0.5460636515624999 0.569095478125 0.5494137359375 0.5603015078125 0.556113903125 0.5515075375 0.5628140703125 0.5439698500000001 0.5678391953124999 0.5314070359375 0.572864321875 0.522613065625 0.5829145734375001 0.521356784375 0.589614740625 0.520100503125 0.59798995 0.525125628125 0.5963149078125001 0.5314070359375 0.5929648234375
0 0.772613065625 0.35510887812499997 0.7826633171874999 0.3567839203125 0.7927135671875 0.3534338359375 0.8040201 0.3534338359375 0.8165829140625 0.35175879375 0.825376884375 0.3500837515625 0.8391959796874999 0.3500837515625 0.8492462312500001 0.3500837515625 0.8605527640625 0.3500837515625 0.876884421875 0.3534338359375 0.8869346734375 0.360134003125 0.8907035171875 0.3685092125 0.8944723625 0.3835845890625 0.89572864375 0.39698492500000004 0.89824120625 0.40703517656250005 0.90326633125 0.4170854265625 0.9095477390625 0.4237855953125 0.9145728640625 0.4237855953125 0.9208542718749999 0.4237855953125 0.9271356781250001 0.4254606359375 0.925879396875 0.41541038593749996 0.9183417078125 0.41373534375 0.9120603015625001 0.4170854265625 0.9070351765625 0.4120603015625 0.9045226124999999 0.40703517656250005 0.9045226124999999 0.39698492500000004 0.90201005 0.38525963124999996 0.9007537687499999 0.3701842546875 0.8969849249999999 0.360134003125 0.8907035171875 0.3484087109375 0.8806532656250001 0.3417085421875 0.870603015625 0.3417085421875 0.8567839203125001 0.3417085421875 0.8454773875000001 0.33835845937500003 0.8266331656249999 0.3400335015625 0.8103015078125001 0.3417085421875 0.7939698500000001 0.3450586265625 0.7814070359375 0.3484087109375 0.768844221875 0.34673366875 0.75376884375 0.3500837515625 0.7525125625 0.3567839203125 0.7600502515625001 0.3534338359375 0.772613065625 0.35510887812499997
0 0.520100503125 0.7587939703125001 0.5326633171874999 0.75376884375 0.5376884421875 0.74874371875 0.5351758796875 0.7353433828125 0.523869346875 0.740368509375 0.522613065625 0.74874371875 0.5087939703125001 0.7571189281249999 0.5025125625 0.7705192624999999 0.50376884375 0.7805695140625 0.5138190953125 0.7705192624999999 0.520100503125 0.7587939703125001
0 0.525125628125 0.7889447234375 0.5414572859375 0.7788944718749999 0.5565326640625 0.7705192624999999 0.569095478125 0.7604690125 0.603015075 0.7420435515625 0.64824120625 0.7169179234375 0.65075376875 0.7035175875 0.6155778890625 0.72026800625 0.5917085421875 0.7336683421875 0.5841708546875 0.740368509375 0.570351759375 0.7437185921875 0.5590452265625 0.75376884375 0.548994975 0.7587939703125001 0.5351758796875 0.768844221875 0.525125628125 0.7788944718749999 0.5125628140625 0.78224455625 0.50125628125 0.798994975 0.5075376890625 0.8006700171875 0.5138190953125 0.7922948078125 0.525125628125 0.7889447234375
0 0.6922110546875 0.6850921265625 0.7022613062499999 0.6850921265625 0.6997487437500001 0.673366834375 0.6909547734375 0.6716917921875 0.6834170859375 0.6767169171875 0.674623115625 0.6800670015625 0.672110553125 0.68676716875 0.6834170859375 0.68676716875 0.6922110546875 0.6850921265625
0 0.7173366828125001 0.661641540625 0.7223618093749999 0.6515912890625 0.7148241203125 0.6465661640625 0.7022613062499999 0.6499162484375 0.6984924625 0.6566164156250001 0.6959799 0.6649916250000001 0.701005025 0.6649916250000001 0.7097989953125 0.6599664984375 0.7173366828125001 0.661641540625
0 0.5351758796875 0.8023450593750001 0.5376884421875 0.790619765625 0.5288944718749999 0.798994975 0.5163316578125 0.8056951421875 0.5087939703125001 0.8207705187500001 0.5163316578125 0.8207705187500001 0.525125628125 0.8107202687499999 0.5351758796875 0.8023450593750001
0 0.5929648234375 0.7654941375 0.60175879375 0.7604690125 0.6067839203125 0.75376884375 0.5929648234375 0.7554438859375 0.5841708546875 0.7638190953125 0.570351759375 0.7671691796875 0.5665829140625 0.773869346875 0.576633165625 0.7721943046875 0.5929648234375 0.7654941375
0 0.523869346875 0.6884422109375 0.5288944718749999 0.6850921265625 0.5339195984375 0.6783919593750001 0.5389447234375 0.6716917921875 0.5464824125 0.6716917921875 0.55276381875 0.67001675 0.55527638125 0.6649916250000001 0.55527638125 0.6599664984375 0.5502512562499999 0.6633165828124999 0.5439698500000001 0.6633165828124999 0.5402010046875 0.6649916250000001 0.5339195984375 0.6716917921875 0.525125628125 0.6767169171875 0.518844221875 0.68676716875 0.5163316578125 0.6917922953125 0.518844221875 0.6934673359375 0.522613065625 0.6934673359375 0.523869346875 0.6884422109375
0 0.5866834171875001 0.6515912890625 0.5929648234375 0.64824120625 0.59798995 0.644891121875 0.59798995 0.6415410390625 0.5929648234375 0.6415410390625 0.5866834171875001 0.6432160796875 0.5829145734375001 0.6432160796875 0.576633165625 0.6432160796875 0.570351759375 0.644891121875 0.5665829140625 0.64824120625 0.5653266328125001 0.65326633125 0.570351759375 0.6549413734375 0.577889446875 0.6549413734375 0.5866834171875001 0.6515912890625
0 0.6005025125000001 0.644891121875 0.603015075 0.6465661640625 0.6067839203125 0.644891121875 0.6092964828125 0.6415410390625 0.6118090453125 0.6381909546875 0.6130653265625 0.6348408703125 0.6105527640624999 0.6281407031249999 0.6080402015625 0.6281407031249999 0.603015075 0.6281407031249999 0.6005025125000001 0.6348408703125 0.6005025125000001 0.6415410390625 0.6005025125000001 0.644891121875
1 0.50376884375 0.7889447234375 0.54522613125 0.7638190953125 0.5816582921875 0.7470686765625 0.630653265625 0.7269681734375 0.65075376875 0.695142378125 0.672110553125 0.6633165828124999 0.679648240625 0.6348408703125 0.69723618125 0.603015075 0.7097989953125 0.5661641546875 0.7072864328125 0.5343383578124999 0.6959799 0.5041876046875 0.674623115625 0.4907872703125 0.6381909546875 0.4824120609375 0.5954773875 0.4840871015625 0.5615577890625 0.48911222812500005 0.5351758796875 0.5175879390625 0.505025125 0.539363484375 0.49748743749999996 0.594639865625 0.5062814078125 0.661641540625 0.50376884375 0.7889447234375
0 0.701005025 0.2345058625 0.7097989953125 0.2345058625 0.7160804015625 0.22278056875000002 0.7060301499999999 0.22278056875000002 0.6922110546875 0.221105528125 0.680904521875 0.22278056875000002 0.669597990625 0.22278056875000002 0.6608040203125001 0.2345058625 0.672110553125 0.23785594687499997 0.6846733671874999 0.2361809046875 0.701005025 0.2345058625
1 0.5565326640625 0.773869346875 0.575376884375 0.7604690125 0.5954773875 0.7554438859375 0.6155778890625 0.74874371875 0.626884421875 0.7386934671875001 0.6444723625 0.7219430484375 0.6633165828124999 0.706867671875 0.6834170859375 0.6968174203124999 0.6997487437500001 0.68676716875 0.7135678390625 0.6800670015625 0.724874371875 0.6666666671875 0.728643215625 0.6432160796875 0.719849246875 0.6415410390625 0.701005025 0.6515912890625 0.6884422109375 0.6599664984375 0.6846733671874999 0.6716917921875 0.673366834375 0.6800670015625 0.6608040203125001 0.6850921265625 0.64824120625 0.6984924625 0.6369346734375 0.7085427140625 0.6143216078125 0.7185929640625 0.580402009375 0.7319933 0.5603015078125 0.7470686765625 0.5414572859375 0.7587939703125001 0.5163316578125 0.77721943125 0.49497487500000004 0.798994975 0.5175879390625 0.798994975 0.5351758796875 0.7839195984375 0.5565326640625 0.773869346875
