0 0.5891959796874999 0.4757118921875 0.59924623125 0.4673366828125 0.6055276375 0.46063651562499996 0.6155778890625 0.4623115578125 0.626884421875 0.472361809375 0.629396984375 0.47906197656250005 0.630653265625 0.48911222812500005 0.630653265625 0.49748743749999996 0.625628140625 0.5092127296875 0.6143216078125 0.5259631484375 0.6005025125000001 0.5477386937500001 0.5841708546875 0.5628140703125 0.574120603125 0.5812395312499999 0.5678391953124999 0.594639865625 0.5678391953124999 0.6097152421875001 0.580402009375 0.6164154109375 0.6067839203125 0.594639865625 0.6218592968750001 0.5695142375 0.6344221109375 0.5494137359375 0.6457286437499999 0.5343383578124999 0.65326633125 0.5175879390625 0.6608040203125001 0.46566164218750006 0.6595477390625 0.4489112234375 0.6356783921875 0.43048576250000004 0.619346734375 0.4254606359375 0.59673366875 0.427135678125 0.5716080406249999 0.4489112234375 0.5414572859375 0.5025125625 0.5326633171874999 0.5276381906250001 0.5288944718749999 0.55276381875 0.5288944718749999 0.5628140703125 0.5464824125 0.572864321875 0.5628140703125 0.5259631484375 0.570351759375 0.5041876046875 0.579145728125 0.48743718593749996 0.5891959796874999 0.4757118921875
1 0.669597990625 0.40703517656250005 0.6407035171875 0.422110553125 0.623115578125 0.4338358453125 0.60175879375 0.4321608046875 0.572864321875 0.45226130624999994 0.55276381875 0.4824120609375 0.5414572859375 0.5041876046875 0.5364321609375 0.5343383578124999 0.5288944718749999 0.544388609375 0.5376884421875 0.5661641546875 0.5389447234375 0.5912897828125 0.5414572859375 0.6180904515625001 0.5577889453125 0.6381909546875 0.5954773875 0.5996649921875 0.6067839203125 0.5745393640625001 0.624371859375 0.556113903125 0.6344221109375 0.5427135671875 0.646984925 0.5343383578124999 0.6582914578125 0.5175879390625 0.6658291453125 0.4824120609375 0.672110553125 0.4589614734375 0.679648240625 0.42881072031249995 0.669597990625 0.40703517656250005
0 0.7776381906250001 0.5159128984375 0.7964824125 0.505862646875 0.8077889453125 0.49748743749999996 0.8165829140625 0.49246231093750004 0.821608040625 0.48576214375 0.8153266328125 0.469011725 0.798994975 0.4740368515625 0.771356784375 0.48911222812500005 0.7399497484374999 0.505862646875 0.724874371875 0.5159128984375 0.719849246875 0.5175879390625 0.731155778125 0.5343383578124999 0.7412060296874999 0.5276381906250001 0.7562814078125 0.5242881078125 0.7675879390625 0.51926298125 0.7776381906250001 0.5159128984375
1 0.7826633171874999 0.3701842546875 0.7839195984375 0.38525963124999996 0.773869346875 0.41373534375 0.7650753765625 0.4371859296875 0.75125628125 0.46063651562499996 0.7336683421875 0.4907872703125 0.7336683421875 0.5092127296875 0.7525125625 0.5209380234375 0.776381909375 0.510887771875 0.7964824125 0.505862646875 0.827889446875 0.49246231093750004 0.8329145734375001 0.4740368515625 0.8391959796874999 0.46063651562499996 0.84673366875 0.4455611390625 0.8492462312500001 0.4321608046875 0.8492462312500001 0.40536013437499996 0.8341708546875 0.3869346734375 0.8090452265625 0.3701842546875 0.7826633171874999 0.3701842546875
0 0.8128140703125 0.4237855953125 0.8103015078125001 0.48576214375 0.8341708546875 0.4824120609375 0.8379396984374999 0.4170854265625 0.8128140703125 0.4237855953125
0 0.7902010046875 0.572864321875 0.7814070359375 0.5845896140625 0.770100503125 0.589614740625 0.7650753765625 0.59798995 0.7562814078125 0.6013400328125 0.74623115625 0.606365159375 0.7386934671875001 0.6147403687499999 0.729899496875 0.6147403687499999 0.7211055281250001 0.611390284375 0.7185929640625 0.6046901171875 0.7148241203125 0.58626465625 0.7148241203125 0.5745393640625001 0.7110552765625 0.5661641546875 0.7022613062499999 0.5544388609374999 0.69472361875 0.5343383578124999 0.6846733671874999 0.5427135671875 0.6846733671874999 0.5494137359375 0.6821608046875001 0.5577889453125 0.673366834375 0.5577889453125 0.677135678125 0.5628140703125 0.679648240625 0.5711892796875 0.6859296484375 0.577889446875 0.6922110546875 0.58626465625 0.69723618125 0.59798995 0.7035175875 0.6097152421875001 0.7035175875 0.6180904515625001 0.70477386875 0.6415410390625 0.7035175875 0.6582914578125 0.7022613062499999 0.673366834375 0.7022613062499999 0.68676716875 0.6997487437500001 0.7051926296875 0.7185929640625 0.6834170859375 0.7324120609375 0.6716917921875 0.7562814078125 0.6465661640625 0.7776381906250001 0.6247906203125 0.7914572859375 0.6130653265625 0.8027638187499999 0.59798995 0.8065326640625001 0.58626465625 0.8090452265625 0.572864321875 0.8103015078125001 0.5628140703125 0.8027638187499999 0.5678391953124999 0.7902010046875 0.572864321875
0 0.8140703515625001 0.5477386937500001 0.7035175875 0.6281407031249999 0.701005025 0.695142378125 0.8115577890625 0.5795644890625 0.8140703515625001 0.5477386937500001
0 0.4899497484375 0.8609715250000001 0.479899496875 0.8693467343749999 0.46608040156249997 0.8760469015625001 0.451005025 0.88274706875 0.4321608046875 0.88777219375 0.4610552765625 0.8860971531249999 0.4824120609375 0.8777219437499999 0.50125628125 0.8726968171875 0.520100503125 0.8643216078125 0.530150753125 0.852596315625 0.522613065625 0.84422110625 0.5062814078125 0.8458961468749999 0.49748743749999996 0.8592964828125 0.4899497484375 0.8609715250000001
0 0.6984924625 0.594639865625 0.724874371875 0.5829145734375001 0.69723618125 0.5175879390625 0.6645728640625 0.5577889453125 0.6984924625 0.594639865625
0 0.8266331656249999 0.4338358453125 0.8266331656249999 0.44723618125 0.825376884375 0.45728643281250003 0.824120603125 0.472361809375 0.821608040625 0.4840871015625 0.827889446875 0.48073701875 0.8316582921875 0.4757118921875 0.830402009375 0.4589614734375 0.8341708546875 0.44221105468750005 0.8316582921875 0.4237855953125 0.8266331656249999 0.4338358453125
0 0.8153266328125 0.46566164218750006 0.8128140703125 0.47906197656250005 0.8077889453125 0.4824120609375 0.7964824125 0.48743718593749996 0.776381909375 0.4958123953125 0.7663316578125 0.5025125625 0.75125628125 0.510887771875 0.7386934671875001 0.5142378562500001 0.729899496875 0.5142378562500001 0.7349246234375 0.5209380234375 0.7474874375 0.5209380234375 0.7675879390625 0.510887771875 0.7776381906250001 0.5075376890625 0.7914572859375 0.5041876046875 0.8015075375 0.4958123953125 0.8090452265625 0.4907872703125 0.8140703515625001 0.48576214375 0.8178391953125 0.47906197656250005 0.8190954781249999 0.4706867671875 0.821608040625 0.4623115578125 0.824120603125 0.45728643281250003 0.8266331656249999 0.443886096875 0.825376884375 0.42043551093750003 0.821608040625 0.427135678125 0.820351759375 0.43886097187499995 0.8178391953125 0.4539363484375 0.8153266328125 0.46566164218750006
0 0.7851758796875 0.3919597984375 0.7814070359375 0.40201005 0.773869346875 0.4087102171875 0.770100503125 0.422110553125 0.7826633171874999 0.41373534375 0.7914572859375 0.40703517656250005 0.798994975 0.3986599671875 0.8140703515625001 0.3902847578125 0.8190954781249999 0.38023450625 0.8115577890625 0.3752093796875 0.8027638187499999 0.3735343390625 0.7927135671875 0.37855946406249996 0.7851758796875 0.3919597984375
1 0.8115577890625 0.539363484375 0.7349246234375 0.5711892796875 0.70477386875 0.623115578125 0.6984924625 0.695142378125 0.820351759375 0.5678391953124999 0.8115577890625 0.539363484375
0 0.55527638125 0.6298157453125001 0.5628140703125 0.623115578125 0.5653266328125001 0.6147403687499999 0.574120603125 0.6097152421875001 0.580402009375 0.606365159375 0.5866834171875001 0.59798995 0.5929648234375 0.58626465625 0.60175879375 0.5762144046875 0.6080402015625 0.5695142375 0.6130653265625 0.5628140703125 0.619346734375 0.55276381875 0.624371859375 0.5494137359375 0.630653265625 0.5410385265625 0.6394472359375001 0.530988275 0.6444723625 0.5276381906250001 0.6457286437499999 0.5159128984375 0.65075376875 0.5041876046875 0.65326633125 0.49246231093750004 0.6570351765625 0.48073701875 0.6582914578125 0.4673366828125 0.6582914578125 0.45728643281250003 0.6582914578125 0.44723618125 0.6570351765625 0.4405360140625 0.6407035171875 0.4355108875 0.620603015625 0.43886097187499995 0.6155778890625 0.43886097187499995 0.6143216078125 0.4338358453125 0.6042713562500001 0.4355108875 0.59924623125 0.4405360140625 0.5841708546875 0.44221105468750005 0.5816582921875 0.45058626406249996 0.572864321875 0.45728643281250003 0.569095478125 0.4706867671875 0.5615577890625 0.48073701875 0.5577889453125 0.4907872703125 0.5515075375 0.5008375203125001 0.548994975 0.510887771875 0.5427135671875 0.5242881078125 0.5402010046875 0.5343383578124999 0.5389447234375 0.5410385265625 0.5364321609375 0.5460636515624999 0.5314070359375 0.5494137359375 0.5314070359375 0.556113903125 0.5339195984375 0.5661641546875 0.5376884421875 0.5678391953124999 0.5439698500000001 0.5628140703125 0.5464824125 0.5594639859375 0.55276381875 0.5510887765625 0.5577889453125 0.5376884421875 0.5590452265625 0.5293132328125 0.5615577890625 0.522613065625 0.5628140703125 0.5159128984375 0.5653266328125001 0.5075376890625 0.5678391953124999 0.5025125625 0.570351759375 0.4958123953125 0.572864321875 0.4907872703125 0.575376884375 0.48743718593749996 0.5879396984375 0.477386934375 0.5904522609375 0.4740368515625 0.6005025125000001 0.46566164218750006 0.6042713562500001 0.4623115578125 0.6143216078125 0.46063651562499996 0.6180904515625001 0.46063651562499996 0.6218592968750001 0.4623115578125 0.629396984375 0.46398659999999997 0.6344221109375 0.4740368515625 0.6369346734375 0.4824120609375 0.6369346734375 0.48911222812500005 0.6381909546875 0.49748743749999996 0.6356783921875 0.5075376890625 0.6319095484374999 0.5175879390625 0.626884421875 0.5326633171874999 0.6218592968750001 0.5376884421875 0.6130653265625 0.5494137359375 0.6092964828125 0.5594639859375 0.60175879375 0.5695142375 0.59422110625 0.5745393640625001 0.5866834171875001 0.5762144046875 0.579145728125 0.5812395312499999 0.575376884375 0.5912897828125 0.572864321875 0.5996649921875 0.5678391953124999 0.6013400328125 0.5615577890625 0.6013400328125 0.5515075375 0.6013400328125 0.5464824125 0.611390284375 0.5477386937500001 0.61976549375 0.55527638125 0.6298157453125001
1 0.8454773875000001 0.4706867671875 0.8391959796874999 0.47906197656250005 0.8354271359375 0.49748743749999996 0.8329145734375001 0.510887771875 0.8417085421875001 0.5242881078125 0.8592964828125 0.522613065625 0.8718592968750001 0.510887771875 0.8844221109375001 0.5008375203125001 0.8932160796874999 0.4907872703125 0.89572864375 0.48073701875 0.90201005 0.472361809375 0.8869346734375 0.46063651562499996 0.876884421875 0.4539363484375 0.85175879375 0.4589614734375 0.8454773875000001 0.4706867671875
