1 0.6024330875 0.5303567874999999 0.6277640328125 0.500278478125 0.6444263359375 0.48573007031250004 0.66479871875 0.4740078171875 0.6476820828125 0.4482000453125 0.6407516375 0.41653114531249996 0.62763183125 0.391214121875 0.622893915625 0.35270259843749996 0.611865159375 0.33238354531250003 0.60842414375 0.360408378125 0.6044096234375 0.39310401562499997 0.598573115625 0.45165266718749997 0.5872222296875 0.500041790625 0.5750110890625 0.555437125 0.5898514031250001 0.5667417312499999 0.6024330875 0.5303567874999999
0 0.738647440625 0.4783340765625 0.7303670296875 0.4796879828125 0.72417766875 0.48603985781250003 0.7276009953125 0.4912014125 0.7332168546875 0.4895203421875 0.7401649890625001 0.4880028546875 0.7468263734375 0.48882076874999997 0.75035118125 0.48214172812499995 0.746641103125 0.47931557500000005 0.738647440625 0.4783340765625
0 0.8175031390624999 0.552022846875 0.8199824234375 0.54284481875 0.8181781234375001 0.53551144375 0.813607790625 0.5396915 0.80551265 0.5505505984375 0.7950397078125 0.558747128125 0.78856359375 0.5674344078125 0.78932236875 0.5722687953125 0.8013128578125001 0.5737410421875 0.8131180796875 0.565708096875 0.819594190625 0.55702081875 0.8175031390624999 0.552022846875
0 0.78306690625 0.52408849375 0.7815493578125 0.5144197171875 0.77164991875 0.5179454421874999 0.776507003125 0.511429984375 0.7825110921875 0.4955729125 0.7750909359375 0.48992060937500004 0.7651914953125 0.493446334375 0.7615652078124999 0.511965971875 0.75775365 0.5209804171875 0.752137790625 0.5226614890625 0.7530818359375 0.5370010703125 0.764498821875 0.5431441234375 0.7743982625 0.5396183984375 0.7816331484375 0.5357655078125 0.78306690625 0.52408849375
0 0.7991557078125 0.5142108953125 0.801921740625 0.5026974640625 0.7993586671874999 0.4905297015625 0.7962220921875 0.48303274375000005 0.792039990625 0.47303680156250005 0.787756409375 0.4748814546875 0.7887004546874999 0.4892210375 0.78993125 0.5012252171875 0.7936413296875 0.50405136875 0.7924943234375 0.5133929796875 0.7865917140625001 0.5174094515625 0.785731459375 0.524415659375 0.794298621875 0.5207263531249999 0.7991557078125 0.5142108953125
0 0.782153584375 0.6306538640625 0.7875841703125 0.6194676 0.78340206875 0.60947165625 0.78026549375 0.6019746984375 0.7898781828125 0.600784378125 0.7870283578125 0.5909520171875 0.7833182796875 0.588125865625 0.7763701453125 0.5896433531249999 0.7758981203124999 0.5824735624999999 0.782374234375 0.573786284375 0.77790538125 0.56612574375 0.769911721875 0.5651442453125 0.773048296875 0.572641203125 0.7721880421875 0.5796474109374999 0.7713277890625 0.58665361875 0.772271834375 0.6009932015625 0.7762686640625 0.60148395 0.777212709375 0.6158235328125 0.782153584375 0.6306538640625
0 0.782237375 0.6519996531250001 0.7791007984375 0.644502696875 0.7708203874999999 0.6458566015625 0.767008828125 0.6548710468750001 0.77147768125 0.6625315859375001 0.7743275046875 0.672363946875 0.7754745109375001 0.6630223359375 0.7736702109375 0.6556889609375001 0.777667040625 0.6561797109375 0.782237375 0.6519996531250001
0 0.8181250562500001 0.6350706046875 0.8208910890625001 0.623557175 0.8158487328125 0.6205674390625 0.8089005968749999 0.6220849281249999 0.8127959484374999 0.6344162718749999 0.8181250562500001 0.6350706046875
0 0.783150696875 0.5454342859375 0.780671415625 0.5546123125 0.789238578125 0.5509230046875 0.7980924921875 0.5448982953125 0.8029495765625001 0.5383828359375 0.8088521859375 0.5343663624999999 0.8113314687500001 0.5251883359375 0.8027643046874999 0.5288776421875 0.794955915625 0.5374013375 0.783150696875 0.5454342859375
0 0.7697972078124999 0.4228935046875 0.7762733203125001 0.41420622500000004 0.78027015 0.4146969734375 0.7875050359375 0.41084408281250007 0.7814171546875001 0.4053553640625 0.7677061578125 0.4178955328125 0.763135825 0.4220755890625 0.7598977687499999 0.426419228125 0.7578067171875 0.4214212578125 0.7543833906249999 0.416259703125 0.74981305625 0.42043975937500006 0.755327434375 0.43059928437500006 0.7568449828125 0.44026806093750004 0.7570302546875001 0.44977325468749996 0.7566420218750001 0.46394925468750003 0.76149910625 0.4574337953125 0.7629328625 0.44575678124999996 0.765698896875 0.43424335000000003 0.7697972078124999 0.4228935046875
0 0.5306400375 0.597401271875 0.5383469453124999 0.600718171875 0.54244525625 0.5893683265624999 0.5299827421875001 0.5807262859375 0.521517059375 0.572574996875 0.508953065625 0.5757735562499999 0.49487152500000003 0.5693033375 0.48507356718750005 0.5609884640625 0.4727963234375 0.561851621875 0.463655659375 0.5702117328125 0.47240809375000004 0.5760276203125 0.479356228125 0.5745101312500001 0.4894409390625 0.5804896015625001 0.500857925 0.5866326546875 0.507519309375 0.5874505703125 0.5176040203125 0.5934300390625 0.5306400375 0.597401271875
0 0.5851795906249999 0.5827623859375 0.5863265953125001 0.5734207734375001 0.5821444953125 0.56342483125 0.5741508343749999 0.5624433328125 0.5724303265625 0.5764557499999999 0.5782314546875 0.584279871875 0.5851795906249999 0.5827623859375
1 0.7844829734375 0.54559786875 0.8014320296875 0.528714059375 0.8074361187499999 0.5128569890625 0.803068746875 0.4933558515625 0.7955647984375 0.466357759375 0.7917709281249999 0.4421858171875 0.79986606875 0.43132671718750004 0.81462259375 0.4212855359375 0.803020334375 0.4056372875 0.7900857984375 0.389825459375 0.778095309375 0.38835321093749997 0.7512468125 0.4087627453125 0.749896846875 0.44178554999999997 0.72933919375 0.4440026078125 0.7055434843749999 0.450563309375 0.6885944296875001 0.4674471171875 0.6865871703125 0.4837949359375 0.69257356875 0.501124253125 0.7112077546875 0.536600803125 0.727278865625 0.5599095890625 0.7435352484375 0.59272356875 0.7529626656249999 0.5820280546875 0.7682926921875 0.567316065625 0.7844829734375 0.54559786875
1 0.816183896875 0.7059506015625 0.8208557093750001 0.6899299484375 0.8268598 0.6740728781249999 0.8387665 0.6541993359375 0.8432530421875001 0.6286734890625 0.853068690625 0.6038019734375 0.8562229562500001 0.57811254375 0.8432884203125001 0.5623007140625 0.842917878125 0.5432903265625 0.8393092796875001 0.528623578125 0.8203706531250001 0.52866881875 0.8073346375 0.5246975859375 0.799813 0.5308858796875 0.775527578125 0.5634631734375 0.7601975515625 0.5781751640625 0.7472453265625 0.595549721875 0.7508539265625 0.6102164703125 0.7632149578125 0.6306991046875 0.7718659125 0.6483555875 0.7767053078124999 0.675026515625 0.7783066453124999 0.7060410828125 0.7932484421875 0.7055050921875 0.816183896875 0.7059506015625
0 0.8503026578125 0.6153154046875 0.8518202046875001 0.62498418125 0.8568625593749999 0.6279739171875 0.8648562203125 0.6289554140625 0.8673355031250001 0.6197773859375 0.866678209375 0.6031024015625001 0.8583977984375 0.60445630625 0.8503026578125 0.6153154046875
