1 0.36944051875 0.42776851093749996 0.4006976375 0.43948018906249997 0.42953342968749997 0.4423570703125 0.453463140625 0.4360056109375 0.466536053125 0.4177930484375 0.4818325609375 0.401622928125 0.49412199687499997 0.3883570515625 0.50353120625 0.361112921875 0.49149545781250004 0.3406137984375 0.47031165625 0.345709909375 0.43402161406250006 0.3416523890625 0.40414118437499996 0.3453710890625 0.3740630203125 0.3422974359375 0.3477119796875 0.3398140984375 0.32064088281249997 0.3338362 0.2952710578125 0.3331985328125 0.261465765625 0.329534559375 0.243613615625 0.32163627968749997 0.21870268906249998 0.326142071875 0.22171723124999998 0.35535393125 0.240226015625 0.3751880234375 0.25951828125 0.39007543125 0.290316503125 0.3966436484375 0.3071240171875 0.41113751093750006 0.3413882046875 0.4199449421875 0.36944051875 0.42776851093749996
1 0.6517768125 0.43022971249999997 0.6596190671875 0.41287895468749997 0.6612494437499999 0.3945443328125 0.6586938 0.3704759328125 0.6366556250000001 0.3568438734375 0.6068386203125 0.35212132500000004 0.5838901234375 0.360318453125 0.5671535046875 0.3694994453125 0.5463017578125 0.3966215140625 0.5466338109375 0.41864747343750003 0.5680862453125 0.44401857187499993 0.5873785093749999 0.4589059796875 0.5985598875 0.4606769359375 0.6232730765625 0.44937878906249995 0.6387673203124999 0.44000102500000005 0.6517768125 0.43022971249999997
0 0.34724580625 0.8654108062500001 0.332337303125 0.8630495312500001 0.31396283281250004 0.8584490421875 0.29957665 0.8527899765625 0.2846681453125 0.8504287015625 0.276754996875 0.8441046046875 0.27368450625 0.8554501 0.2855859390625 0.8607156203124999 0.314880628125 0.8687359609374999 0.33227388125 0.87149078125 0.3509095109375 0.8744423749999999 0.37052635624999997 0.8792396374999999 0.3681050265625 0.8704048406249999 0.34724580625 0.8654108062500001
0 0.19161684375000002 0.8187882328124999 0.18802403437499998 0.83343151875 0.2005746296875 0.8185167484375 0.196649765625 0.811134075 0.19161684375000002 0.8187882328124999
0 0.666133303125 0.87028063125 0.666196725 0.86183938125 0.6584178921875 0.8707488890624999 0.666133303125 0.87028063125
0 0.6537170234375 0.9004290062500001 0.6524112265625 0.9086734828124999 0.65836194375 0.91130624375 0.6599288999999999 0.9014128703125 0.6537170234375 0.9004290062500001
0 0.7064116312500001 0.873279575 0.7077174281249999 0.8650350984375 0.7025501875 0.8574556515625 0.69725610625 0.8667587031249999 0.7014421296875 0.8724924828124999 0.7064116312500001 0.873279575
0 0.706221365625 0.8986033234375 0.6962189421875 0.9054703906249999 0.7016473390625 0.911400940625 0.7083815343750001 0.9090870140625 0.706221365625 0.8986033234375
0 0.097901434375 0.743095846875 0.0964613203125 0.7361067203125 0.0931930921875 0.7406598609375 0.09162613593749999 0.7505532328125 0.0965956375 0.7513403234375 0.097901434375 0.743095846875
0 0.1632958984375 0.78049745625 0.1621169453125 0.771859434375 0.1598299328125 0.7782582437500001 0.1582629765625 0.788151615625 0.161270046875 0.7852473703125 0.1632958984375 0.78049745625
1 0.46836033437499996 0.10876459375 0.42461604062499997 0.10352643749999998 0.4050626171875 0.090287925 0.36916804999999997 0.09981511562499999 0.3326168484375 0.0974064921875 0.3090826125 0.11734266093750001 0.301438096875 0.1414857734375 0.3332175359375 0.149899659375 0.4188780078125 0.171918240625 0.487992125 0.17779406250000002 0.5901914796875001 0.183839296875 0.6511947109375 0.1765986703125 0.7124591015624999 0.167709146875 0.6949949531249999 0.141279471875 0.5752680296875 0.11724581406250001 0.46836033437499996 0.10876459375
