1 0.23867742500000003 0.546770525 0.23105596718750002 0.5223919 0.22468547968750002 0.49788179218749995 0.2201189140625 0.4664675046875 0.21046015625 0.4708399703125 0.2036523515625 0.4782700796875 0.19559357500000002 0.4858316703125 0.190734759375 0.4997715109375 0.18997786562500002 0.5166375140625 0.1963483546875 0.541147621875 0.20327179218749997 0.55888503125 0.21304618125000002 0.5796800859375 0.22494406718749999 0.608645175 0.23471845781249998 0.629440228125 0.242892865625 0.6470461578125 0.25557708125 0.6473916359375 0.2568574890625 0.6355065484375 0.2543849828125 0.6240159046875 0.25229092343750004 0.6040922609375 0.25019686406249997 0.584168615625 0.24577536718749998 0.5661682406249999 0.23867742500000003 0.546770525
1 0.298168965625 0.619414021875 0.29642391562500003 0.602810984375 0.2934278953125 0.5863394296875 0.2866789625 0.5702623234375 0.281181 0.5540537343749999 0.273006590625 0.53644780625 0.2675086296875 0.5202392140625001 0.2543303359375 0.5031592171875 0.2450794609375 0.4873450734375 0.2356246453125 0.4816242359375 0.2274207984375 0.47577191562500004 0.23041682031250002 0.4922434703125 0.23376185 0.5120356312500001 0.238008840625 0.528375703125 0.24368130781250003 0.5462445953125 0.24900476562499999 0.5607928828125 0.2548811734375 0.5685684703125 0.2561027078125 0.580190596875 0.258400709375 0.5900209359375 0.26049476875 0.6099445796875 0.261716303125 0.62156670625 0.2632868484375 0.6365094390625 0.2646828875 0.6497918671875 0.2734102484375 0.6606251000000001 0.2942983078125 0.6668229 0.305557046875 0.665639559375 0.3021825796875 0.65760100625 0.2981100921875 0.6429212375 0.2968885578125 0.6312991125 0.298168965625 0.619414021875
1 0.5342555765625 0.5190613 0.5510711484375 0.51057933125 0.5582574 0.4947162234375 0.5432751859375 0.484540403125 0.5265184859375001 0.46951515468749994 0.51939110625 0.4618710484375 0.5088892609375 0.44618838906249997 0.49515801562500006 0.43588108593749997 0.48392871406250004 0.42531081875 0.47377587656250003 0.41294876562500005 0.4552152546875 0.404827696875 0.43322129218749994 0.4121752890625 0.4078528640625 0.41148432812499997 0.35086115156250003 0.41075982031249997 0.337972996875 0.42050764375 0.30364383125 0.43083036406249997 0.3286043765625 0.4517079328125 0.360751175 0.4567223921875 0.38661368125 0.47414787187499996 0.3986860734375 0.504773265625 0.4120094328125 0.5352671765625 0.4426718828125 0.56226003125 0.4587305640625 0.570644065625 0.4664108953125 0.571515475 0.478222584375 0.5635594375 0.4916636921875 0.5470389156250001 0.512057671875 0.536502196875 0.5342555765625 0.5190613
1 0.2588990140625 0.4623915515625 0.2679753828125 0.476545390625 0.278302725 0.49056774687500004 0.29183002812500003 0.5109683546875 0.3043103015625 0.5214071390624999 0.3200494078125 0.51471695625 0.3361669625 0.499593775 0.32694552187500003 0.472026025 0.31341821875 0.45162541875000006 0.298639946875 0.43135629375000006 0.280632275 0.41646252656250005 0.271322528125 0.4241556015625 0.265387246875 0.43988722812500003 0.257502975 0.44910912343750004 0.2588990140625 0.4623915515625
1 0.62362535 0.5751353078125 0.62752333125 0.588154771875 0.632846790625 0.6027030578125 0.652483878125 0.6090323421875 0.6694739578125 0.602210678125 0.6696778984375 0.5921173750000001 0.66010745 0.561229015625 0.6412272531250001 0.5380337296875 0.6248195625 0.5263290890625 0.5969786265625 0.5141474859375 0.5860688984375 0.5186514343749999 0.6020981437499999 0.5387890765625001 0.61134901875 0.55460321875 0.62362535 0.5751353078125
1 0.431673846875 0.6020248031250001 0.4217249515625 0.579569446875 0.40531726093750003 0.5678648046875 0.388007609375 0.559612253125 0.39493104687499997 0.5773496640625 0.40598584375 0.586259628125 0.41898963125 0.6016793234375 0.42434252499999997 0.6044740015625 0.431673846875 0.6020248031250001
0 0.22174621874999997 0.5300849734375 0.21816781093749998 0.5321397234374999 0.2218912875 0.543498884375 0.2361754828125 0.5470334890624999 0.240073465625 0.5600529546875 0.23719307656250002 0.5687489203125 0.23626167812499999 0.5839546171875 0.24283610625000002 0.598371421875 0.2463556421875 0.6198238859375 0.2563339734375 0.6305256359375 0.254937934375 0.6172432062500001 0.253920340625 0.5955277765625 0.2512733296875 0.5823768296875 0.245949871875 0.5678285437499999 0.23265594687500002 0.5255810249999999 0.22800107343749998 0.5294275625 0.22174621874999997 0.5300849734375
0 0.267563275 0.641095903125 0.267941721875 0.6326629015624999 0.2656437203125 0.6228325625 0.26244375937500003 0.6164543124999999 0.25997125468750004 0.60496366875 0.260698709375 0.5998512765624999 0.259826184375 0.5915497578125 0.2573536796875 0.5800591140625 0.25630665 0.5700972921874999 0.2525537375 0.5704917390625 0.255375253125 0.5853029890625 0.2567712921875 0.59858541875 0.2618908078125 0.6232270109375 0.261686865625 0.6333203140625 0.2623848859375 0.6399615296875 0.267563275 0.641095903125
0 0.23245200625 0.535674328125 0.2260226453125 0.5346714375 0.21941878125 0.5320082421875 0.214414896875 0.5325341703124999 0.21618938437500002 0.5373835984374999 0.2213677734375 0.538517975 0.2292226078125 0.5410496874999999 0.2331500265625 0.54231554375 0.2395793859375 0.5433184359375 0.23655392812499998 0.5386004890625 0.23245200625 0.535674328125
0 0.22090313125 0.510029846875 0.22465604374999998 0.5096354 0.22965992812499997 0.5091094703125 0.2305618875 0.50565738125 0.226459965625 0.5027312203125 0.21912864375000002 0.50518041875 0.22090313125 0.510029846875
0 0.2460949421875 0.58124245625 0.2505753109375 0.575735615625 0.245396921875 0.5746012406250001 0.2402185328125 0.5734668671875001 0.23949107656250002 0.578579259375 0.2460949421875 0.58124245625
0 0.2512144578125 0.6058840453125 0.25066150625 0.61265674375 0.25153403124999996 0.6209582609375001 0.2577888859375 0.62030085 0.25566538906249997 0.6121308140624999 0.254792865625 0.6038292953125 0.2540948453125 0.5971880796875 0.2532223203125 0.5888865625 0.25269880625 0.5839056515625 0.249847853125 0.5808480078125 0.24734591250000001 0.5811109734375 0.2437675046875 0.5831657234375001 0.24001459218750001 0.5835601703125 0.2391126296875 0.5870122609374999 0.2417890765625 0.5884096000000001 0.2455419890625 0.588015153125 0.2482184359375 0.5894124921875 0.24981841875000002 0.5926016171875 0.2505164375 0.5992428296875 0.2512144578125 0.6058840453125
0 0.24245977343749997 0.5346224703125 0.24996559999999998 0.5338335765625 0.25336950156250004 0.5301185234375 0.24944208437499998 0.528852665625 0.2419362578125 0.529641559375 0.24068528749999998 0.5297730421875 0.24245977343749997 0.5346224703125
0 0.25959280625000003 0.6133966703125 0.2599418171875 0.616717278125 0.2626182640625 0.6181146156249999 0.2633457203125 0.6130022234375 0.2613967296875 0.606492490625 0.2605242046875 0.598190971875 0.259826184375 0.5915497578125 0.2578771953125 0.585040025 0.258255640625 0.576607025 0.2548811734375 0.5685684703125 0.253630203125 0.568699953125 0.25450272812499997 0.577001471875 0.25520074843749996 0.5836426875 0.256073271875 0.5919442046875 0.256945796875 0.6002457234375 0.257818321875 0.6085472421875 0.25959280625000003 0.6133966703125
0 0.26616723593749997 0.6278134734374999 0.26296727343750004 0.6214352234375 0.2611633515625 0.628339403125 0.2623848859375 0.6399615296875 0.2656142859375 0.634586171875 0.26616723593749997 0.6278134734374999
0 0.21133268125 0.4791414890625 0.20900524374999999 0.48106475625 0.2129326625 0.4823306140625 0.21560910937500002 0.483727953125 0.21918751718750001 0.481673203125 0.21758753749999998 0.478484078125 0.21508559531250002 0.47874704218749997 0.21133268125 0.4791414890625
0 0.2470852109375 0.542529540625 0.2508381234375 0.54213509375 0.2545910359375 0.541740646875 0.2542420265625 0.5384200406249999 0.24923814375000003 0.5389459703124999 0.2454852296875 0.5393404171875 0.2470852109375 0.542529540625
0 0.24784210468749998 0.525663540625 0.250169540625 0.523740271875 0.24516565781250002 0.5242662015625 0.24016177343749998 0.52479213125 0.24301272499999998 0.5278497734375 0.24784210468749998 0.525663540625
0 0.3066061875 0.6034194296875001 0.3073336453125 0.5983070374999999 0.30323172187499997 0.5953808765625 0.30270820625 0.590399965625 0.29895529375 0.5907944125 0.2916239734375 0.593243609375 0.293398459375 0.5980930390625 0.2969768671875 0.5960382890625 0.302504265625 0.60049326875 0.30302778125 0.6054741796875 0.3024748296875 0.612246878125 0.3060532375 0.610192128125 0.3066061875 0.6034194296875001
0 0.311057121875 0.6096661984375 0.3089041890625 0.61324976875 0.30835123750000004 0.6200224671875 0.30762378125 0.625134859375 0.3093982671875 0.6299842890625 0.312627665625 0.6246089296874999 0.3131806171875 0.617836234375 0.311057121875 0.6096661984375
0 0.3157393171875 0.6662480046875 0.31181190000000003 0.664982146875 0.313760890625 0.6714918812499999 0.318764775 0.6709659515624999 0.3157393171875 0.6662480046875
0 0.322458815625 0.6940787203125 0.32586271875 0.690363665625 0.321586290625 0.6857772015625 0.316233396875 0.6829825234375 0.315505940625 0.6880949171874999 0.322458815625 0.6940787203125
0 0.39918014999999996 0.521507784375 0.40380558750000006 0.5294148562500001 0.4066565390625 0.5324724984375 0.41093296874999996 0.5370589625 0.413958425 0.541776909375 0.41948582187500005 0.546231890625 0.4214348140625 0.552741621875 0.4271367171875 0.5588569078125001 0.4301916109375 0.5518212453125 0.4284171234375 0.5469718171875 0.42646813437500003 0.5404620859375 0.42309366718749997 0.53242353125 0.42097017187499997 0.5242534953125 0.4175957046875 0.5162149421875 0.41137028593749997 0.5051187453125 0.40782131406250005 0.4954198890625 0.40427234375000004 0.4857210328125 0.399297896875 0.474493353125 0.39999591562500003 0.48113456718750003 0.41116634531249996 0.5152120499999999 0.41311533593750005 0.5217217828125 0.4166643078125 0.531420640625 0.41256238593749994 0.5284944796875 0.408809471875 0.5288889265625001 0.39918014999999996 0.521507784375
0 0.42175438749999994 0.5678158375 0.4278347375 0.5654981234374999 0.42070735781249996 0.5578540171874999 0.4142779984375 0.5568511234375 0.41480151249999997 0.561832034375 0.41407405781250006 0.5669444296874999 0.4090701734375 0.5674703578125 0.4035427734375 0.563015375 0.3994408515625 0.5600892171875 0.39033504531249996 0.5576889859375 0.3828292203125 0.5584778796875 0.39120757031250003 0.565990503125 0.3967349671875 0.570445484375 0.40191335625 0.5715798609375 0.40851722187500006 0.5742430546875 0.413870115625 0.5770377328125 0.41727401875 0.573322678125 0.42175438749999994 0.5678158375
0 0.42742685468749997 0.5856847328125 0.42992879687499996 0.5854217671875 0.4324307375 0.585158803125 0.4345836703125 0.58157523125 0.43423465937500005 0.5782546234375 0.433362134375 0.5699531046875 0.4287072625 0.5737996421875 0.4294052828125 0.5804408546875 0.4265543296875 0.5773832140625 0.42245240624999997 0.574457053125 0.4204739796875 0.5797009281250001 0.42207396093750005 0.5828900531250001 0.42242297031250003 0.5862106609375 0.42527392343750003 0.589268303125 0.4282993796875 0.59398625 0.43062681718749996 0.59206298125 0.429026834375 0.58887385625 0.42742685468749997 0.5856847328125
0 0.4442718640625 0.5654491562499999 0.4408973984375 0.5574106015625 0.4441267953125 0.5520352453124999 0.43734842656249995 0.5477117453125 0.43414846406249996 0.5413334953125 0.432519046875 0.549897978125 0.43554450468750006 0.5546159234375 0.43606801875 0.559596834375 0.43926798125 0.5659750859375 0.44229343749999994 0.57069303125 0.4462208546875 0.5719588890625 0.4442718640625 0.5654491562499999
0 0.47735217187499995 0.48307596718749996 0.479126659375 0.48792539531249995 0.4821521140625 0.49264334062500004 0.48607953281249994 0.4939091984375 0.48538151406249996 0.48726798281250006 0.48110508437500005 0.4826815203125 0.47735217187499995 0.48307596718749996
0 0.460740540625 0.4814646296875 0.4616130640625 0.4897661484375 0.46391106562499995 0.4995964875 0.46460908593749994 0.5062377015624999 0.464056134375 0.5130104 0.458877746875 0.5118760250000001 0.4540483671875 0.5140622578125 0.4584993 0.520309025 0.456520871875 0.5255529015625 0.453291475 0.530928259375 0.4502365828125 0.5379639218750001 0.448432659375 0.5448681 0.44770520312500006 0.54998049375 0.4518071265625 0.552906653125 0.45681100937499997 0.552380725 0.46181489375 0.5518547953125 0.46789524218749995 0.5495370796875 0.4728991265625 0.5490111515625 0.47772850624999996 0.5468249171874999 0.48380885625000003 0.5445072015625 0.48846372968749996 0.540660665625 0.4945440796875 0.53834295 0.49652250625 0.533099075 0.49134411718750004 0.5319647 0.4843618078125 0.5377345046875 0.47703048593749997 0.5401837031250001 0.4695246609375 0.540972596875 0.4645207765625 0.5414985265625 0.46184433125 0.5401011859375 0.45881887343749994 0.535383240625 0.46187376562500004 0.528347578125 0.4667031453125 0.526161346875 0.47225997968750005 0.51886271875 0.4729874359375 0.5137503265625 0.479969746875 0.507980521875 0.4871265625 0.5038710203125001 0.49195594218750005 0.5016847875 0.49000695 0.4951750546875 0.48500306562500006 0.495700984375 0.4815991640625 0.4994160390625 0.47676978437499995 0.5016022718750001 0.472289415625 0.5071091125 0.4692639609375 0.502391165625 0.4671404640625 0.4942211296875 0.46484246406249996 0.484390790625 0.460740540625 0.4814646296875
0 0.5405083171875 0.590585840625 0.546937678125 0.59158873125 0.5558689796875 0.592328659375 0.56389831875 0.5965206765625 0.577280553125 0.6035073703125 0.592466709375 0.6035898859375 0.6012235046875001 0.602669509375 0.5898196984374999 0.5904389390625 0.582488378125 0.5928881359375 0.5719570968750001 0.588959084375 0.5655277359374999 0.58795619375 0.557498396875 0.5837641765625 0.5485670953125 0.5830242484375 0.5408867640625 0.5821528390624999 0.5326829171874999 0.57630051875 0.5260790531249999 0.5736373218749999 0.516973246875 0.571237090625 0.5105438875 0.5702342 0.5026890515625 0.5677024859375 0.49375775156249996 0.5669625593750001 0.49337930312499995 0.5753955609375 0.4987321984375 0.5781902390625 0.50516155625 0.5791931296875 0.5131908984375 0.583385146875 0.5196202578125 0.5843880390625 0.530151540625 0.588317090625 0.5405083171875 0.590585840625
0 0.6186487890625 0.63608958125 0.626503625 0.6386212953125 0.6309839953124999 0.6331144546874999 0.6240311203125 0.6271306515624999 0.61509981875 0.626390725 0.6059940109374999 0.62399049375 0.5956372359375 0.62172174375 0.5854549625 0.6211132984375001 0.573672709375 0.6173157296875 0.5691923390625 0.62282256875 0.57864715625 0.6285434078125001 0.585251021875 0.631206603125 0.5929313515625 0.6320780125 0.601862653125 0.6328179406250001 0.6122194296875 0.6350866890625 0.6186487890625 0.63608958125
0 0.6508271375 0.5571684796875 0.63796841875 0.5551626984375 0.6290371171875 0.5544227703125 0.61510193125 0.5542087718750001 0.6063451343749999 0.5551291484374999 0.607217659375 0.5634306671875 0.6161489609374999 0.56417059375 0.6238292921874999 0.5650420046875 0.63508803125 0.5638586625 0.64544480625 0.5661274109375001 0.6540271 0.56354673125 0.6508271375 0.5571684796875
0 0.4411286625 0.6077456406249999 0.43792870156249997 0.6013673921875 0.4332738265625 0.6052139296875 0.42719347656249995 0.60753164375 0.42914246718750004 0.6140413765625 0.43752081875000004 0.6215540015625 0.44322272187499995 0.627669284375 0.4434266625 0.61757598125 0.4411286625 0.6077456406249999
0 0.49605152500000005 0.721156803125 0.5019573703125 0.7171787828125 0.49573195156249994 0.7060825875 0.48790655312500003 0.691797265625 0.4813321234375 0.6773804625000001 0.46870678281249994 0.653527765625 0.46105588906249995 0.6409027484375 0.4551794796875 0.6331271593750001 0.44927363593749997 0.637105178125 0.4588735203125 0.656239928125 0.46492443281250007 0.6656758203125 0.4714988625 0.680092625 0.48200070781250004 0.695775284375 0.48874964218750006 0.7118523921875 0.49605152500000005 0.721156803125
0 0.4785400453125 0.6508156031250001 0.47391460781249994 0.6429085328124999 0.46946367499999997 0.6366617640625 0.466787228125 0.635264425 0.4639362765625 0.6322067828125 0.461434334375 0.632469746875 0.4598343546875 0.629280621875 0.4580598671875 0.62443119375 0.452881478125 0.6232968203125 0.4521540234375 0.6284092140624999 0.4562559453125 0.6313353734375 0.459281403125 0.6360533203125 0.46213235468749997 0.6391109625 0.46640878125 0.6436974265625001 0.47033620000000004 0.6449632828125 0.47461262812499994 0.649549746875 0.4785400453125 0.6508156031250001
0 0.505537890625 0.64294208125 0.501784978125 0.6433365281250001 0.497857559375 0.6420706703125 0.4985850171875 0.636958278125 0.499312471875 0.631845884375 0.5016399093749999 0.629922615625 0.5062947828125 0.6260760796875 0.504694803125 0.6228869546875 0.500767384375 0.621621096875 0.4991674046875 0.6184319734375 0.49506548125 0.6155058125 0.49291254999999995 0.6190893859375 0.49218509218750006 0.624201778125 0.4927086078125 0.6291826890625 0.49215565781250004 0.6359553859375 0.4914282 0.6410677796875001 0.4932026875 0.6459172078125001 0.4971301046875 0.6471830656249999 0.49998105625000006 0.65024070625 0.50373396875 0.6498462593750001 0.507312378125 0.647791509375 0.505537890625 0.64294208125
0 0.49334986875000003 0.58714916875 0.48782246875 0.5826941859375 0.4799676328125 0.5801624734375 0.47461474062500003 0.5773677953125 0.47263631406249995 0.5826116703124999 0.4779892078125 0.5854063484375 0.48334210000000005 0.5882010265625001 0.48994596562500004 0.5908642234375 0.49672433437499997 0.595187721875 0.499779228125 0.588152059375 0.49334986875000003 0.58714916875
0 0.5400709984375001 0.62252605625 0.539547484375 0.6175451453125 0.5350965515625 0.611298378125 0.5331475593749999 0.6047886453125 0.5290456375 0.601862484375 0.5251182203125 0.600596628125 0.517263384375 0.598064915625 0.5190378703125 0.60291434375 0.521888821875 0.6059719859375 0.524914278125 0.6106899328125001 0.5290162015625001 0.6136160921875 0.534892609375 0.62139168125 0.53934354375 0.62763845 0.5400709984375001 0.62252605625
0 0.463469521875 0.6759006078125 0.465767521875 0.6857309468749999 0.47237138749999996 0.6883941421875 0.4704223953125 0.6818844093750001 0.463469521875 0.6759006078125
0 0.5240102046875 0.686323975 0.5264827109375 0.6978146171875 0.5329120703125 0.698817509375 0.5306140687500001 0.6889871703125 0.5284905734375 0.680817134375 0.5224396609374999 0.6713812406249999 0.5240102046875 0.686323975
0 0.5316632125 0.6267670390625 0.52311035625 0.6175941125 0.524331890625 0.6292162375 0.5300337953125001 0.6353315234375 0.5321572906250001 0.643501559375 0.5369572328125 0.653068934375 0.5437356015625 0.6573924328125 0.5437650390625001 0.645638825 0.5377141265625001 0.6362029328125 0.5316632125 0.6267670390625
0 0.5477218921875 0.6351510734375 0.541496475 0.624054878125 0.541118028125 0.632487878125 0.5514453687499999 0.6465102359375 0.5477218921875 0.6351510734375
0 0.5727392 0.7047033796875 0.57774308125 0.70417745 0.5779470234375 0.6940841453125 0.570470634375 0.68311943125 0.5660197015625 0.6768726640625 0.564972671875 0.6669108406250001 0.5564198171875 0.6577379140625 0.5515904390624999 0.659924146875 0.5483610390625 0.6652995046875 0.5508335453125001 0.6767901468749999 0.5517060703125 0.685091665625 0.555429546875 0.6964508265625 0.562382421875 0.7024346296874999 0.5727392 0.7047033796875
0 0.6676384859375 0.6930504171874999 0.6603071640625 0.695499615625 0.66423458125 0.696765471875 0.6719149125 0.6976368796875 0.6790717296875 0.6935273796875 0.683552096875 0.6880205390625 0.680352134375 0.6816422890625 0.670693378125 0.68601475625 0.6676384859375 0.6930504171874999
0 0.6505033390625 0.68645816875 0.6531797859374999 0.6878555093750001 0.6596091453125 0.6888584 0.658911125 0.682217184375 0.654809203125 0.679291025 0.648554346875 0.6799484375 0.6505033390625 0.68645816875
0 0.5864136828125 0.6663359453125001 0.5816137390625 0.6567685703125 0.57980981875 0.66367275 0.5751549453125 0.6675192875 0.581758809375 0.67018248125 0.5864136828125 0.6663359453125001
0 0.594472459375 0.6587743546875 0.591447003125 0.6540564078125 0.5860941093750001 0.6512617296875 0.5878685953125 0.6561111578125 0.588566615625 0.6627523734375 0.594472459375 0.6587743546875
0 0.5273552359375 0.7061161359375 0.5220023421875 0.7033214578125 0.5175514078125001 0.6970746890624999 0.5111220484375 0.6960717984375 0.502918203125 0.6902194765624999 0.5064671749999999 0.6999183359375001 0.5105690984375 0.7028444953124999 0.515921990625 0.7056391718749999 0.5232238765624999 0.7149435828125 0.5300022453125 0.7192670828125001 0.53323164375 0.7138917250000001 0.5273552359375 0.7061161359375
0 0.57660774375 0.7294764515625001 0.5808841703125001 0.734062915625 0.5844625796875 0.732008165625 0.583939065625 0.7270272531249999 0.580739103125 0.7206490046875 0.57716069375 0.7227037546874999 0.57660774375 0.7294764515625001
0 0.536635546875 0.7101766703125 0.535908090625 0.7152890625 0.538933546875 0.7200070109375 0.5396610046875 0.714894615625 0.536635546875 0.7101766703125
0 0.34361391406249997 0.522312096875 0.3407629640625 0.5192544546875 0.33701005 0.5196489015625 0.3330826328125 0.5183830453125 0.3304061859375 0.5169857046875 0.32790424375 0.5172486703125 0.32415133125 0.5176431171875 0.3246748453125 0.5226240296875 0.3286022625 0.5238898859375001 0.3325296796875 0.525155740625 0.3364571 0.5264215984375 0.3403845171875 0.5276874546875 0.344137428125 0.5272930078125 0.350392284375 0.5266355953125 0.347366828125 0.52191765 0.34361391406249997 0.522312096875
0 0.599537328125 0.5625592562499999 0.59168249375 0.56002754375 0.5865041046874999 0.55889316875 0.5811512109375 0.5560984906249999 0.5789982796875 0.5596820640625 0.587202125 0.565534384375 0.5938059890625 0.5681975796875001 0.6030863 0.5722581140624999 0.6102431171875 0.5681486125 0.6048902218750001 0.565353934375 0.599537328125 0.5625592562499999
0 0.6160900875 0.5876778093749999 0.6114352140625 0.591524346875 0.6067803421875 0.5953708843750001 0.6085548265625 0.6002203125000001 0.612133234375 0.5981655625 0.616613603125 0.5926587203125 0.6230429625 0.5936616140625001 0.6289488078125001 0.58968359375 0.623421409375 0.5852286125 0.6160900875 0.5876778093749999
0 0.23591478124999998 0.5084520593749999 0.2343148015625 0.5052629343749999 0.2305618875 0.50565738125 0.2266344703125 0.5043915250000001 0.2243070328125 0.5063147921875 0.22323056718749998 0.508106578125 0.2271579859375 0.5093724359375 0.23108540312499998 0.5106382921875 0.2335873453125 0.5103753265625001 0.23591478124999998 0.5084520593749999
0 0.5802198140625 0.5713041890625 0.5857472125000001 0.5757591703125 0.5904020859375 0.5719126328125 0.5864746671875001 0.570646778125 0.582198240625 0.5660603140625 0.576117890625 0.5683780281249999 0.5802198140625 0.5713041890625
0 0.2507224921875 0.516967575 0.2516244515625 0.5135154843749999 0.253777384375 0.5099319140625 0.25342837500000004 0.5066113062500001 0.25200290000000003 0.505082484375 0.2516538890625 0.5017618781250001 0.251130375 0.496780965625 0.2481049171875 0.49206302031250004 0.24720295625 0.495515109375 0.24807548124999998 0.5038166281249999 0.248424490625 0.5071372359375 0.247697034375 0.512249628125 0.2439441234375 0.5126440750000001 0.2403657140625 0.5146988265625 0.2392892484375 0.5164906125 0.2385617921875 0.52160300625 0.23873629687500003 0.523263309375 0.23908530625000002 0.5265839171875 0.2392598109375 0.5282442203125 0.2397833265625 0.53322513125 0.23995783125 0.534885434375 0.242634278125 0.536282775 0.2454852296875 0.5393404171875 0.24618325 0.54598163125 0.247434221875 0.5458501484375 0.2524381046875 0.54532421875 0.2531655609375 0.5402118265625 0.252642046875 0.5352309156249999 0.2510420640625 0.532041790625 0.2503440453125 0.525400575 0.24982052968750001 0.5204196640625 0.2507224921875 0.516967575
0 0.6446269296875 0.6786825796875 0.64660535625 0.6734387046875 0.6425034328125 0.6705125437499999 0.637150540625 0.667717865625 0.6405250078125 0.67575641875 0.6446269296875 0.6786825796875
0 0.6730502515625 0.672337878125 0.666795396875 0.6729952906250001 0.6583876109375 0.6772362734375 0.666067940625 0.678107684375 0.6710718234375 0.6775817546875 0.677501184375 0.678584646875 0.6812540968749999 0.6781902 0.6832325234375001 0.6729463234375 0.6793051046875 0.6716804671875 0.6730502515625 0.672337878125
0 0.45410724062499996 0.49055504218749996 0.44875434687500004 0.4877603640625 0.445554384375 0.48138211562500005 0.44217991718749994 0.47334355937500006 0.43755448125 0.46543648906249996 0.4332780515625 0.46085002499999994 0.43415057656249995 0.46915154374999996 0.4386015109375 0.47539831093749996 0.44729943437499997 0.49798515156249995 0.4524483859375 0.5108731328125 0.45692875468749994 0.5053662937500001 0.45480525937499994 0.4971962578125 0.45410724062499996 0.49055504218749996
