0 0.3488080296875 0.6333333328124999 0.3488080296875 0.65 0.358845671875 0.6566666671875 0.3701380171875 0.6366666671875 0.37264742812499996 0.6133333328125 0.3739021328125 0.5833333328125 0.3776662484375 0.5599999999999999 0.3563362609375 0.5549999999999999 0.35382685 0.58 0.35131744062500003 0.6216666671875 0.3488080296875 0.6333333328124999
0 0.38644918437500003 0.5466666671875 0.393977415625 0.5416666671875 0.40401505625 0.5349999999999999 0.400250940625 0.5233333328125 0.38268506874999997 0.5233333328125 0.3676286078125 0.5349999999999999 0.37139272343749996 0.5466666671875 0.38644918437500003 0.5466666671875
0 0.49937264687500005 0.3116666671875 0.506900878125 0.3016666671875 0.5018820578125001 0.2916666671875 0.48808030156250004 0.29500000000000004 0.48055207031249997 0.3 0.48808030156250004 0.3116666671875 0.49937264687500005 0.3116666671875
0 0.5834378921875001 0.22999999999999998 0.564617315625 0.23500000000000001 0.5621079046874999 0.24500000000000002 0.5796737765625 0.24333333281249997 0.599749059375 0.24 0.5972396484375 0.2316666671875 0.5834378921875001 0.22999999999999998
0 0.578419071875 0.2866666671875 0.5897114171875 0.2783333328125 0.603513175 0.275 0.6148055203125 0.26 0.599749059375 0.255 0.5821831875 0.255 0.5721455453125001 0.255 0.5608532 0.25666666718750003 0.5483061484375 0.2633333328125 0.5533249687499999 0.2766666671875 0.5621079046874999 0.2833333328125 0.578419071875 0.2866666671875
1 0.3563362609375 0.425 0.401505646875 0.44666666718750003 0.42409033906250004 0.42000000000000004 0.41405269687499996 0.3516666671875 0.3989962359375 0.30333333281249997 0.3701380171875 0.2883333328125 0.3287327484375 0.3133333328125 0.337515684375 0.38166666718750003 0.3563362609375 0.425
0 0.6762860734375 0.25833333281250004 0.691342534375 0.26 0.6976160609375001 0.2483333328125 0.6838143031249999 0.24500000000000002 0.6675031375 0.24500000000000002 0.6511919703125 0.2483333328125 0.64491844375 0.2616666671875 0.663739021875 0.26 0.6762860734375 0.25833333281250004
0 0.43538268437500005 0.45999999999999996 0.43663739062499995 0.4766666671875 0.4378920953125 0.5016666671875 0.44040150625 0.5183333328125 0.4554579671875 0.5266666671875 0.4730238390625 0.5316666671875 0.48682559531249997 0.5233333328125 0.49937264687500005 0.5133333328125 0.4981179421875 0.485 0.48933500625 0.44166666718750003 0.46675031406249995 0.4033333328125 0.47553324999999996 0.3716666671875 0.48808030156250004 0.35 0.48306148125000004 0.32166666718750003 0.4730238390625 0.31 0.43036386406249993 0.31 0.41405269687499996 0.3133333328125 0.4203262234375 0.3333333328125 0.42785445468749994 0.3616666671875 0.43287327500000006 0.4016666671875 0.4341279796875 0.43499999999999994 0.43538268437500005 0.45999999999999996
0 0.8030112921875 0.25666666718750003 0.7967377671875 0.24500000000000002 0.7892095359375 0.2416666671875 0.776662484375 0.2416666671875 0.7653701374999999 0.24666666718750002 0.7754077796875001 0.26 0.7917189453125 0.25833333281250004 0.8030112921875 0.25666666718750003
0 0.8092848187499999 0.6166666671875001 0.8067754078125 0.6283333328125 0.8030112921875 0.6333333328124999 0.8067754078125 0.635 0.8105395234375001 0.6266666671875 0.8143036390624999 0.615 0.8130489328125 0.6066666671875 0.8092848187499999 0.6166666671875001
0 0.737766625 0.3083333328125 0.7465495609375 0.3083333328125 0.7641154328125 0.3083333328125 0.7691342531250001 0.2966666671875 0.7528230859375 0.29333333281249996 0.7352572140625 0.29333333281249996 0.7252195734375 0.29500000000000004 0.7227101625000001 0.3083333328125 0.737766625 0.3083333328125
0 0.7590966124999999 0.6416666671875 0.7628607281249999 0.6283333328125 0.761606021875 0.6216666671875 0.7565872015624999 0.6333333328124999 0.7528230859375 0.6466666671875 0.75156838125 0.6483333328125 0.755332496875 0.655 0.7590966124999999 0.6416666671875
0 0.79422835625 0.3133333328125 0.8005018828124999 0.3016666671875 0.7929736515625 0.29500000000000004 0.7804266 0.3016666671875 0.782936009375 0.3133333328125 0.79422835625 0.3133333328125
0 0.7352572140625 0.6866666671874999 0.740276034375 0.6816666671875 0.7289836890625 0.67 0.7214554578125 0.6633333328125001 0.7139272265625001 0.6583333328125 0.720200753125 0.6716666671875 0.727728984375 0.6783333328125 0.7314930984375 0.6849999999999999 0.7352572140625 0.6866666671874999
0 0.8318695109375 0.2716666671875 0.82183186875 0.2733333328125 0.8343789203125 0.2816666671875 0.8456712671875 0.2783333328125 0.85821831875 0.2766666671875 0.8695106656249999 0.2766666671875 0.87954830625 0.2766666671875 0.8920953578124999 0.275 0.8983688828125 0.2616666671875 0.8707653703125 0.265 0.86449184375 0.2666666671875 0.8431618562500001 0.2666666671875 0.8318695109375 0.2716666671875
0 0.6010037640625 0.71 0.606022584375 0.7066666671874999 0.6097867 0.6933333328125 0.6110414046875 0.6733333328125 0.6072772890625 0.6866666671874999 0.6047678796875 0.6983333328125 0.6010037640625 0.71
0 0.8870765374999999 0.29 0.8946047671875 0.28500000000000003 0.8745294859375001 0.2816666671875 0.86449184375 0.2816666671875 0.8506900875 0.27999999999999997 0.8268506906249999 0.29333333281249996 0.8569636140625001 0.3 0.875784190625 0.29500000000000004 0.8870765374999999 0.29
0 0.6750313671875 0.7083333328125 0.6675031375 0.725 0.6750313671875 0.7216666671875 0.6787954828125 0.7116666671874999 0.6863237140625 0.7 0.691342534375 0.6900000000000001 0.6900878296874999 0.6849999999999999 0.6813048937499999 0.6933333328125 0.6750313671875 0.7083333328125
0 0.7854454203125 0.37333333281250003 0.7716436640625 0.3883333328125 0.7503136765625 0.40833333281249995 0.7289836890625 0.4233333328125 0.7051442906250001 0.43666666718749997 0.691342534375 0.4483333328125 0.6787954828125 0.47000000000000003 0.677540778125 0.485 0.7001254703125 0.48666666718749996 0.7289836890625 0.48 0.747804265625 0.47000000000000003 0.7754077796875001 0.46166666718749994 0.7929736515625 0.445 0.804265996875 0.42833333281249997 0.8230865749999999 0.40833333281249995 0.8356336265625 0.3866666671875 0.8531994984375 0.36 0.8695106656249999 0.3433333328125 0.8707653703125 0.3333333328125 0.87954830625 0.3116666671875 0.8770388953125 0.2983333328125 0.85821831875 0.305 0.8456712671875 0.3183333328125 0.8268506906249999 0.335 0.8030112921875 0.355 0.7854454203125 0.37333333281250003
0 0.7051442906250001 0.6799999999999999 0.7176913421875 0.67 0.7227101625000001 0.6566666671875 0.7164366375 0.6599999999999999 0.7101631109375 0.6666666671875 0.6938519453125 0.6833333328125 0.691342534375 0.6933333328125 0.6976160609375001 0.6916666671875 0.7051442906250001 0.6799999999999999
0 0.6675031375 0.3933333328125 0.6587202 0.4033333328125 0.663739021875 0.4183333328125 0.6787954828125 0.41333333281250006 0.6976160609375001 0.4 0.7101631109375 0.3966666671875 0.73023839375 0.3883333328125 0.741530740625 0.38166666718750003 0.7314930984375 0.37 0.7101631109375 0.3716666671875 0.6900878296874999 0.38 0.6787954828125 0.38166666718750003 0.6675031375 0.3933333328125
0 0.7139272265625001 0.6216666671875 0.720200753125 0.605 0.7164366375 0.6016666671875 0.7101631109375 0.6216666671875 0.706398996875 0.6366666671875 0.70890840625 0.6366666671875 0.7139272265625001 0.6216666671875
0 0.6361355078125001 0.6333333328124999 0.6474278546875001 0.625 0.65997490625 0.6083333328125 0.6675031375 0.5966666671875 0.6750313671875 0.575 0.6737766625 0.5549999999999999 0.663739021875 0.5549999999999999 0.6549560859375 0.5633333328125001 0.648682559375 0.5833333328125 0.6361355078125001 0.5983333328125 0.62358845625 0.625 0.6361355078125001 0.6333333328124999
0 0.6436637390625 0.625 0.6574654953125 0.6 0.6649937265625 0.5766666671875 0.6649937265625 0.5700000000000001 0.6612296109375 0.5650000000000001 0.652446675 0.5933333328125 0.6411543281250001 0.61 0.6323713921875 0.6233333328125 0.6436637390625 0.625
0 0.7578419078125 0.5866666671874999 0.7452948562499999 0.5900000000000001 0.726474278125 0.5933333328125 0.7114178171875001 0.5983333328125 0.6963613546875 0.6066666671875 0.6787954828125 0.615 0.6675031375 0.6216666671875 0.652446675 0.6283333328125 0.6361355078125001 0.6366666671875 0.6223337515625 0.6433333328125 0.6097867 0.6516666671875 0.592220828125 0.6633333328125001 0.5897114171875 0.6766666671875 0.592220828125 0.6933333328125 0.5947302390625 0.7016666671875 0.60225846875 0.705 0.6072772890625 0.7133333328125 0.6097867 0.7266666671875 0.60225846875 0.7366666671875 0.6010037640625 0.7483333328125 0.6047678796875 0.7566666671875 0.6160602265625 0.7583333328124999 0.627352571875 0.7566666671875 0.652446675 0.7533333328125 0.88582183125 0.6066666671875 0.8770388953125 0.58 0.8657465500000001 0.5666666671875 0.8306148062500001 0.5650000000000001 0.8030112921875 0.5716666671875 0.7791718953125 0.5766666671875 0.7578419078125 0.5866666671874999
1 0.8632371390625 0.6083333328125 0.8594730234375 0.5900000000000001 0.846925971875 0.5933333328125 0.8268506906249999 0.61 0.8268506906249999 0.63 0.846925971875 0.625 0.8632371390625 0.6083333328125
0 0.8594730234375 0.44166666718750003 0.85821831875 0.45499999999999996 0.8506900875 0.49000000000000005 0.868255959375 0.5066666671875 0.87954830625 0.5083333328124999 0.8933500625 0.49833333281250003 0.8983688828125 0.475 0.9021329984375 0.4483333328125 0.9096612296875 0.4166666671875 0.9096612296875 0.39 0.910915934375 0.37 0.8946047671875 0.3583333328125 0.8845671265625 0.38 0.8845671265625 0.4066666671875 0.87954830625 0.4233333328125 0.8594730234375 0.44166666718750003
0 0.749058971875 0.5616666671874999 0.7503136765625 0.5483333328125 0.7390213296875 0.5416666671875 0.734002509375 0.5599999999999999 0.7227101625000001 0.5766666671875 0.7390213296875 0.5783333328125 0.749058971875 0.5616666671874999
0 0.770388959375 0.5633333328125001 0.7754077796875001 0.5466666671875 0.761606021875 0.5466666671875 0.7503136765625 0.5766666671875 0.7653701374999999 0.575 0.770388959375 0.5633333328125001
1 0.755332496875 0.675 0.7628607281249999 0.6599999999999999 0.7653701374999999 0.63 0.7653701374999999 0.6116666671875 0.7540777921874999 0.6383333328125 0.74404015 0.6716666671875 0.7314930984375 0.6883333328125001 0.741530740625 0.6849999999999999 0.755332496875 0.675
1 0.6925972390624999 0.675 0.6787954828125 0.6983333328125 0.663739021875 0.7266666671875 0.6838143031249999 0.7133333328125 0.6976160609375001 0.6900000000000001 0.6925972390624999 0.675
1 0.6148055203125 0.6816666671875 0.6122961109375 0.6616666671875 0.6010037640625 0.6883333328125001 0.59598494375 0.725 0.6072772890625 0.7083333328125 0.6148055203125 0.6816666671875
1 0.46047678750000004 0.3983333328125 0.47804265937499996 0.39 0.48557089062500003 0.3783333328125 0.48682559531249997 0.36 0.48682559531249997 0.3433333328125 0.479297365625 0.3233333328125 0.46173149375 0.32 0.43663739062499995 0.3166666671875 0.4203262234375 0.3166666671875 0.43287327500000006 0.3783333328125 0.442910915625 0.3983333328125 0.46047678750000004 0.3983333328125
