0 0.237442921875 0.7807486625 0.243531203125 0.7807486625 0.24961948281250002 0.7673796796875 0.252663621875 0.7513368984375 0.24048706250000002 0.7540106953125 0.23592085312500002 0.7647058828125 0.23439878281249998 0.7700534765625 0.237442921875 0.7807486625
0 0.2770167421875 0.7914438500000001 0.2846270921875 0.7914438500000001 0.2907153734375 0.794117646875 0.3013698625 0.804812834375 0.3013698625 0.7914438500000001 0.296803653125 0.7780748656250001 0.296803653125 0.7673796796875 0.2876712328125 0.7700534765625 0.2785388125 0.7727272734375 0.2754946734375 0.7807486625 0.2770167421875 0.7914438500000001
1 0.2754946734375 0.5374331546875 0.2831050234375 0.524064171875 0.312024353125 0.4893048125 0.334855403125 0.45454545468749996 0.34550989374999996 0.4331550796875 0.33942161406250004 0.41978609687499996 0.3165905625 0.4171123 0.2922374421875 0.42780748593749995 0.26179604218749997 0.4598930484375 0.24200913281249997 0.486631015625 0.23287671250000003 0.518716578125 0.237442921875 0.5454545453125 0.2541856921875 0.5534759359375 0.2754946734375 0.5374331546875
1 0.176560121875 0.4598930484375 0.1902587515625 0.4465240640625 0.2085235921875 0.403743315625 0.21308980156250001 0.3395721921875 0.199391171875 0.33422459843749996 0.1856925421875 0.3502673796875 0.16590563125 0.37967914375 0.1522070015625 0.403743315625 0.14155251093750001 0.4385026734375 0.1491628609375 0.4572192515625 0.15677321093750002 0.4705882359375 0.176560121875 0.4598930484375
1 0.12024353125000001 0.6363636359375 0.138508371875 0.6497326203125 0.14307458125 0.6363636359375 0.1522070015625 0.606951871875 0.1552511421875 0.5909090906250001 0.1643835609375 0.5614973265625001 0.1643835609375 0.518716578125 0.15677321093750002 0.5 0.140030440625 0.50534759375 0.117199390625 0.5374331546875 0.11415525156249999 0.5775401062500001 0.11415525156249999 0.6149732625000001 0.12024353125000001 0.6363636359375
1 0.20243531250000002 0.5935828875 0.2039573828125 0.6042780750000001 0.2161339421875 0.596256684375 0.2207001515625 0.580213903125 0.2207001515625 0.5561497328125 0.21308980156250001 0.5641711234375 0.207001521875 0.5775401062500001 0.20243531250000002 0.5935828875
1 0.5738203953125 0.4598930484375 0.6027397265625 0.4732620328125 0.61643835625 0.4518716578125 0.60882800625 0.41443850312499997 0.5844748859375 0.39037433125 0.5662100453125001 0.40106951874999996 0.564687975 0.4331550796875 0.5738203953125 0.4598930484375
1 0.1704718421875 0.6363636359375 0.184170471875 0.6336898390625 0.18873668125 0.62032085625 0.1826484015625 0.58823529375 0.1704718421875 0.580213903125 0.15981735156250002 0.5909090906250001 0.15981735156250002 0.60962566875 0.1704718421875 0.6363636359375
1 0.61643835625 0.5320855609375 0.619482496875 0.5561497328125 0.6255707765625 0.5641711234375 0.627092846875 0.5320855609375 0.627092846875 0.50534759375 0.6331811265625 0.502673796875 0.6301369859375 0.491978609375 0.63165905625 0.475935828125 0.62404870625 0.486631015625 0.6179604265624999 0.508021390625 0.61643835625 0.5320855609375
1 0.6255707765625 0.6443850265625 0.63165905625 0.6631016046875 0.634703196875 0.6390374328124999 0.6301369859375 0.606951871875 0.6255707765625 0.612299465625 0.62404870625 0.6256684484374999 0.6255707765625 0.6443850265625
0 0.537290715625 0.5561497328125 0.582952815625 0.5401069515625 0.6118721468749999 0.5267379671875 0.6179604265624999 0.502673796875 0.6027397265625 0.50534759375 0.582952815625 0.513368984375 0.5616438359375 0.524064171875 0.544901065625 0.5294117640625 0.5205479453125 0.5374331546875 0.5053272453125001 0.5427807484375 0.5053272453125001 0.5508021390625 0.514459665625 0.5614973265625001 0.537290715625 0.5561497328125
