1 0.4228070171875 0.7808857812500001 0.461403509375 0.7575757578125 0.48596491249999996 0.6853146859375 0.46491228125 0.659673659375 0.3736842109375 0.68065268125 0.3561403515625 0.7389277390625 0.375438596875 0.7668997671875 0.4228070171875 0.7808857812500001
1 0.603508771875 0.5734265734374999 0.6298245609374999 0.5897435890625 0.65087719375 0.5641025640625 0.6526315796875 0.5361305359374999 0.6473684203125 0.49417249375 0.6192982453125 0.475524475 0.5947368421875 0.48951048906250005 0.5877192984375 0.5221445218749999 0.5877192984375 0.5454545453125 0.603508771875 0.5734265734374999
0 0.24385964843750002 0.7552447546875001 0.245614034375 0.7179487171875001 0.2263157890625 0.7016317015625 0.22105263125 0.7762237765625 0.24385964843750002 0.7762237765625 0.24385964843750002 0.7552447546875001
0 0.271929825 0.741258740625 0.25789473749999997 0.7296037296875 0.254385965625 0.7995338000000001 0.26842105312500003 0.7668997671875 0.271929825 0.741258740625
0 0.310526315625 0.7762237765625 0.310526315625 0.7482517484375 0.296491228125 0.7435897437500001 0.282456140625 0.7738927734375001 0.29473684218749996 0.790209790625 0.310526315625 0.7762237765625
0 0.3473684203125 0.7645687640625 0.328070175 0.752913753125 0.30701754375 0.808857809375 0.3298245609375 0.8111888109375001 0.3473684203125 0.7645687640625
0 0.1912280703125 0.7296037296875 0.1666666671875 0.7272727265625 0.18245614062499999 0.7808857812500001 0.1912280703125 0.7645687640625 0.1912280703125 0.7296037296875
0 0.224561403125 0.8368298375000001 0.24385964843750002 0.8648018640625 0.24210526250000003 0.8414918421875001 0.224561403125 0.8368298375000001
0 0.2631578953125 0.8251748250000001 0.2666666671875 0.76923076875 0.2561403515625 0.7668997671875 0.22807017499999999 0.7668997671875 0.1947368421875 0.752913753125 0.1842105265625 0.7925407921875001 0.203508771875 0.8111888109375001 0.2631578953125 0.8251748250000001
0 0.168421053125 0.7435897437500001 0.154385965625 0.7435897437500001 0.161403509375 0.7855477859375 0.1807017546875 0.7808857812500001 0.168421053125 0.7435897437500001
1 0.561403509375 0.5641025640625 0.5543859656250001 0.5734265734374999 0.5368421046875 0.6083916078125 0.52105263125 0.63170163125 0.5368421046875 0.6363636359375 0.5631578953124999 0.6363636359375 0.6 0.6177156171875 0.5912280703125 0.585081584375 0.5807017546875 0.56876456875 0.561403509375 0.5641025640625
