1 0.391076115625 0.8487229859375001 0.41994750625000005 0.8998035359375001 0.523622046875 0.9253438109375001 0.6364829390625 0.8978389 0.712598425 0.852652259375 0.73884514375 0.8094302546875 0.7598425203125 0.7092337921875 0.7519685046875 0.62868369375 0.7283464562499999 0.6385068765625 0.6784776906250001 0.6660117875 0.6325459312499999 0.6836935171875 0.5971128609374999 0.6876227890625 0.56955380625 0.6640471515625 0.5485564296875001 0.60117878125 0.45013123437499997 0.62671905625 0.41076115468749996 0.6385068765625 0.380577428125 0.6502946953125 0.3740157484375 0.6935167 0.37139107656250003 0.7917485265625 0.391076115625 0.8487229859375001
1 0.6102362203125 0.6777996078124999 0.6469816265625 0.6660117875 0.699475065625 0.64243615 0.7375328078125001 0.6051080546875001 0.730971128125 0.5893909625 0.715223096875 0.5913555984375 0.699475065625 0.5815324171875 0.67585301875 0.481335953125 0.6719160109375 0.4459724953125 0.683727034375 0.430255403125 0.6692913390624999 0.40864440156250004 0.6601049875 0.43811394843749996 0.6482939625 0.47544204375000004 0.61154855625 0.55206286875 0.6023622046875 0.5677799609374999 0.5866141734375 0.57563850625 0.5656167984375 0.5933202359374999 0.5524934390625 0.595284871875 0.5708661421875 0.65422396875 0.5839895015625001 0.671905696875 0.6102362203125 0.6777996078124999
0 0.479002625 0.7583497046875001 0.481627296875 0.748526521875 0.4776902890625 0.7269155203125 0.4776902890625 0.70530451875 0.4475065609375 0.7092337921875 0.4291338578125 0.7072691546875001 0.412073490625 0.719056975 0.40288713906250007 0.724950884375 0.4186351703125 0.738703340625 0.4540682421875 0.75638506875 0.479002625 0.7583497046875001
0 0.43044619375000004 0.7662082515625 0.4356955375 0.7583497046875001 0.4238845140625 0.750491159375 0.4133858265625 0.7426326125 0.406824146875 0.7426326125 0.4055118109375 0.7524557953125 0.41469816249999997 0.75638506875 0.43044619375000004 0.7662082515625
0 0.40944881874999994 0.7858546171875 0.42519685 0.7858546171875 0.43963254531249996 0.7996070734375 0.4422572171875 0.789783890625 0.4356955375 0.7799607078124999 0.422572178125 0.7721021609375 0.40288713906250007 0.762278978125 0.3871391078125 0.750491159375 0.3871391078125 0.7603143421875 0.39632545937499997 0.7721021609375 0.40944881874999994 0.7858546171875
0 0.481627296875 0.67976424375 0.48425196875000004 0.6640471515625 0.49606299218750005 0.660117878125 0.4908136484375 0.648330059375 0.479002625 0.646365421875 0.4724409453125 0.6502946953125 0.4724409453125 0.660117878125 0.476377953125 0.67976424375 0.481627296875 0.67976424375
0 0.4422572171875 0.86051080625 0.45669291406249996 0.8624754421875 0.4698162734375 0.866404715625 0.4829396328125 0.866404715625 0.48687664062499997 0.8546168953125 0.4776902890625 0.8487229859375001 0.45800525 0.8428290765625001 0.44094488125 0.8428290765625001 0.43044619375000004 0.8369351671875 0.4186351703125 0.8369351671875 0.4238845140625 0.84675835 0.4356955375 0.852652259375 0.4422572171875 0.86051080625
0 0.5183727031250001 0.821218075 0.523622046875 0.8310412578124999 0.5301837265625 0.8487229859375001 0.5459317578125 0.8565815328124999 0.5643044625 0.8487229859375001 0.5787401578125 0.8447937124999999 0.5971128609374999 0.8388998031250001 0.61154855625 0.827111984375 0.6430446187500001 0.815324165625 0.6443569546875 0.789783890625 0.6469816265625 0.78192534375 0.629921259375 0.762278978125 0.6036745406249999 0.7662082515625 0.5682414703124999 0.764243615625 0.5524934390625 0.7681728875 0.544619421875 0.78192534375 0.5301837265625 0.78192534375 0.5301837265625 0.7996070734375 0.5249343828125 0.8113948921875 0.5183727031250001 0.821218075
0 0.49606299218750005 0.8035363453125001 0.4934383203125 0.7937131625 0.481627296875 0.7937131625 0.47506561718749996 0.789783890625 0.46587926562500004 0.7937131625 0.479002625 0.8055009828124999 0.4881889765625 0.8035363453125001 0.49606299218750005 0.8035363453125001
0 0.479002625 0.8998035359375001 0.4895013125 0.8998035359375001 0.49737532812499996 0.891944990625 0.48425196875000004 0.8821218078124999 0.46587926562500004 0.878192534375 0.45013123437499997 0.8762278984374999 0.44881889687500004 0.88408644375 0.460629921875 0.891944990625 0.479002625 0.8998035359375001
0 0.5406824140625 0.88408644375 0.544619421875 0.8703339874999999 0.5393700781249999 0.852652259375 0.5223097109375 0.8565815328124999 0.5118110234375 0.86051080625 0.4986876640625 0.878192534375 0.5039370078125 0.8880157171875 0.520997375 0.8939096265625001 0.5406824140625 0.88408644375
0 0.507874015625 0.7347740671875 0.5196850390625001 0.7288801578124999 0.523622046875 0.7170923375 0.5170603671875 0.70530451875 0.5065616796875 0.7170923375 0.4934383203125 0.7170923375 0.4934383203125 0.7288801578124999 0.5039370078125 0.7347740671875 0.507874015625 0.7347740671875
0 0.5118110234375 0.6620825140625 0.53674540625 0.6777996078124999 0.54199475 0.6777996078124999 0.5538057750000001 0.671905696875 0.5603674546875 0.667976425 0.5616797906250001 0.6561886046875001 0.55905511875 0.646365421875 0.5577427828125 0.6365422390625 0.54199475 0.620825146875 0.5301837265625 0.616895875 0.5104986874999999 0.6247544203125 0.4986876640625 0.6385068765625 0.492125984375 0.64243615 0.49737532812499996 0.65225933125 0.5118110234375 0.6620825140625
0 0.4698162734375 0.840864440625 0.48687664062499997 0.8447937124999999 0.4986876640625 0.8506876234374999 0.5039370078125 0.8428290765625001 0.5013123359375 0.8172888015625001 0.49606299218750005 0.8133595281250001 0.4881889765625 0.8113948921875 0.471128609375 0.8133595281250001 0.45800525 0.8231827109375001 0.45800525 0.8349705296875 0.4698162734375 0.840864440625
0 0.479002625 0.787819253125 0.4908136484375 0.7917485265625 0.5065616796875 0.789783890625 0.5104986874999999 0.776031434375 0.5091863515624999 0.7603143421875 0.5039370078125 0.7544204328124999 0.481627296875 0.75638506875 0.460629921875 0.7603143421875 0.45275590625 0.770137525 0.4645669296875 0.7779960703125 0.479002625 0.787819253125
