0 0.2668220296875 0.38961429999999997 0.2613280359375 0.39409634531250004 0.2594748203125 0.402077128125 0.2631156 0.4055758640625 0.2660319078125 0.40091356874999995 0.2714130265625 0.39804570625 0.275618178125 0.393473534375 0.274667959375 0.388540865625 0.2668220296875 0.38961429999999997
0 0.2618555484375 0.46063827812499997 0.2658349515625 0.45929447031250004 0.2674624171875 0.45454205156249994 0.2638216390625 0.45104331562500005 0.2600679875 0.44915875937500005 0.2576031765625 0.44736432812500004 0.26309716875 0.44288228281249997 0.26965425625 0.44171872656250005 0.27514825 0.43723668125000004 0.2727963140625 0.43382806875 0.2664649765625 0.43176326249999997 0.2627113234375 0.42987870937499995 0.2562671109375 0.42942808593750004 0.2538023 0.42763365468750003 0.25402805 0.4244052921875 0.25459242187500003 0.4163343859375 0.2508387703125 0.4144498296875 0.24276709218749998 0.41875162499999996 0.241412596875 0.43812180156249997 0.2409610984375 0.444578528125 0.23876925937500001 0.45740185312500004 0.2459379421875 0.4660135078125 0.2510933109375 0.46637400625 0.25647443124999997 0.4635061421875 0.2618555484375 0.46063827812499997
0 0.3986041515625 0.4312708890625 0.39041960000000003 0.4371868671875 0.3964123140625 0.444094215625 0.40414536874999996 0.44463496406249997 0.41479473125000005 0.4405134171875 0.41956425625 0.4278703390625 0.41054235781250004 0.42723946718750005 0.40527411406249997 0.42849315 0.3986041515625 0.4312708890625
0 0.44898188125000005 0.43317156875 0.4522368140625 0.42366672968749997 0.4485960359375 0.42016799374999997 0.44192607500000003 0.42294573281250003 0.44136170156250004 0.43101664062499995 0.44898188125000005 0.43317156875
0 0.44247201875000003 0.45218124687500005 0.4479660109375 0.4476992015625 0.4457269515625 0.4426764078125 0.44174755 0.4440202140625 0.43871836562500005 0.450296690625 0.44247201875000003 0.45218124687500005
0 0.4325943484375 0.4823099421875 0.4367994984375 0.4777377734375 0.43584927812499996 0.4728051046875 0.42929219218750003 0.4739686625 0.42861494375 0.48365375000000005 0.4325943484375 0.4823099421875
0 0.413713209375 0.47450135 0.418755703125 0.476476028125 0.42155913749999996 0.47342791562500003 0.42201063593750004 0.4669711890625 0.417081015625 0.4633823296875 0.4129887375 0.4663403171875 0.413713209375 0.47450135
0 0.39037237812500003 0.419340746875 0.39093675 0.41126984218749996 0.37922429375 0.41207289999999996 0.37255433125000004 0.414850640625 0.365658621875 0.4208567421875 0.35747406875 0.42677271875 0.35102985625 0.4263220953125 0.345197240625 0.4356466859375 0.3435697734375 0.44039910468750004 0.3513028296875 0.440939853125 0.356683946875 0.4380719875 0.3648685 0.4321560125 0.3729401796875 0.4278542140625 0.38101185625 0.42355241875000005 0.39037237812500003 0.419340746875
0 0.352478796875 0.442644159375 0.355893825 0.4493712578125 0.3598732265625 0.4480274515625 0.36385262812499997 0.44668364374999997 0.36794490625 0.4437256546875 0.3669946859375 0.43879298593750005 0.3591487578125 0.43986641875 0.352478796875 0.442644159375
0 0.35578095 0.4509854390625 0.35802001250000004 0.45600823281249997 0.36328825625 0.4547545484375 0.3685565 0.45350086718749993 0.3690079984375 0.4470441421875 0.36525434687499997 0.4451595859375 0.359760353125 0.44964163125 0.35578095 0.4509854390625
0 0.3647371953125 0.4710766125 0.3726959984375 0.468388996875 0.3719715296875 0.46022796718750003 0.36681616093749997 0.45986746875 0.35885735625000004 0.4625550828125 0.3533633640625 0.467037128125 0.345291684375 0.47133892343749995 0.3359311640625 0.4755505953125 0.3305500453125 0.478418459375 0.3340779484375 0.4835313765625 0.336542759375 0.4853258078125 0.34192387812499997 0.48245794374999995 0.34859383906249997 0.47968020468750006 0.35279899062500003 0.475108034375 0.359356078125 0.47394447656249994 0.3647371953125 0.4710766125
0 0.2589392421875 0.465300571875 0.2547340890625 0.46987274218749997 0.2622413953125 0.473641853125 0.26398173593749996 0.46727525312499996 0.2589392421875 0.465300571875
0 0.2824770296875 0.462080271875 0.28292852812499997 0.45562354687499995 0.276484315625 0.45517292343750004 0.2722791625 0.45974509374999994 0.277208784375 0.4633339546875 0.2824770296875 0.462080271875
0 0.285553434375 0.473649915625 0.2914332734375 0.4821714453125 0.2978774859375 0.48262206875 0.3019697625 0.47966407968749997 0.30628778749999996 0.47347772812500005 0.3029856328125 0.46513644843749996 0.29502682812500003 0.46782406249999997 0.285553434375 0.473649915625
0 0.148429346875 0.5824726874999999 0.1410821390625 0.5949355140625 0.149088165625 0.61009401875 0.1620894640625 0.609381084375 0.171562859375 0.60355523125 0.1809233796875 0.5993435593750001 0.1753821640625 0.5859794859375 0.1628323625 0.5802356953125 0.148429346875 0.5824726874999999
0 0.193313084375 0.5888554125 0.196276615625 0.6020392375 0.20131910937500003 0.6040139156250001 0.207763321875 0.6044645390625 0.22099037031250002 0.6005232421875 0.22788608125 0.5945171390625 0.211356878125 0.59011715625 0.193313084375 0.5888554125
0 0.3181050515625 0.6008258640624999 0.30953465156250004 0.5937382671875 0.2967591015625 0.5912228390625 0.28504664687500003 0.5920259 0.273945784375 0.602604171875 0.27444450468750003 0.6139935640624999 0.28335352812500003 0.61623861875 0.2924883 0.615255309375 0.305376725 0.61615655625 0.315461715625 0.6201059156250001 0.3173149296875 0.612125134375 0.3181050515625 0.6008258640624999
0 0.41644292343749995 0.6206789125000001 0.421936915625 0.6161968671875 0.4301214703125 0.610280890625 0.42833390624999995 0.598801371875 0.4195377578125 0.5949421375 0.4105158609375 0.5943112640625 0.40266993281249996 0.595384696875 0.394936878125 0.5948439484375 0.3859149796875 0.5942130765625 0.3780690515625 0.5952865109375 0.3675325625 0.5977938765624999 0.369433 0.6076592140625 0.374023996875 0.6160906171875 0.376263059375 0.6211134109375 0.381192678125 0.6247022734375001 0.39150341875 0.6254232703125 0.4045047171875 0.624710334375 0.41644292343749995 0.6206789125000001
0 0.446876421875 0.6114525109375 0.4574129109375 0.6089451453125 0.45786440937500006 0.6024884203124999 0.4528219125 0.6005137390625 0.44637770000000004 0.6000631171874999 0.442285425 0.60302110625 0.446876421875 0.6114525109375
0 0.4509030453125 0.627954821875 0.4589747234375 0.6236530265625 0.45836312812499996 0.6138778140625 0.4480523890625 0.6131568171875 0.4436214890625 0.6209573484375001 0.4509030453125 0.627954821875
0 0.5136520484375 0.656673775 0.5221095734375 0.665375553125 0.5337091546875 0.666186675 0.5384786796875 0.6535435984375 0.533436184375 0.65156891875 0.526991971875 0.6511182953125 0.5191460421875 0.6521917296875 0.5136520484375 0.656673775
0 0.5931744343750001 0.6492579265625 0.5854413796875 0.648717178125 0.57759545 0.6497906125 0.5793830140625 0.66127013125 0.589580878125 0.6636053093750001 0.59765255625 0.6593035125 0.6080761703124999 0.6584103296875 0.6087534171875 0.6487252406249999 0.599731521875 0.64809436875 0.5931744343750001 0.6492579265625
0 0.1616195359375 0.6531442281250001 0.15949335 0.646507253125 0.1585431296875 0.641574584375 0.160057721875 0.6384363484375 0.166614809375 0.6372727890625 0.1731718953125 0.6361092312500001 0.17961610781249998 0.6365598546875 0.18875087968749998 0.6355765453125 0.20035046250000002 0.6363876671875001 0.208083515625 0.6369284140625 0.20982385625000002 0.630561815625 0.1984500234375 0.6265223296875 0.18567447343750001 0.6240069015625 0.175476609375 0.6216717234375 0.16516586875 0.6209507265624999 0.16107359375000002 0.623908715625 0.15944612656249998 0.6286611343749999 0.15031135625 0.62964444375 0.14644482812499998 0.62937406875 0.14588045624999998 0.6374449765625 0.149182609375 0.64578625625 0.15237188906250002 0.6557417171875 0.15578691875 0.6624688171875001 0.1596534453125 0.662739190625 0.163971471875 0.6565528390625001 0.1616195359375 0.6531442281250001
0 0.256222184375 0.6338063015625 0.2511796890625 0.631831621875 0.23958010624999998 0.6310205 0.231847053125 0.6304797515625 0.220134596875 0.6312828125000001 0.2148663515625 0.63253649375 0.2131260125 0.6389030953125 0.208920859375 0.6434752640625 0.21665391562499997 0.6440160125000001 0.22438696875000003 0.6445567609375 0.2348105828125 0.6436635765625 0.24371960625 0.6459086296875001 0.2540303453125 0.6466296265625 0.257172403125 0.6387389703124999 0.256222184375 0.6338063015625
0 0.3042952015625 0.6501444875 0.30721150937499997 0.64548219375 0.31225400468750003 0.6474568734374999 0.3094505703125 0.6505049859375001 0.31309135 0.6540037234375 0.317183625 0.651045734375 0.3223389953125 0.6514062328125 0.32878320625 0.65185685625 0.34296047343749997 0.6528482265625 0.3569119921875 0.6570679625 0.3749557859375 0.65832970625 0.40073263593749997 0.6601322 0.4240446734375 0.6601402609375 0.45368804999999995 0.662213128125 0.4606966359375 0.6545928437499999 0.45049876875 0.6522576671875 0.4403009046875 0.6499224875 0.4311661328125 0.6509057968749999 0.41956655 0.650094675 0.40785409531249994 0.650897734375 0.3977691046875 0.646948375 0.38874720625000003 0.6463175031249999 0.3821901203125 0.6474810609375 0.37445706562500003 0.6469403125000001 0.3678999796875 0.6481038703124999 0.3602797984375 0.6459489421875 0.3540613359375 0.6422699546875 0.3477299984375 0.6402051515625 0.342461753125 0.6414588328125 0.3348415734375 0.6393039046875 0.3283973609375 0.6388532828125 0.321840275 0.6400168390625 0.31903684062500004 0.643064953125 0.317973746875 0.639746465625 0.31550893750000003 0.6379520359375 0.3130441265625 0.6361576046875 0.30800163125 0.634182925 0.3028462609375 0.633822425 0.2951132078125 0.633281678125 0.287380153125 0.6327409296875001 0.2795342234375 0.6338143640625 0.2741531046875 0.636682228125 0.2675960171875 0.6378457859375 0.26714451875 0.6443025109375 0.27336298281250004 0.6479814968750001 0.28014581875 0.6435895765625 0.29056943281250003 0.6426963921875 0.2942102109375 0.6461951296875 0.29785098906249996 0.649693865625 0.3042952015625 0.6501444875
0 0.328105959375 0.66154194375 0.3277673359375 0.6663844890624999 0.3315209890625 0.66826904375 0.3379652015625 0.6687196671875 0.3420574765625 0.665761678125 0.3422832265625 0.6625333140625 0.335839015625 0.6620826921875 0.328105959375 0.66154194375
0 0.5205765515625 0.7058202109375 0.5153083078125 0.70707389375 0.5175473703125 0.7120966875 0.5225898640625 0.714071365625 0.527745234375 0.7144318640625 0.533126353125 0.7115640015625 0.5347538203125 0.70681158125 0.5271336390625 0.7046566515625 0.5205765515625 0.7058202109375
0 0.5854517421875001 0.7411761359375 0.585903240625 0.7347194109374999 0.580634996875 0.73597309375 0.579571903125 0.7326546078125 0.5786216843750001 0.7277219390624999 0.573353440625 0.7289756203125 0.5730148171875 0.7338181640625 0.5689225390625 0.7367761546875 0.55990064375 0.73614528125 0.550765871875 0.737128590625 0.54689934375 0.7368582171875 0.5465607203125 0.7417007609375 0.5502014984375 0.745199496875 0.5566457109375 0.7456501203125 0.5605122375 0.74592049375 0.5683581671875 0.744847059375 0.576091221875 0.7453878078125 0.581246590625 0.74574830625 0.5854517421875001 0.7411761359375
0 0.5000495171875 0.740070453125 0.5053177625 0.7388167718750001 0.506945228125 0.734064353125 0.5020156078125 0.7304754906250001 0.4969731125 0.7285008109375 0.48924005781249996 0.7279600625 0.4864366234375 0.7310081765625001 0.48492203125 0.7341464140625 0.47718897812499994 0.7336056671875 0.47366107343749997 0.7284927484375 0.46884432656249997 0.72328970625 0.4625129890625 0.7212249015625 0.45735762031249994 0.720864403125 0.4509134078125 0.7204137796875 0.44435632187499996 0.7215773375000001 0.44144001250000003 0.7262396328125 0.4411013890625 0.7310821765625 0.439699671875 0.7326062328125 0.4393610484375 0.7374487765625 0.44580526093749995 0.7378994 0.4510735046875 0.7366457171875 0.46138424375 0.7373667140625 0.48060400625 0.740332765625 0.49091474531249996 0.7410537625 0.5000495171875 0.740070453125
0 0.3783996078125 0.72020934375 0.3720682703125 0.718144540625 0.3694905859375 0.717964290625 0.36433521562500004 0.7176037921875 0.363272121875 0.7142853046875 0.3609201859375 0.7108766921874999 0.35318713281249997 0.7103359453125 0.3481446359375 0.7083612640625 0.34534120156250003 0.711409378125 0.34253776875 0.7144574921875 0.3373823984375 0.7140969921875 0.3283605015625 0.7134661203125 0.3193386046875 0.7128352484375 0.31440898281249996 0.7092463875 0.30936648906249997 0.70727170625 0.3083033953125 0.7039532203125 0.30337377499999996 0.7003643578125 0.2983312796875 0.6983896781250001 0.291999940625 0.696324875 0.2867316984375 0.69757855625 0.27899864218750003 0.6970378078125 0.275132115625 0.696767434375 0.27126558749999996 0.6964970609375001 0.264821375 0.6960464375 0.2609548484375 0.6957760625 0.25579947812500003 0.6954155640625 0.2543977625 0.696939621875 0.25288317031249996 0.7000778609375 0.247614925 0.7013315421875 0.2458745859375 0.70769814375 0.2431840265625 0.7091320750000001 0.239204625 0.71047588125 0.2338235046875 0.713343746875 0.2296183546875 0.7179159171875 0.225526078125 0.7208739046875 0.22530032812499998 0.72410226875 0.22882823281250003 0.7292151859375 0.24277975000000002 0.73343491875 0.2477093703125 0.73702378125 0.2513501484375 0.7405225171875001 0.254765178125 0.7472496171875 0.267427853125 0.751379225 0.276562625 0.7503959171875 0.279591809375 0.744119440625 0.29012829687499997 0.741612075 0.2979742265625 0.7405386421875 0.30324246875 0.739284959375 0.31097552500000003 0.73982570625 0.32503991718749997 0.742431259375 0.3344004390625 0.7382195890625 0.3422463671875 0.7371461546875 0.35255710625000003 0.7378671515625 0.36555840625 0.737154215625 0.36718587187499996 0.732401796875 0.37245411562499997 0.7311481140625 0.3814760140625 0.7317789859375 0.387468728125 0.7386863359375 0.39637775 0.7409313890625 0.40399793125 0.74308631875 0.4158232609375 0.740669078125 0.42226747343750004 0.7411196999999999 0.428824559375 0.73995614375 0.43397992968750004 0.7403166421875 0.430452025 0.7352037234375 0.42552240625 0.7316148625000001 0.4257481546875 0.7283864999999999 0.42597390468749996 0.7251581375 0.4223331265625 0.7216594015625 0.412135259375 0.719324221875 0.40428933125000005 0.7203976562500001 0.395154559375 0.7213809640625 0.38484381875 0.7206599671875 0.3783996078125 0.72020934375
0 0.1639530421875 0.6938592609375 0.15924917031250002 0.6870420359375 0.15762170312499998 0.6917944546875 0.1586847984375 0.6951129421875 0.1647903875 0.700406109375 0.1696071328125 0.7056091515625 0.1749882515625 0.7027412875 0.1701715046875 0.6975382453125001 0.1639530421875 0.6938592609375
0 0.215280990625 0.7006926078125 0.2094011515625 0.692171078125 0.2003792546875 0.6915402046875 0.1935964171875 0.6959321265625 0.1957226046875 0.7025691000000001 0.1966728234375 0.70750176875 0.19891188437500001 0.7125245640625 0.204067253125 0.7128850625 0.2128634015625 0.716744296875 0.21460374375 0.7103776953125001 0.215280990625 0.7006926078125
0 0.31335395781250003 0.5761625218749999 0.3105505234375 0.5792106343750001 0.314304175 0.5810951906249999 0.319459546875 0.5814556890625 0.3233260734375 0.5817260625 0.327305475 0.5803822546874999 0.3287071921875 0.5788582 0.3224887296875 0.5751792124999999 0.31335395781250003 0.5761625218749999
0 0.1587216578125 0.620500103125 0.1451087640625 0.611437825 0.1376014578125 0.607668715625 0.13305768281250002 0.6170834296875001 0.13753580625 0.627129015625 0.1512615734375 0.6345771124999999 0.1587216578125 0.620500103125
