0 0.8481806781250001 0.8998330546875 0.8531994984375 0.9348914859375 0.8607277296875001 0.9565943234375001 0.875784190625 0.9799666109375 0.8933500625 0.9749582640625001 0.8870765374999999 0.9449081796875 0.8808030109375 0.9131886484375 0.872020075 0.87479131875 0.8632371390625 0.8397328875 0.8519447937500001 0.8163606015625 0.8331242156249999 0.7963272124999999 0.8268506906249999 0.7946577625 0.8193224593749999 0.7946577625 0.811794228125 0.7946577625 0.8067754078125 0.8046744578125 0.8092848187499999 0.8163606015625 0.8193224593749999 0.836393990625 0.8268506906249999 0.8514190312500001 0.83688833125 0.8714524203125 0.8481806781250001 0.8998330546875
0 0.8306148062500001 0.7011686140625 0.825595984375 0.7195325546875 0.8230865749999999 0.7362270453125 0.8168130484375 0.7479131890625 0.8168130484375 0.76126878125 0.8180677546874999 0.7712854765625 0.8331242156249999 0.7762938234375001 0.83688833125 0.7595993328125 0.8381430359375001 0.73956594375 0.846925971875 0.7245409015625001 0.8506900875 0.7011686140625 0.8594730234375 0.6794657765625 0.8695106656249999 0.6644407343750001 0.8745294859375001 0.6560934890625 0.8833124218749999 0.6444073453125 0.8870765374999999 0.629382303125 0.8782936015624999 0.619365609375 0.8632371390625 0.6343906515625 0.8506900875 0.6510851421875 0.8444165625 0.6777963265625 0.8306148062500001 0.7011686140625
0 0.6963613546875 0.6210350578125 0.7013801749999999 0.62604340625 0.7101631109375 0.619365609375 0.7101631109375 0.6126878125 0.6925972390624999 0.595993321875 0.6825595984375 0.585976628125 0.6750313671875 0.584307178125 0.6687578421875 0.5826377296875 0.6687578421875 0.5943238734375 0.677540778125 0.6060100171875 0.6863237140625 0.6110183640625 0.6963613546875 0.6210350578125
0 0.64491844375 0.5676126874999999 0.642409034375 0.5609348921875 0.6398996234375 0.55592654375 0.634880803125 0.5525876453125 0.6298619828125 0.5525876453125 0.6323713921875 0.5609348921875 0.6398996234375 0.5676126874999999 0.6436637390625 0.5709515859375001 0.64491844375 0.5676126874999999
0 0.6173149312499999 0.6527545906250001 0.62358845625 0.6510851421875 0.62358845625 0.6410684468750001 0.6160602265625 0.6343906515625 0.6047678796875 0.629382303125 0.606022584375 0.63772955 0.6085319953125 0.6444073453125 0.6173149312499999 0.6527545906250001
0 0.7816813046875 0.7712854765625 0.782936009375 0.779632721875 0.79422835625 0.7813021703125 0.7917189453125 0.772954925 0.7816813046875 0.7712854765625
0 0.86449184375 0.590984975 0.8657465500000001 0.585976628125 0.8695106656249999 0.5759599328125 0.8670012546875 0.5676126874999999 0.8632371390625 0.5642737890625 0.8569636140625001 0.5659432390625 0.8569636140625001 0.5809682796875 0.8569636140625001 0.5926544234375 0.8632371390625 0.5976627718749999 0.86449184375 0.590984975
0 0.25470514375 0.5425709515625 0.259723965625 0.5676126874999999 0.262233375 0.5826377296875 0.26976160625 0.574290484375 0.26976160625 0.550918196875 0.272271015625 0.5225375624999999 0.26976160625 0.49248747968749995 0.2634880796875 0.47412353906250004 0.25595985 0.459098496875 0.250941028125 0.45075125156249995 0.24968632343750002 0.48247078437499996 0.25470514375 0.5041736234374999 0.25470514375 0.5258764609375 0.25470514375 0.5425709515625
1 0.2647427859375 0.574290484375 0.279799246875 0.5425709515625 0.3061480546875 0.4791318859375 0.30991217031249996 0.41903172031249997 0.33375156875 0.40233722812500006 0.3638644921875 0.40233722812500006 0.40526976093749995 0.39899833125 0.3902133 0.357262103125 0.365119196875 0.3505843078125 0.322459221875 0.34557595937499996 0.29109159375 0.27378965 0.244667503125 0.2287145234375 0.24843161875000003 0.49415692812499995 0.24968632343750002 0.57929883125 0.2647427859375 0.574290484375
0 0.2358845671875 0.37395659375 0.2421580921875 0.37562604374999997 0.2421580921875 0.3672787984375 0.2409033875 0.3505843078125 0.2396486828125 0.333889815625 0.23839397812500002 0.3105175296875 0.230865746875 0.30717863125 0.21831869531249998 0.30717863125 0.2145545796875 0.31552587656250003 0.21204516875 0.3272120203125 0.21204516875 0.333889815625 0.2283563359375 0.3439065109375 0.2258469265625 0.3372287140625 0.223337515625 0.32053422343750004 0.23337515625 0.3255425703125 0.2358845671875 0.3439065109375 0.23839397812500002 0.358931553125 0.2358845671875 0.37395659375
0 0.20451693906249999 0.4674457421875 0.20828105468749997 0.48747913125000003 0.215809284375 0.5025041734375 0.22961104062499998 0.5358931546875 0.2409033875 0.55592654375 0.2459222078125 0.5759599328125 0.24717691406250003 0.585976628125 0.2534504390625 0.5525876453125 0.250941028125 0.529215359375 0.244667503125 0.4974958265625 0.23839397812500002 0.48247078437499996 0.21079046406250002 0.46243739531249994 0.195734003125 0.4474123546875 0.1856963609375 0.45242070156249997 0.20451693906249999 0.4674457421875
1 0.2923462984375 0.4774624375 0.30489335 0.48080133593749996 0.3111668765625 0.4641068453125 0.3174404015625 0.45409015 0.3212045171875 0.44407345625000005 0.316185696875 0.4290484140625 0.3061480546875 0.409015025 0.29736511875 0.404006678125 0.28481806718749997 0.4056761265625 0.28356336249999997 0.41903172031249997 0.28356336249999997 0.437395659375 0.28607277343750004 0.460767946875 0.2923462984375 0.4774624375
0 0.0941028859375 0.3439065109375 0.046424090625 0.3038397328125 0.0414052703125 0.3105175296875 0.1894604765625 0.44240400625 0.195734003125 0.43906510781249997 0.1405269765625 0.3823038390625 0.12421580937500001 0.3672787984375 0.0941028859375 0.3439065109375
1 0.358845671875 0.4073455765625 0.38268506874999997 0.4073455765625 0.401505646875 0.404006678125 0.41154328749999997 0.39732888125 0.4127979921875 0.38731218749999996 0.39774153125 0.37228714531249996 0.38393977343749996 0.358931553125 0.36135508125000004 0.357262103125 0.34002509375 0.3672787984375 0.3249686328125 0.3789649421875 0.3274780421875 0.3889816359375 0.34002509375 0.39732888125 0.358845671875 0.4073455765625
0 0.08531995 0.227045075 0.0790464234375 0.2237061765625 0.0702634875 0.21535893125 0.060225846875 0.20868113593749998 0.058971142187500006 0.21535893125 0.06775407812499999 0.21702838125 0.07653701406249999 0.227045075 0.0978670015625 0.23706177031250003 0.09912170625 0.2303839734375 0.0941028859375 0.2287145234375 0.08531995 0.227045075
1 0.7252195734375 0.6944908187500001 0.7465495609375 0.73956594375 0.755332496875 0.7412353921875 0.7954830609375 0.767946578125 0.8281053953124999 0.78297161875 0.8343789203125 0.7746243734375 0.8393977421875001 0.742904840625 0.8506900875 0.709515859375 0.861982434375 0.681135225 0.875784190625 0.6577629375 0.8845671265625 0.6343906515625 0.8845671265625 0.5976627718749999 0.868255959375 0.55759599375 0.8456712671875 0.527545909375 0.804265996875 0.5041736234374999 0.7603513171875 0.4974958265625 0.7101631109375 0.48914858125 0.6675031375 0.4757929890625 0.6361355078125001 0.4757929890625 0.6198243406249999 0.48580968281250003 0.6122961109375 0.5041736234374999 0.6160602265625 0.529215359375 0.621079046875 0.539232053125 0.6336260984375001 0.5592654421875001 0.662484315625 0.595993321875 0.6976160609375001 0.6460767953125 0.7252195734375 0.6944908187500001
0 0.22082810468749997 0.42404006718750004 0.2321204515625 0.43238731250000007 0.2434127984375 0.4407345578125 0.24717691406250003 0.4340567609375 0.2434127984375 0.42404006718750004 0.22710163125 0.41235392343750005 0.21079046406250002 0.404006678125 0.2007528234375 0.4056761265625 0.22082810468749997 0.42404006718750004
0 0.5934755328125 0.607679465625 0.5834378921875001 0.5993322203125 0.5734002515625 0.584307178125 0.563362609375 0.5692821375 0.5470514421875 0.55759599375 0.535759096875 0.562604340625 0.5470514421875 0.5809682796875 0.5696361359375001 0.60100166875 0.5972396484375 0.62437395625 0.6047678796875 0.6444073453125 0.6198243406249999 0.6594323875 0.627352571875 0.654424040625 0.62358845625 0.642737896875 0.6097867 0.6327212015625 0.6085319953125 0.6210350578125 0.6010037640625 0.6143572625 0.5934755328125 0.607679465625
0 0.88582183125 0.8330550921875 0.8870765374999999 0.8263772953125 0.8820577171874999 0.8247078468750001 0.8732747796875 0.8263772953125 0.8707653703125 0.8313856421875 0.8782936015624999 0.834724540625 0.88582183125 0.8330550921875
0 0.528230865625 0.55592654375 0.5395232125 0.5609348921875 0.52446675 0.5375626046875001 0.506900878125 0.5242070109375 0.49058971093750003 0.51085141875 0.4767879546875 0.499165275 0.46173149375 0.48580968281250003 0.44918444218750003 0.484140234375 0.44040150625 0.48747913125000003 0.4592220828125 0.500834725 0.4843161859375 0.5191986640625 0.5106649937500001 0.5358931546875 0.528230865625 0.55592654375
