0 0.5512283078125 0.5335411484375 0.5589213109375 0.5320457796875 0.568152915625 0.5302513375 0.5692042046875 0.5356597515625 0.565114046875 0.5392611796875 0.563575446875 0.539560253125 0.55895964375 0.540457475 0.5497280421874999 0.5422519171875 0.5451122390625 0.5431491375 0.55077933125 0.54766033125 0.5600109328125 0.5458658890625 0.5626008234375 0.550975228125 0.5564464203124999 0.5521715234375 0.5472148171875 0.553965965625 0.5431246609375 0.5575673937500001 0.5513433078125 0.5587762328125 0.56110055625 0.5596859984375 0.5780251625 0.5563961890625 0.59494976875 0.5531063781250001 0.5990399265625 0.5495049484375001 0.60054019375 0.54079418125 0.6030917515625001 0.5374918265625 0.5943091265625 0.5251670859375001 0.5881163890625001 0.517951684375 0.5824492984375 0.5134404921875 0.57167909375 0.5155340078124999 0.5603832453125001 0.514923315625 0.5526902421875 0.5164186828124999 0.543984284375 0.520917334375 0.547587128125 0.5230233937500001 0.5558057765625 0.52423223125 0.5573443765625 0.5239331578125 0.5517156203125 0.5278336593749999 0.5440226171875 0.529329028125 0.5460868624999999 0.5317341609375 0.5512283078125 0.5335411484375
0 0.5934878359375 0.570228840625 0.5857948328125 0.571724209375 0.5821919859375 0.5696181499999999 0.5688702250000001 0.5750140203125 0.55040701875 0.578602903125 0.551458309375 0.5840113171875 0.56275415625 0.5846220093750001 0.5719857609375001 0.5828275671875 0.5812173640625 0.581033125 0.59352616875 0.5786405359375 0.5955520812499999 0.5726339734375 0.5934878359375 0.570228840625
0 0.60433470625 0.5849587140625 0.6053476625 0.581955434375 0.6032834171875 0.5795503015625 0.5966033703125 0.5780423890625 0.5945774578125 0.58404895 0.5925515453125 0.5900555125 0.5838455875 0.5945541609375 0.576152584375 0.596049528125 0.5669209796875 0.5978439703125 0.5612922234375 0.6017444734375 0.555663465625 0.6056449749999999 0.5654207125 0.6065547390625 0.58080671875 0.603564003125 0.5915769234375 0.6014704875 0.5941284796875 0.5981681328125 0.5976929921874999 0.5918624968749999 0.599718903125 0.5858559359375 0.60433470625 0.5849587140625
0 0.5783208078125 0.508630225 0.5855264984375 0.5128423453125001 0.5850008546875001 0.5101381375 0.5808723640625 0.5053278703124999 0.573141028125 0.49841154374999996 0.5674739375 0.49390035 0.56646098125 0.49690363125000003 0.5726537171875 0.50411903125 0.5783208078125 0.508630225
0 0.553024221875 0.47706441718750003 0.5648840468749999 0.48879101093750005 0.5679612484375001 0.48819286249999994 0.5591786234375 0.47586812187499994 0.5529858875 0.468652721875 0.5452545515625 0.46173639375000003 0.539061815625 0.45452099375 0.5354589703125 0.452414934375 0.5344460125 0.45541821562499996 0.5427029953125 0.46503875 0.553024221875 0.47706441718750003
0 0.5468698171875 0.4782607109375 0.552536909375 0.4827719046875 0.5546011546875 0.4851770375 0.5602682453125001 0.48968823125 0.558204 0.487283096875 0.555614109375 0.4821737578125 0.553549865625 0.4797686234375 0.5514856203125 0.477363490625 0.549421375 0.47495835625 0.5473571296874999 0.47255322343749995 0.5442799296875 0.4731513703125 0.5468698171875 0.4782607109375
0 0.5654480265624999 0.4999069109375 0.5644350703125001 0.50291019375 0.566499315625 0.5053153265625 0.5706278046875 0.51012559375 0.57370500625 0.5095274453124999 0.5690508703125 0.5020129718749999 0.5654480265624999 0.4999069109375
0 0.40997796875 0.1765230875 0.41358081406249997 0.178629146875 0.4156450609375 0.18103428125 0.41718366093750003 0.18073520781250002 0.41297850468749997 0.15910154999999998 0.409901303125 0.1596996984375 0.4073497453125 0.1630020515625 0.406336790625 0.16600533281250002 0.405323834375 0.1690086140625 0.40584947812500005 0.1717128203125 0.40690076875000003 0.177121234375 0.40997796875 0.1765230875
0 0.39774583125 0.195739065625 0.4002590546875 0.1840250171875 0.3941046515625 0.1852213125 0.3911041171875 0.20264284843749997 0.3962455640625 0.2044498359375 0.39774583125 0.195739065625
0 0.2489179671875 0.6540447296874999 0.2653552625 0.6564624078125 0.268355796875 0.639040871875 0.2631760171875 0.628822190625 0.2467003890625 0.6179928171875 0.2395713625 0.6306040890625 0.2489179671875 0.6540447296874999
