1 0.8883312421875 0.2253756265625 0.8782936015624999 0.1502504171875 0.8143036390624999 0.131886478125 0.7641154328125 0.1385642734375 0.5972396484375 0.2353923203125 0.677540778125 0.540901503125 0.7565872015624999 0.5141903171875 0.82183186875 0.4757929890625 0.8883312421875 0.2253756265625
0 0.7917189453125 0.29382303906249996 0.7503136765625 0.312186978125 0.6675031375 0.36060100156249997 0.6725219578125 0.3823038390625 0.8594730234375 0.290484140625 0.85821831875 0.2637729546875 0.7917189453125 0.29382303906249996
0 0.8243412796875 0.2287145234375 0.811794228125 0.2353923203125 0.8030112921875 0.2420701171875 0.8331242156249999 0.23873121875 0.8481806781250001 0.23372287187500002 0.85821831875 0.2287145234375 0.8670012546875 0.2253756265625 0.8657465500000001 0.21702838125 0.8519447937500001 0.21702838125 0.8456712671875 0.22203672812500003 0.8356336265625 0.227045075 0.8243412796875 0.2287145234375
0 0.8607277296875001 0.323873121875 0.8908406531249999 0.318864775 0.903387703125 0.23372287187500002 0.868255959375 0.2404006671875 0.8607277296875001 0.323873121875
0 0.7954830609375 0.460767946875 0.7867001250000001 0.4691151921875 0.7804266 0.48080133593749996 0.7678795484375 0.48914858125 0.7590966124999999 0.49582637656250006 0.75156838125 0.500834725 0.7427854453125 0.5091819703125 0.7327478046875 0.51252086875 0.749058971875 0.51085141875 0.7578419078125 0.5091819703125 0.7641154328125 0.5041736234374999 0.770388959375 0.499165275 0.7804266 0.4908180296875 0.790464240625 0.48247078437499996 0.797992471875 0.47412353906250004 0.8055207031249999 0.46243739531249994 0.8168130484375 0.45409015 0.8281053953124999 0.4407345578125 0.8281053953124999 0.4290484140625 0.8193224593749999 0.437395659375 0.811794228125 0.44407345625000005 0.8067754078125 0.45242070156249997 0.7954830609375 0.460767946875
0 0.741530740625 0.19198664375000002 0.7653701374999999 0.23706177031250003 0.8318695109375 0.1953255421875 0.7892095359375 0.1686143578125 0.741530740625 0.19198664375000002
0 0.727728984375 0.4774624375 0.720200753125 0.48747913125000003 0.7189460484375 0.4974958265625 0.727728984375 0.48747913125000003 0.74404015 0.48080133593749996 0.75156838125 0.472454090625 0.7603513171875 0.46243739531249994 0.7678795484375 0.4574290484375 0.776662484375 0.45242070156249997 0.7791718953125 0.43906510781249997 0.7603513171875 0.45075125156249995 0.7452948562499999 0.46243739531249994 0.734002509375 0.4691151921875 0.727728984375 0.4774624375
0 0.8005018828124999 0.23372287187500002 0.804265996875 0.257095159375 0.8670012546875 0.2303839734375 0.8632371390625 0.2120200328125 0.8005018828124999 0.23372287187500002
0 0.81555834375 0.26043405625 0.8193224593749999 0.25208681093749996 0.8105395234375001 0.25208681093749996 0.8017565875000001 0.257095159375 0.8080301125 0.26210350625 0.81555834375 0.26043405625
0 0.7641154328125 0.2687813015625 0.79422835625 0.26043405625 0.7854454203125 0.23706177031250003 0.7427854453125 0.255425709375 0.7641154328125 0.2687813015625
0 0.7641154328125 0.22036727812499998 0.7565872015624999 0.2303839734375 0.7666248437500001 0.2287145234375 0.7816813046875 0.22203672812500003 0.7892095359375 0.2186978296875 0.8030112921875 0.2136894828125 0.8105395234375001 0.20701168593750002 0.8180677546874999 0.2020033390625 0.8180677546874999 0.1969949921875 0.8017565875000001 0.2020033390625 0.7917189453125 0.20868113593749998 0.7779171890625001 0.21535893125 0.7641154328125 0.22036727812499998
0 0.8092848187499999 0.4173622703125 0.7691342531250001 0.4307178625 0.7051442906250001 0.48914858125 0.7164366375 0.5041736234374999 0.811794228125 0.4457429046875 0.8092848187499999 0.4173622703125
0 0.75156838125 0.26711185312499997 0.7590966124999999 0.2687813015625 0.7653701374999999 0.26210350625 0.7728983687500001 0.2587646078125 0.7816813046875 0.25375626093750003 0.78795483125 0.2504173625 0.7929736515625 0.24373956562500002 0.7716436640625 0.24707846406249998 0.761606021875 0.25375626093750003 0.7528230859375 0.26043405625 0.75156838125 0.26711185312499997
0 0.825595984375 0.42570951562500003 0.7967377671875 0.45075125156249995 0.726474278125 0.5141903171875 0.734002509375 0.527545909375 0.8331242156249999 0.44240400625 0.825595984375 0.42570951562500003
0 0.7854454203125 0.2954924875 0.790464240625 0.2921535890625 0.8005018828124999 0.28213689531249997 0.7892095359375 0.28380634374999997 0.7816813046875 0.290484140625 0.776662484375 0.2971619359375 0.7854454203125 0.2954924875
1 0.4629861984375 0.711185309375 0.48682559531249997 0.8030050078125001 0.7076537015625 0.6327212015625 0.65997490625 0.5525876453125 0.4629861984375 0.711185309375
0 0.7641154328125 0.1903171953125 0.7565872015624999 0.19365609374999998 0.75156838125 0.19365609374999998 0.7528230859375 0.20534223749999997 0.761606021875 0.21035058437499998 0.770388959375 0.21035058437499998 0.7779171890625001 0.2020033390625 0.782936009375 0.2003338890625 0.7967377671875 0.198664440625 0.804265996875 0.1969949921875 0.8030112921875 0.186978296875 0.797992471875 0.1803005015625 0.7892095359375 0.18196995 0.7779171890625001 0.18864774687500002 0.770388959375 0.18864774687500002 0.7641154328125 0.1903171953125
1 0.7967377671875 0.0868113515625 0.7816813046875 0.0934891484375 0.7641154328125 0.09682804687499999 0.7503136765625 0.106844740625 0.737766625 0.12353923281250001 0.7189460484375 0.136894825 0.6838143031249999 0.1452420703125 0.648682559375 0.14858096875 0.627352571875 0.165275459375 0.6097867 0.1803005015625 0.5897114171875 0.19365609374999998 0.6047678796875 0.198664440625 0.6260978671874999 0.1953255421875 0.6587202 0.19198664375000002 0.6787954828125 0.18864774687500002 0.7164366375 0.1719532546875 0.727728984375 0.163606009375 0.740276034375 0.1602671125 0.75156838125 0.17028380625 0.7578419078125 0.18196995 0.7791718953125 0.17362270468750002 0.8180677546874999 0.15859766250000001 0.83688833125 0.1435726203125 0.8594730234375 0.1268781296875 0.872020075 0.11519198593749999 0.8632371390625 0.09515859843749999 0.8506900875 0.0767946578125 0.8318695109375 0.0767946578125 0.7967377671875 0.0868113515625
