0 0.388471178125 0.5692821375 0.395989975 0.5709515859375001 0.4047619046875 0.572621034375 0.4072681703125 0.5709515859375001 0.41102756874999996 0.574290484375 0.4298245609375 0.57929883125 0.4398496234375 0.5809682796875 0.45488721875 0.5826377296875 0.47243107812499996 0.5826377296875 0.47869674218749997 0.5809682796875 0.4761904765625 0.5759599328125 0.467418546875 0.5709515859375001 0.45488721875 0.5709515859375001 0.4398496234375 0.5692821375 0.4273182953125 0.5692821375 0.41228070156249996 0.5659432390625 0.403508771875 0.5642737890625 0.3922305765625 0.562604340625 0.388471178125 0.5609348921875 0.3659147875 0.5475792984375001 0.368421053125 0.5525876453125 0.37343358437499996 0.5609348921875 0.3771929828125 0.5642737890625 0.388471178125 0.5692821375
0 0.5137844609375 0.5542570953125 0.5238095234375 0.550918196875 0.5313283203125 0.5442404 0.5325814531249999 0.5375626046875001 0.527568921875 0.5325542578125 0.5225563906249999 0.5325542578125 0.5112781953125001 0.5325542578125 0.502506265625 0.5325542578125 0.492481203125 0.5308848078125 0.48621553906250004 0.5325542578125 0.47869674218749997 0.5325542578125 0.46992481250000007 0.5342237062499999 0.467418546875 0.5358931546875 0.4661654140625 0.5459098499999999 0.4761904765625 0.5492487484375 0.4912280703125 0.5525876453125 0.5037593984375001 0.5542570953125 0.5137844609375 0.5542570953125
0 0.5588972437499999 0.6126878125 0.5551378453125 0.6160267109374999 0.5501253140625 0.6210350578125 0.5551378453125 0.6210350578125 0.5639097750000001 0.619365609375 0.5639097750000001 0.6143572625 0.5588972437499999 0.6126878125
0 0.428571428125 0.460767946875 0.4197994984375 0.459098496875 0.42355889687500003 0.46577629375 0.4298245609375 0.470784640625 0.438596490625 0.4757929890625 0.45238095312500004 0.4791318859375 0.46115288281250005 0.48080133593749996 0.46491228125 0.4791318859375 0.46115288281250005 0.47412353906250004 0.44486215468749996 0.470784640625 0.4373433578125 0.4674457421875 0.428571428125 0.460767946875
0 0.4197994984375 0.470784640625 0.4273182953125 0.4791318859375 0.43483709218750005 0.48247078437499996 0.4398496234375 0.48247078437499996 0.43609022499999994 0.4791318859375 0.4298245609375 0.47412353906250004 0.42606516250000004 0.47412353906250004 0.4197994984375 0.470784640625
0 0.4197994984375 0.5208681140625 0.4147869671875 0.5141903171875 0.41102756874999996 0.51252086875 0.40977443593749996 0.5208681140625 0.4172932328125 0.5258764609375 0.428571428125 0.5308848078125 0.44110275625 0.5342237062499999 0.43358395937500005 0.540901503125 0.43107769375 0.5425709515625 0.43107769375 0.5525876453125 0.44360902187500006 0.5459098499999999 0.44611528749999996 0.5425709515625 0.45112782031250004 0.5358931546875 0.45238095312500004 0.529215359375 0.44110275625 0.5208681140625 0.457393484375 0.517529215625 0.45112782031250004 0.515859765625 0.4373433578125 0.517529215625 0.43107769375 0.5208681140625 0.4197994984375 0.5208681140625
0 0.3822055140625 0.470784640625 0.38095238125 0.47412353906250004 0.38972431093750004 0.48247078437499996 0.395989975 0.48747913125000003 0.41228070156249996 0.49248747968749995 0.4172932328125 0.49415692812499995 0.42355889687500003 0.499165275 0.4298245609375 0.500834725 0.4197994984375 0.48914858125 0.41102756874999996 0.484140234375 0.3947368421875 0.47412353906250004 0.3859649125 0.472454090625 0.3822055140625 0.470784640625
0 0.492481203125 0.38731218749999996 0.487468671875 0.38731218749999996 0.482456140625 0.3956594328125 0.4761904765625 0.404006678125 0.477443609375 0.4173622703125 0.48496240625000003 0.41402337187500005 0.4887218046875 0.4073455765625 0.497493734375 0.40233722812500006 0.5112781953125001 0.40066777968749995 0.5100250625 0.392320534375 0.4987468671875 0.3889816359375 0.492481203125 0.38731218749999996
0 0.735588971875 0.5676126874999999 0.7268170421875 0.5692821375 0.7218045109375 0.5826377296875 0.72305764375 0.5943238734375 0.7318295734375 0.607679465625 0.7380952375 0.6043405671875 0.7431077687500001 0.5943238734375 0.7493734328125 0.584307178125 0.7493734328125 0.574290484375 0.740601503125 0.5692821375 0.735588971875 0.5676126874999999
0 0.6979949875 0.6460767953125 0.7017543859375001 0.6327212015625 0.700501253125 0.6160267109374999 0.695488721875 0.6277128546874999 0.6979949875 0.6460767953125
0 0.7468671671875 0.43906510781249997 0.7393483703125 0.4357262109375 0.73308270625 0.43906510781249997 0.7343358390625 0.4474123546875 0.7468671671875 0.45075125156249995 0.7506265671875 0.44407345625000005 0.7468671671875 0.43906510781249997
0 0.670426065625 0.4106844734375 0.6791979953125 0.409015025 0.680451128125 0.404006678125 0.6679198000000001 0.39732888125 0.6516290734375 0.392320534375 0.6416040093750001 0.3856427375 0.6265664156249999 0.3823038390625 0.6140350875 0.3789649421875 0.6077694234375 0.38731218749999996 0.61904761875 0.38731218749999996 0.6403508765625 0.39899833125 0.655388471875 0.404006678125 0.670426065625 0.4106844734375
0 0.6591478703125 0.7746243734375 0.6566416046875 0.766277128125 0.646616540625 0.766277128125 0.6353383453125 0.7646076796875 0.6303258140625 0.766277128125 0.6177944859375 0.767946578125 0.6328320796875 0.772954925 0.6403508765625 0.7746243734375 0.6491228062500001 0.7712854765625 0.6591478703125 0.7746243734375
1 0.349624059375 0.5993322203125 0.358395990625 0.6043405671875 0.368421053125 0.6060100171875 0.38471177968750003 0.6176961609375 0.3972431078125 0.6277128546874999 0.4047619046875 0.6327212015625 0.4172932328125 0.63772955 0.42481202968750004 0.629382303125 0.428571428125 0.6227045078125 0.43107769375 0.6060100171875 0.43107769375 0.5893155265625001 0.42481202968750004 0.5676126874999999 0.4172932328125 0.55759599375 0.3947368421875 0.5459098499999999 0.3746867171875 0.5375626046875001 0.355889725 0.5308848078125 0.344611528125 0.527545909375 0.334586465625 0.5258764609375 0.33709273125 0.5475792984375001 0.3421052625 0.5642737890625 0.34711779374999996 0.57929883125 0.349624059375 0.5993322203125
