0 0.7020149375 0.634120915625 0.710594296875 0.6321402140625 0.7209728015625 0.6211773359375 0.725697728125 0.6080929625 0.7145681328125 0.61580251875 0.703438540625 0.6235120765625 0.7020149375 0.634120915625
0 0.7389091890625 0.3857324625 0.73305763125 0.3939368515625 0.723331225 0.41331599375000005 0.7230342546874999 0.4288048171875 0.726987678125 0.434745546875 0.7317126046875 0.421661175 0.7352119078125 0.40885976093750004 0.7453138578125 0.391107278125 0.7533401078125 0.3755473734375 0.7501377734375 0.372859965625 0.7389091890625 0.3857324625
0 0.777456603125 0.3905399921875 0.76622801875 0.4034124890625 0.7541493578125 0.41819460468749997 0.7400939828124999 0.43000635625 0.7286674203125 0.45320473437500003 0.7356456125 0.44988033125 0.7386703812500001 0.44061519374999997 0.7610285593749999 0.420033140625 0.7739573 0.4033414046875 0.798589159375 0.37024089375 0.7834071515625001 0.3771726625 0.777456603125 0.3905399921875
0 0.7702600187499999 0.426468703125 0.7797884453124999 0.41741544218750004 0.7878146953125 0.4018555375 0.7765861109375 0.41472803437500005 0.76960791875 0.4180524390625 0.758379334375 0.43092493593750003 0.7480008296875 0.441887815625 0.731197240625 0.4697543046875 0.7386499671875 0.4628936203125 0.7444025359374999 0.459852171875 0.746952771875 0.45412331562499997 0.7486529265625 0.4503040796875 0.7545044875 0.442099690625 0.7640329140625 0.4330464296875 0.7702600187499999 0.426468703125
0 0.771861184375 0.42781240625 0.7677097828125 0.4321975578125 0.7614826796874999 0.438775284375 0.757706821875 0.44478709843750003 0.7506296390625 0.45327444375 0.74685378125 0.45928625624999997 0.741002221875 0.46749064531249995 0.7450546359375 0.468268434375 0.7516572828125 0.46331737031250003 0.7575088421875 0.45511297968750003 0.76298485625 0.44528193125 0.7700620375 0.436794584375 0.7788393765625 0.4244880015625 0.771861184375 0.42781240625
0 0.6476773296875 0.4770428578125 0.6448301265625 0.4982605359375 0.6503061406249999 0.4884294859375 0.6627603484375 0.47527403125 0.669659965625 0.45483414218749996 0.6710835671875001 0.44422530312499997 0.6669321640625 0.44861045468749994 0.658154825 0.46091703749999996 0.6476773296875 0.4770428578125
0 0.7610663046874999 0.48170547499999994 0.755214746875 0.48990986249999996 0.751240909375 0.5062475578125001 0.7420880265625 0.5169274796875001 0.7494417640625 0.5152297359375 0.7582191015624999 0.502923153125 0.76379410625 0.48792916093749994 0.768993565625 0.47130851093750004 0.7738174812499999 0.4530611953125 0.766265765625 0.465084821875 0.7610663046874999 0.48170547499999994
0 0.7422074296875001 0.4894861125 0.7408828187500001 0.49493201249999996 0.7466353875 0.4918905640625 0.7582395156249999 0.480644728125 0.7641900640625 0.46727739843749994 0.7522103921875 0.47689657343749997 0.7480589906249999 0.481281725 0.7422074296875001 0.4894861125
0 0.7682220625 0.4903336125 0.76727299375 0.49740617187499997 0.7721754859375001 0.49627434218750005 0.7718989296875 0.489484740625 0.7682220625 0.4903336125
0 0.6591620546875 0.49323838750000004 0.66058565625 0.48262954843749994 0.65388401875 0.49274355468750003 0.6499101828125 0.50908125 0.6582129859375 0.500310946875 0.6591620546875 0.49323838750000004
0 0.6595171843750001 0.5171434734375 0.66056524375 0.5049079734374999 0.6539625953125 0.5098590390625 0.6529145375 0.5220945390625 0.6589436609375 0.5258426953125 0.6595171843750001 0.5171434734375
0 0.6770341156249999 0.4308579734375 0.6804344296875 0.42321949999999997 0.6753543734375 0.4123987859375 0.6722306140625001 0.4268268609375 0.6743848906250001 0.4417497703125 0.6770341156249999 0.4308579734375
0 0.6865012984375001 0.48863998750000004 0.69357848125 0.48015264062499996 0.6927488171875 0.45978383593750005 0.6873717921875 0.46445194375 0.6837734984375 0.4824163 0.67414608125 0.49663250156250005 0.6865012984375001 0.48863998750000004
0 0.6906322874999999 0.5065332609375 0.68600635 0.5144546921875001 0.6822304921875 0.52046650625 0.6837326703125 0.52697315 0.6908098515625001 0.5184858046875 0.6978870328125 0.5099984578125001 0.6960093109375001 0.501865153125 0.6906322874999999 0.5065332609375
0 0.6844255984375 0.4908325640625 0.6826264515625 0.4998147421875 0.6920558890625 0.495924421875 0.6991330703124999 0.48743707656249996 0.7022568296875 0.47300899999999996 0.6915027796875 0.4823452171875 0.6844255984375 0.4908325640625
0 0.701980275 0.46621939843750004 0.704530509375 0.4604905421875 0.701427165625 0.4526401921875 0.6954766171875 0.46600752187500005 0.6977298828125 0.475767490625 0.701980275 0.46621939843750004
0 0.6611765125 0.5578810859375001 0.6626786906250001 0.56438773125 0.6705069609375001 0.5591537078125 0.6763585187500001 0.5509493203125 0.673255175 0.5430989687500001 0.6645768249999999 0.5502426125000001 0.6611765125 0.5578810859375001
0 0.686894175 0.5742174078125 0.6923701890625 0.5643863578125 0.6979451937500001 0.5493923671875 0.6884167671875 0.558445628125 0.6809640406249999 0.5653063125 0.6795404390625001 0.5759151515625 0.6736888796875 0.5841195390625 0.674716521875 0.594162465625 0.6769697875 0.60392243125 0.6814181609375 0.5840484578125 0.686894175 0.5742174078125
0 0.71832974375 0.4196107640625 0.7205044359375 0.41225524843750005 0.717776634375 0.406031559375 0.7166500015625 0.4011515765625 0.7192992265625 0.3902597796875 0.7161958828125 0.38240943125000004 0.7147722796875 0.3930182703125 0.7111944 0.3887042 0.7075175328125 0.389553071875 0.7037416750000001 0.3955648859375 0.709296265625 0.4028493203125 0.7067460296875 0.408578175 0.70947383125 0.41480186406249997 0.713427253125 0.4207425921875 0.71832974375 0.4196107640625
0 0.7115056203125001 0.5633953218750001 0.704329446875 0.5770456078125 0.6910251625 0.59211068125 0.6962042078125 0.5977684546875001 0.7045070124999999 0.58899815 0.7108331046874999 0.5772574828125 0.719135909375 0.568487178125 0.7282887921875 0.5578072578125 0.7178317125 0.5516546515625 0.7115056203125001 0.5633953218750001
0 0.726373325 0.4880016171875 0.7287255796875 0.49259864374999995 0.7311768265625 0.492032728125 0.7344781499999999 0.489557196875 0.7312758171875 0.4868697875 0.7284490265625 0.4858090421875 0.726373325 0.4880016171875
0 0.5772402296875 0.6080998281250001 0.581292640625 0.6088776171875 0.5858195875 0.6061191265625 0.5850685 0.6028658046875 0.579039375 0.59911765 0.5773392187499999 0.6029368875000001 0.5772402296875 0.6080998281250001
1 0.7531972062500001 0.531496346875 0.7698028156250001 0.5139557406249999 0.776504453125 0.503841734375 0.7848072562499999 0.49507143124999997 0.786606403125 0.486089253125 0.7859543046875 0.4776729890625 0.7970839 0.46996343281249997 0.8004842109375 0.46232495937499996 0.7942775234375 0.44662426093749996 0.79052208125 0.4303576484375 0.7921436625 0.409422928125 0.7952674203125001 0.394994853125 0.7997157921875 0.375120878125 0.795861359375 0.36401720625 0.77680450625 0.382123728125 0.7598233515625 0.398037671875 0.75059189375 0.391602109375 0.75994275625 0.37059630781249997 0.734204678125 0.37653841093749996 0.7184491484375 0.3921693984375 0.7217300578125 0.41197229062499996 0.7249119765625001 0.4369381234375 0.7296950640625 0.463247659375 0.7274999578125 0.49288160000000003 0.7364344468749999 0.5148059859375 0.7480967359374999 0.542954059375 0.7531972062500001 0.531496346875
1 0.7912180906249999 0.2879878796875 0.772557196875 0.2854426359375 0.7682282296875 0.2778752453125 0.755972003125 0.2807048171875 0.7572762 0.29753734375 0.752530859375 0.332900140625 0.755712778125 0.357865975 0.767870015625 0.3601993421875 0.7764697890625001 0.335940215625 0.78374495 0.31712698906250003 0.7926212796875001 0.299657465625 0.7912180906249999 0.2879878796875
1 0.6461547390625 0.4928146375 0.65321150625 0.5066057171875 0.658192571875 0.522589371875 0.6603468484375 0.5375122796875 0.6595753453125 0.5565373828125 0.6555025171875 0.5780380187499999 0.662934828125 0.5934557578125 0.67799743125 0.61396535625 0.685252178125 0.617430553125 0.6898781140625 0.6095091218750001 0.702707865625 0.597980328125 0.7173367625 0.5774693562500001 0.734891440625 0.552856190625 0.7435697890624999 0.5457125484375001 0.7375610796875 0.51968596875 0.7302277578124999 0.4991052890625 0.723170990625 0.48531420937499997 0.72694685 0.479302396875 0.7296950640625 0.463247659375 0.7241608875 0.4336848 0.7208799796875 0.41388190781249995 0.7192002375000001 0.395422721875 0.711214815625 0.36642577656249997 0.7087839859375 0.344713265625 0.70305183125 0.3254762890625 0.6950459953125 0.3187577703125 0.6941755015625 0.3429458125 0.6962307875 0.3630316609375 0.6767983890625 0.379511521875 0.6604693359375 0.4038417296875 0.652719640625 0.4261912375 0.6432697890625 0.45235998281249995 0.6420237515625 0.4749213640625 0.6461547390625 0.4928146375
