0 0.2462273 0.2561906328125 0.24453626874999998 0.2485953671875 0.237221521875 0.241989165625 0.2304716375 0.24030623125 0.234415003125 0.25324549687500003 0.2462273 0.2561906328125
0 0.218112278125 0.2683104890625 0.21924200468750002 0.27815702343750004 0.22767223906249998 0.2659116265625 0.22822998437500003 0.256485828125 0.225412784375 0.24621856250000002 0.2214801 0.25480289375 0.218112278125 0.2683104890625
0 0.22428661875000003 0.2435465625 0.2192242046875 0.2422843609375 0.21585638281250003 0.25579195781249997 0.2136147296875 0.2719715546875 0.21474445625 0.2818180875 0.22035749375 0.259305425 0.22428661875000003 0.2435465625
0 0.2057279984375 0.2460930234375 0.20461251093750002 0.2649446203125 0.20293927812499998 0.293222015625 0.2068684046875 0.2774631515625 0.20854519843750002 0.25636028906249997 0.20909938125 0.239759959375 0.210218428125 0.22808289375 0.2057279984375 0.2460930234375
0 0.2006655875 0.244830821875 0.205724440625 0.2389184921875 0.198413253125 0.2394868234375 0.2006655875 0.244830821875
0 0.1922246734375 0.235552621875 0.1944805671875 0.248071153125 0.1995323 0.2278097578125 0.19784126875000002 0.2202144921875 0.1944698875 0.22654755781249997 0.1922246734375 0.235552621875
0 0.1950133921875 0.18842362968749998 0.185464109375 0.212346090625 0.1865938359375 0.22219262187500002 0.1927717375 0.204603225 0.1950133921875 0.18842362968749998
0 0.33007869375 0.358398440625 0.323321690625 0.342366440625 0.32558826406249997 0.3764085703125 0.32166625781249997 0.40651649843750004 0.32841258125 0.4010249 0.34187675 0.3326454484375 0.33007869375 0.358398440625
0 0.3941919046875 0.3528627265625 0.391946690625 0.36186779062499996 0.3919502515625 0.36904232187499997 0.38577591093749997 0.39380625 0.390838321875 0.3950684515625 0.40712680937499995 0.3513053296875 0.39925431875 0.3541249265625 0.3941919046875 0.3528627265625
0 0.35482945312499997 0.3669607140625 0.36326680625 0.36906438124999996 0.37001668906249996 0.3707473171875 0.3784540453125 0.3728509859375 0.38575811249999997 0.3579335890625 0.3767630140625 0.36525571874999996 0.3655120203125 0.3600593171875 0.35482945312499997 0.3669607140625
0 0.344722425 0.40030897187500003 0.3435891390625 0.3832879078125 0.3362815125 0.3910307703125 0.34022131718750004 0.39679550468749997 0.344722425 0.40030897187500003
0 0.344704628125 0.3644363109375 0.3491986171875 0.35360071406250004 0.3446939484375 0.3429127140625 0.34019995937499997 0.35374831093750003 0.344704628125 0.3644363109375
0 0.376777253125 0.3939538484375 0.38015575468749996 0.40196984843749994 0.3677928328125 0.422799575 0.3717326390625 0.428564309375 0.3857830296875 0.408155315625 0.3936555203125 0.40533571718749994 0.38690207656250003 0.39647825000000003 0.3762088296875 0.38185605 0.362705503125 0.3713156484375 0.346953403125 0.362605778125 0.348083128125 0.37245230937499996 0.3503354625 0.3777963109375 0.346967640625 0.3913039078125 0.35146875 0.394817375 0.35708178749999997 0.37230471249999997 0.3655227015625 0.3815829140625 0.376777253125 0.3939538484375
0 0.2315906859375 0.228629165625 0.22540210625 0.2246949640625 0.2214694203125 0.23327929687500001 0.227658 0.237213496875 0.2315906859375 0.228629165625
0 0.205724440625 0.2389184921875 0.20740835156249998 0.23216469218750002 0.206278625 0.2223181609375 0.2023459375 0.23090249062499998 0.2006620265625 0.23765629062500002 0.205724440625 0.2389184921875
0 0.2225849078125 0.21442769843749998 0.22652471406250002 0.2201924328125 0.23496206718749998 0.22229610156250001 0.2366459796875 0.21554230156249998 0.2298960953125 0.21385936718749998 0.2248301234375 0.205422634375 0.2225849078125 0.21442769843749998
1 0.23441144375 0.24607096562500003 0.238887634375 0.19936270625000002 0.23437940625000003 0.1815001734375 0.22820150625000002 0.19908957031250002 0.2214623 0.21893023125000002 0.21416535312499999 0.24819669218749998 0.20799457187499998 0.2801351515625 0.2164354859375 0.2894133546875 0.2271144953125 0.27533742499999997 0.23441144375 0.24607096562500003
1 0.18825995 0.1795661609375 0.182657590625 0.2236024203125 0.19165625 0.2234548234375 0.1967293421875 0.246240621875 0.19505255 0.267343484375 0.1871978578125 0.30603574375 0.184956203125 0.322215340625 0.1962071953125 0.3274117421875 0.21079397187499999 0.25452975625 0.21865578281250003 0.2301865625 0.2332532390625 0.1788281734375 0.2208654015625 0.149436175 0.2051133 0.1407263046875 0.1938729859375 0.1570535 0.18825995 0.1795661609375
1 0.362062325 0.208552671875 0.3564457296875 0.2238908015625 0.34745775 0.24556199531249998 0.332849615625 0.27539678749999996 0.345230334375 0.290439721875 0.353099265625 0.2804455921875 0.3648902015625 0.240343534375 0.362062325 0.208552671875
1 0.3322883109375 0.27764805312499996 0.3261139703125 0.30241198125 0.32275326875 0.33026864218749996 0.3205222921875 0.3679718375 0.3222275625 0.40426523281250004 0.3486586703125 0.3988991734375 0.350857609375 0.2966251890625 0.3322883109375 0.27764805312499996
0 0.47410705625 0.45648033281249994 0.4667923078125 0.44987413125 0.4651119578125 0.4638024625 0.47186184062500003 0.46548539843750003 0.47410705625 0.45648033281249994
0 0.4352667484375 0.3894071984375 0.44426540625 0.3892596015625 0.436950659375 0.38265340000000003 0.431323384375 0.3764679328125 0.4307656390625 0.38589373125000004 0.4352667484375 0.3894071984375
0 0.4082885734375 0.42572265312499996 0.3930942171875 0.40758698437499996 0.3919787296875 0.4264385828125 0.3970482609375 0.442049846875 0.40943253906250004 0.4642673140625 0.41056938593750003 0.4884629109375 0.4201329078125 0.493238578125 0.416175303125 0.451601184375 0.4082885734375 0.42572265312499996
0 0.454450746875 0.5137510515625 0.4611970703125 0.5082594546875 0.44319619374999997 0.5013801171875001 0.42744765312500005 0.4998447796875 0.43982481250000005 0.5077131828125 0.454450746875 0.5137510515625
0 0.44826572656249997 0.516991384375 0.429135125 0.5002655140625001 0.41113068906250005 0.4862116453125 0.4116991125 0.49830944375 0.419013859375 0.50491564375 0.42914224375 0.5146145796875 0.43701829375 0.5189695140625 0.4347730796875 0.527974578125 0.4415229625 0.5296575140625001 0.44826572656249997 0.516991384375
0 0.47976636875 0.5272365906250001 0.47189387812500005 0.5300561874999999 0.46964154375 0.5247121890625001 0.4628952203125 0.5302037859375 0.461204190625 0.5226085203124999 0.45445430625 0.520925584375 0.446581815625 0.52374518125 0.44546276718750005 0.535422246875 0.44940257343749995 0.54118698125 0.4595273984375 0.5437113828125 0.46683858593750005 0.5431430515625 0.4775211546875 0.53624165625 0.47976636875 0.5272365906250001
0 0.487081115625 0.533842790625 0.4831448703125 0.5352525906250001 0.47977348906249995 0.5415856546875 0.48539720312499995 0.540596590625 0.487081115625 0.533842790625
0 0.431419496875 0.5701803046875 0.42466961249999996 0.5684973703125 0.422992821875 0.5896002328125001 0.4280552328125 0.5908624328125 0.431419496875 0.5701803046875
0 0.4544721046875 0.556798246875 0.4420949453125 0.54892984375 0.4460383109375 0.561869109375 0.45447922500000004 0.5711473093749999 0.47079618749999996 0.584780446875 0.47979840625000003 0.59180738125 0.48204362031250003 0.582802315625 0.4640391859375 0.568748446875 0.4544721046875 0.556798246875
0 0.4162180203125 0.537695571875 0.41620734062500003 0.516171975 0.412263975 0.5032327078125001 0.41171335156250005 0.527007571875 0.41172403125 0.5485311687500001 0.4094894953125 0.57905983125 0.4078162625 0.607337225 0.40558172656249997 0.6378658875000001 0.4139977234375 0.5969223625 0.41623225937499997 0.5663937015625 0.4162180203125 0.537695571875
0 0.44942393281250004 0.5842341734375001 0.44437219843750003 0.60449556875 0.45618449375000003 0.6074407046875 0.45617737500000005 0.5930916421875 0.44942393281250004 0.5842341734375001
0 0.44888042656250005 0.6223581015625 0.4415692390625 0.6229264328124999 0.43371098750000003 0.654444159375 0.4404608703125 0.6561270953125 0.44888042656250005 0.6223581015625
0 0.45899813125 0.6105334390625 0.4545112609375 0.6357181015625 0.44946664687500004 0.6703285625000001 0.46184024843750004 0.67102243125 0.475865721875 0.6003917125 0.4663022 0.59561604375 0.45899813125 0.6105334390625
0 0.48714874999999996 0.67015890625 0.49839262343749996 0.6610062437499999 0.4865803265625 0.6580611078125 0.47307699999999997 0.6475207046875 0.472522815625 0.6641210359375 0.48714874999999996 0.67015890625
0 0.509611578125 0.6016318546874999 0.492733309375 0.5902499859375 0.48767445781249996 0.596162315625 0.4916142609375 0.60192705 0.5006164796875 0.608953984375 0.51636858125 0.6176638546875 0.5338081515625 0.6267944562500001 0.5321135625 0.6120246593750001 0.509611578125 0.6016318546874999
0 0.5039771828124999 0.5810973234375 0.515231734375 0.5934682578125 0.53493431875 0.6294664578125 0.57261998125 0.6364713328125 0.5472936796875 0.6014621984375 0.52928924375 0.5874083296875 0.5140984468750001 0.5764471921875 0.498346346875 0.5677373234374999 0.485407884375 0.5621201874999999 0.48653761093750003 0.5719667187499999 0.5039771828124999 0.5810973234375
0 0.46864352656249997 0.7803233515625 0.4838307640625 0.7841099546875 0.490573528125 0.771443825 0.4596306296875 0.75177281875 0.4320591125 0.7257687484375 0.40167395937499994 0.69667194375 0.41237076874999995 0.718468678125 0.42869129062500005 0.7392763453125 0.4405107078125 0.756570546875 0.4534527296875 0.7693622140625 0.46864352656249997 0.7803233515625
0 0.3115414328125 0.403992096875 0.299182071875 0.4319963546875 0.287391134375 0.4720984125 0.290780315625 0.5016380093749999 0.29414457656250004 0.4809558796875 0.3036903 0.4498588875 0.318294875 0.41284956250000004 0.3115414328125 0.403992096875
1 0.40993688749999996 0.34722353125 0.4228860296875 0.3743642640625 0.4498962421875 0.4026196015625 0.4679006765625 0.4166734703125 0.47745707812499993 0.4071000734375 0.46900192656249995 0.36912374375 0.444244046875 0.3462124078125 0.40993688749999996 0.34722353125
1 0.3970269015625 0.399002653125 0.40488871406250004 0.374659459375 0.40262570000000003 0.3477918625 0.371729078125 0.4213897765625 0.3857937078125 0.4296789125 0.3970269015625 0.399002653125
1 0.3880175640625 0.3776266546875 0.39194313125 0.35469325937499996 0.38407064062499996 0.3575128546875 0.3840742015625 0.3646873890625 0.3767665734375 0.3724302515625 0.36889408281249997 0.37524984843750003 0.3672030515625 0.3676545828125 0.3615793359375 0.3686436484375 0.3548330125 0.37413524531250003 0.35596273906250003 0.3839817765625 0.3632774859375 0.390587978125 0.36777859375 0.39410144687500004 0.376777253125 0.3939538484375 0.38352357656249997 0.38846225156249997 0.3880175640625 0.3776266546875
