1 0.11077556562499999 0.30461801718750003 0.10890022343750001 0.32153701875 0.1273000515625 0.353642690625 0.1396035765625 0.3729281484375 0.150845221875 0.36252953906249996 0.1400842578125 0.345389971875 0.1359742265625 0.3092957953125 0.11077556562499999 0.30461801718750003
1 0.15404127343750001 0.360466359375 0.1567936203125 0.3838230359375 0.1879406796875 0.4097943125 0.1929750984375 0.392930453125 0.1916913640625 0.3759563125 0.1793508625 0.3587891734375 0.16517199375 0.3564227140625 0.15404127343750001 0.360466359375
1 0.26442407343749996 0.3729879328125 0.2392993640625 0.3640735109375 0.21751860625 0.3446226265625 0.2052150796875 0.3253371671875 0.1941213375 0.327262490625 0.1814110796875 0.331278565625 0.179646665625 0.3418426015625 0.1855950625 0.3631361 0.1929011484375 0.39716709687499996 0.2024153515625 0.39521419999999996 0.221739565625 0.3743618375 0.2579210421875 0.38346925625 0.26442407343749996 0.3729879328125
1 0.18194490000000002 0.4817345265625 0.1990240171875 0.498984378125 0.208760075 0.48432155468750004 0.18697931875 0.46487066875 0.18194490000000002 0.4817345265625
1 0.2147454484375 0.50349673125 0.2429922609375 0.5145846140625 0.22290196875 0.488806334375 0.2147454484375 0.50349673125
1 0.2401393921875 0.406467509375 0.2669545671875 0.40905453906250006 0.270372471875 0.3942814296875 0.254688015625 0.3876507578125 0.22787284218749998 0.385063728125 0.21663119531250002 0.3954623390625 0.2401393921875 0.406467509375
1 0.1199465859375 0.41284540468750003 0.11366540781250001 0.4106168 0.10392935 0.42527962343750003 0.103670521875 0.4401078734375 0.108076359375 0.45925547968749997 0.1174796359375 0.46365754687500005 0.117812415625 0.44459265468750003 0.11810821875 0.42764608437499996 0.1199465859375 0.41284540468750003
1 0.08615810625 0.3571624875 0.0972148734375 0.35735548437500003 0.094314625 0.34247209375 0.09630089375 0.319198128125 0.0868606390625 0.31691438125000004 0.07411340625 0.323048778125 0.0690420140625 0.3420309578125 0.0735218 0.3569419203125 0.0780755390625 0.367616240625 0.08615810625 0.3571624875
0 0.2923011296875 0.40525902968749994 0.282934825 0.39873864062500003 0.2923750796875 0.4010223875 0.2956081078125 0.3968408859375 0.2706313 0.37945318125 0.2672873453125 0.3899896453125 0.2670285171875 0.4048178953125 0.2811334359375 0.4114209984375 0.29057368906250003 0.41370474531249996 0.273383646875 0.4028098578125 0.29376974218749996 0.411641565625 0.2923011296875 0.40525902968749994
1 0.147675740625 0.4535897875 0.2101547359375 0.4949407328125 0.2462622625 0.5082847921875 0.26363718281250004 0.508588071875 0.27450907343750003 0.519372675 0.264894346875 0.4365651453125 0.2117816546875 0.401734590625 0.193123 0.3844571671875 0.1745752703125 0.36082478125 0.146254509375 0.3539735421875 0.1288426140625 0.3557885828125 0.1204272671875 0.3853072265625 0.121378221875 0.4213462609375 0.147675740625 0.4535897875
