1 0.6874171875 0.5898331453125001 0.699555603125 0.6066253578125 0.7226316921875 0.600267290625 0.7555980328125 0.5666998484375 0.790520540625 0.5432338265625 0.832621703125 0.51229808125 0.857423984375 0.46221634375000004 0.859642878125 0.4304846828125 0.8478438468749999 0.389801090625 0.8204393781249999 0.38190600468749997 0.8108885125 0.38522399531249996 0.7960385015625 0.388171434375 0.734419565625 0.431692846875 0.7147010890625001 0.4661866703125 0.6944278875000001 0.5086134062500001 0.6802238953125 0.5594362484375 0.6874171875 0.5898331453125001
1 0.6640344625 0.524424428125 0.64103503125 0.5487241921875 0.6308674203125 0.5799000234375 0.6460094296875 0.6108527484375 0.6617681828124999 0.613947634375 0.6788370875 0.5792685359374999 0.6888660171875001 0.5500759328125 0.6885740203124999 0.5161757703125 0.6640344625 0.524424428125
0 0.6991102875 0.5368418 0.6973694593750001 0.542698846875 0.7053181765625001 0.543254675 0.732368625 0.5371745234375 0.7327846671875 0.5312248375 0.7261607359375 0.530761646875 0.7139602984375 0.5338943609375 0.6991102875 0.5368418
0 0.7489594640624999 0.5283700359375 0.73822249375 0.5296121609375 0.7378064515625 0.5355618453125001 0.7484047406250001 0.53630295 0.7489594640624999 0.5283700359375
0 0.7553060328125001 0.532799684375 0.7672291109375 0.5336334265625 0.774407765625 0.5261637015625 0.7677838343750001 0.5257005109375 0.761159903125 0.5252373203125 0.7530725031250001 0.526664721875 0.7553060328125001 0.532799684375
0 0.8030603609375 0.516209728125 0.7920460296875 0.5214183109375 0.7840973109375 0.5208624828125 0.77719601875 0.5243657500000001 0.7794295484375 0.5305007125000001 0.786192159375 0.5289806734375 0.8253043671875 0.521751034375 0.8308808734375001 0.518155128125 0.8270451953125001 0.5158939859375 0.817771690625 0.5152455203125 0.8030603609375 0.516209728125
0 0.56972655 0.597546825 0.5494387125 0.6021069406249999 0.5463730984375 0.6078713515625 0.5571100703125 0.6066292265625 0.6031235671874999 0.59589631875 0.6126744328125 0.5925783296875 0.611765690625 0.5865360046875 0.5873648140625 0.592801434375 0.56972655 0.597546825
1 0.558635559375 0.5848137109375 0.5619018765625 0.557141146875 0.556664753125 0.5368456687500001 0.5460664640624999 0.5361045640625 0.53714698125 0.5494313359375 0.5278114546875 0.5687077953124999 0.523421053125 0.5743795671874999 0.510034509375 0.575436415625 0.49504581875 0.5803670828125 0.479225040625 0.5971971218750001 0.47267776875 0.6146756296875 0.4727544265625 0.632617325 0.4784075921875 0.646963115625 0.48127250468750005 0.6631068609375 0.4876957328125 0.68547820625 0.4918854296875 0.7017145874999999 0.500742890625 0.708312740625 0.5129433296875 0.705180025 0.52437370625 0.6940217578125 0.5281327250000001 0.6783412046875 0.52540649375 0.66021423125 0.535435425 0.631021628125 0.558635559375 0.5848137109375
1 0.058406440625 0.5039969796875 0.03952005 0.5265914281249999 0.038209900000000005 0.5643654140625001 0.0511950359375 0.607124871875 0.06599766093750001 0.66196898125 0.0786908 0.6708282765625 0.090460559375 0.635778628125 0.0913546671875 0.6039543296875001 0.0801870171875 0.5732795171875 0.0993507703125 0.5467186109375 0.10226306874999999 0.5050708078125 0.105591409375 0.45747331718749995 0.1107226015625 0.3840938546875 0.1114013703125 0.33631108906249996 0.0952119359375 0.30129926875 0.082380115625 0.2944232 0.0641724921875 0.2692348859375 0.0540048828125 0.300410715625 0.0439139296875 0.34952824531250004 0.0483189671875 0.38172309375 0.0409396078125 0.4111009734375 0.03838133125 0.466724015625 0.048362875 0.495322959375 0.058406440625 0.5039969796875
1 0.5695146875 0.41019694375000004 0.54887283125 0.4007818203125 0.532698034375 0.40363662031249997 0.522315084375 0.418853984375 0.5218370203125 0.44472859531250003 0.5300010765625001 0.4612428921875 0.5460371921875 0.46037132031250005 0.5686972390625 0.4599629375 0.5820837828125 0.45890609062500004 0.5981198984375 0.45803451875 0.599368025 0.44018546093750005 0.5962257531249999 0.4280081734375 0.5835326140625 0.41914887656250005 0.5695146875 0.41019694375000004
0 0.4793783578125 0.633080515625 0.49599847031250005 0.7000092718750001 0.5008049140625 0.688387815625 0.48564827031249996 0.619568465625 0.4793783578125 0.633080515625
0 0.8067866312499999 0.5961873453125001 0.765656234375 0.613240490625 0.77040065625 0.6215439578125 0.810067584375 0.606381403125 0.8067866312499999 0.5961873453125001
