0 0.855447740625 0.7776552234375 0.8863172515625 0.768088646875 0.8879185109375 0.7305088234375 0.8809902921875 0.6959813265625 0.846042275 0.6803625234374999 0.8163622390624999 0.6436150015625001 0.8049633937499999 0.6062465312499999 0.7610806718750001 0.595305340625 0.702965778125 0.563552459375 0.4798494046875 0.43541781718749994 0.4274437625 0.4378885140625 0.4168881421875 0.44906726875 0.4169045234375 0.47496616875 0.4242314171875 0.4975088203125 0.441300196875 0.5069435078125 0.47420240781249995 0.49961006093749993 0.8233396046875001 0.7558391984374999 0.855447740625 0.7776552234375
0 0.538130340625 0.0874214796875 0.545842803125 0.07726016718749999 0.5312119546875 0.068433321875 0.5007378421875 0.060835273437500004 0.46783563125 0.06816871875 0.4422439296875 0.07214591718749999 0.4621624203125 0.09092272343749999 0.48410378125 0.09639331875 0.5068523234375 0.0934335640625 0.5271629375 0.0898659625 0.538130340625 0.0874214796875
0 0.452420534375 0.1040306875 0.4459303109375 0.119675703125 0.5377480484375 0.1253052265625 0.5401761484375001 0.11037373125000001 0.452420534375 0.1040306875
0 0.4735710953125 0.14383053437499999 0.44797284218750005 0.1374481734375 0.4613912796875 0.156330653125 0.497551709375 0.16189381875 0.526401628125 0.1708132328125 0.5511828703125 0.17008660625 0.5491436171874999 0.15749391562499998 0.5373526484375 0.1424698515625 0.4987575671875 0.141478621875 0.4735710953125 0.14383053437499999
0 0.88675090625 0.16916338749999998 0.8631886281250001 0.17019393437500002 0.8863522296875 0.18114823124999999 0.88675090625 0.16916338749999998
0 0.71449134375 0.159014353125 0.73968436875 0.167022 0.7595897546875 0.1650796875 0.7729918109375 0.15806326875 0.7656714703125 0.14588017656250002 0.7384522984374999 0.14599895937500001 0.71449134375 0.159014353125
0 0.8567180656250001 0.2169176296875 0.8563095593750001 0.21336313593749998 0.810397415625 0.20536859375 0.7401059812499999 0.1912956140625 0.6937886078125 0.1849263578125 0.7027331421875 0.1957880859375 0.7486485625 0.2089624078125 0.792122778125 0.2163491046875 0.8465676734375001 0.2264711 0.8567180656250001 0.2169176296875
0 0.8839044703125 0.16500104843750002 0.86237489375 0.1682647265625 0.8717279328125 0.1826809484375 0.8932575109374999 0.17941727031250002 0.8839044703125 0.16500104843750002
0 0.56522606875 0.5343890546875001 0.6408248015625 0.589490678125 0.7302373734375001 0.6463101546875001 0.8233035624999999 0.69886161875 0.7472963234375001 0.640205503125 0.653815075 0.573739984375 0.562369803125 0.514687378125 0.4587381625 0.45777532968749995 0.4124142359375 0.44104651562499997 0.43274778593749996 0.47373737499999996 0.4867940046875 0.49584421562500003 0.56522606875 0.5343890546875001
1 0.33845935625 0.415702209375 0.33964883125 0.3693881109375 0.3359690015625 0.3322178859375 0.3193087296875 0.3263376921875 0.30877604375 0.3737749078125 0.30840685625 0.43237777343749995 0.308456003125 0.510074471875 0.316204509375 0.5568907375000001 0.3381262109375 0.5312826515625 0.33930585625 0.46942921562500006 0.33845935625 0.415702209375
1 0.8741145015624999 0.7443303078125 0.8627058265624999 0.691422496875 0.8057967875 0.63925441875 0.7415739640625 0.585262809375 0.6415992187499999 0.5292625265625001 0.5554350328125001 0.46980032187500004 0.47050291875 0.4313611578125 0.4205417578125 0.44479925624999994 0.4140449828125 0.4500847109375 0.4201856765625 0.5241212390625 0.443744678125 0.5179109109375 0.5400690859374999 0.5833589875 0.6636093859375001 0.6435085 0.8070845609375 0.74833371875 0.8741145015624999 0.7443303078125
1 0.4360485984375 0.5539711234375 0.4612350703125 0.5516192125 0.4648788578125 0.5318118593750001 0.4681108625 0.5032702312499999 0.4591630515625 0.4872287234375 0.43844393281249994 0.48724182968749996 0.420567971875 0.48623749531250005 0.41610717187499996 0.49893585937499996 0.41449608437499996 0.52097634375 0.416545165625 0.549108371875 0.4360485984375 0.5539711234375
1 0.4205384828125 0.43961947500000004 0.40014923125 0.3188723578125 0.373658603125 0.1862460703125 0.345240128125 0.21713961093749998 0.331060378125 0.2792044 0.33679256562500004 0.3496864328125 0.32956396875 0.48253717968750004 0.342619775 0.5703820859375 0.3893522078125 0.5906653953125 0.41697333125 0.5837415453125 0.4205384828125 0.43961947500000004
