0 0.5912341359375 0.2328341296875 0.5801683234375 0.23992480624999998 0.5665330203125001 0.24542915 0.559175296875 0.2507142765625 0.550562059375 0.256043246875 0.5581536140625001 0.25745420625 0.5643727375 0.2555609671875 0.5793220140625001 0.2516868015625 0.5917602578125 0.247900321875 0.61035916875 0.24054658281250002 0.6190308640625 0.236891634375 0.6137749671875 0.230370921875 0.607614303125 0.233938184375 0.5912341359375 0.2328341296875
0 0.5982158796875 0.3247737796875 0.5795585125 0.33045349687500003 0.5684927 0.3375441765625 0.55360188125 0.3430923640625 0.5550912296875 0.34974460625 0.57249308125 0.34410873125 0.589719559375 0.33345079218749996 0.6233846609375 0.3255709296875 0.64347291875 0.3248694328125 0.6407865125 0.3199350546875 0.6256618609375 0.3187871578125 0.614362215625 0.31918175 0.5982158796875 0.3247737796875
0 0.6201747984375 0.3776409703125 0.6101891265625 0.3796657390625 0.6002034562499999 0.381690509375 0.5877652109375 0.3854769890625 0.5804074890625001 0.39076211562499996 0.574188365625 0.3926553546875 0.5631810125000001 0.4014200546875 0.5521736578125 0.4101847546875 0.5536630078125 0.41683699687500003 0.5597652125 0.41159571406250006 0.5757361734375 0.40098161875000005 0.5855464703125 0.39393478437499996 0.599181771875 0.3884304390625 0.6103645015625 0.3846878046875 0.620350171875 0.38266303437500004 0.626452378125 0.37742175312500004 0.6201747984375 0.3776409703125
0 0.723594784375 0.3874379671875 0.7336389125 0.38708721874999996 0.7387194359375 0.38858586562499997 0.7384271453125 0.380215759375 0.7332881640625 0.3770430890625 0.725813525 0.3789801734375 0.7146307968750001 0.38272280937500003 0.7070977 0.38298587031250003 0.723594784375 0.3874379671875
0 0.5909246171875 0.547944759375 0.5995378546875 0.542615790625 0.6108374999999999 0.5422211984375 0.6208231718749999 0.540196428125 0.633319875 0.5380839703125 0.642050028125 0.5361030453125 0.6533496734375001 0.535708453125 0.668474325 0.53685635 0.679657053125 0.533113715625 0.688387209375 0.5311327890624999 0.6931754406249999 0.5242613281249999 0.684386828125 0.524568234375 0.6743426984374999 0.5249189828125 0.664357028125 0.5269437531250001 0.6543128984375 0.5272945015625 0.6417577375 0.5277329374999999 0.6293194921875 0.5315194156249999 0.6168227890625 0.5336318734375001 0.6067786609375 0.533982621875 0.590515409375 0.5362266109375 0.5807051125 0.5432734453125 0.5707779015625001 0.5469722375 0.5622231203125 0.553975228125 0.553668340625 0.56097821875 0.54631061875 0.56626334375 0.53393083125 0.5717238453125 0.5254929671874999 0.5820748796874999 0.524471284375 0.588814809375 0.5235080578125 0.597228759375 0.5284716640625 0.5953793640625 0.5346323296875 0.5918121015625 0.539362103125 0.5832666203125 0.551800346875 0.5794801421875 0.561493728125 0.5690852640624999 0.5686760750000001 0.5587780734375001 0.5785448296875 0.5534052609375 0.5909246171875 0.547944759375
0 0.8337573484374999 0.3383373078125 0.8438014781250001 0.337986559375 0.8551011234375 0.3375919671875 0.8715397484375 0.34037004375 0.8818177109375 0.3467153796875 0.8858765484375001 0.35495395625000004 0.890169221875 0.36988861875 0.8918924015625 0.3832369484375 0.8947541828125001 0.39319339062499997 0.9001269953125 0.40306214375 0.9066384093750001 0.40953901249999997 0.9116604734375 0.4093636390625 0.9179380546875 0.4091444203125 0.9242740921875001 0.4105992234375 0.922667828125 0.40059893906250005 0.9150762718750001 0.399187978125 0.908915609375 0.4027552390625 0.9037181703125 0.39790855 0.9010317625 0.392974171875 0.9006810140624999 0.38293004375 0.8977607750000001 0.3712995796875 0.8959791359375 0.3562772296875 0.8918618390624999 0.34636463125 0.8851750515625 0.33486570000000004 0.8748970890625 0.3285203609375 0.8648529625 0.3288711109375 0.851042284375 0.3293533890625 0.8396257234375 0.326399940625 0.8208514390625 0.32873161562500003 0.8045881890625 0.330975603125 0.7883833953125 0.3348936125 0.77594515 0.3386800921875 0.76333153125 0.33744450625 0.7483822531250001 0.341318671875 0.7473605703125 0.3480586015625 0.75477675 0.344447496875 0.7673903703125 0.34568308281250004 0.7774929578124999 0.34700635625 0.78742016875 0.34330756406249996 0.7987198140625 0.342912971875 0.8112165171875001 0.3408005140625 0.8199466718749999 0.3388195875 0.8337573484374999 0.3383373078125
0 0.517761934375 0.75665539375 0.51195201875 0.7702667828124999 0.5135582828125 0.7802670671875 0.5232516625 0.769872190625 0.5291200375 0.7579348218749999 0.541499825 0.7524743218750001 0.5463465140625 0.7472768828125 0.5433678171875 0.733972396875 0.532243546875 0.7393890546875 0.5312803203125 0.7478030062500001 0.517761934375 0.75665539375
0 0.6577645953125 0.6981323796875001 0.6231947250000001 0.7161002140625 0.5998075828125 0.7303254156250001 0.5925083203125 0.7372845625 0.578814559375 0.7411148843750001 0.5678656625 0.75155360625 0.5579969078125 0.7569264203125 0.5445369796875 0.7674528281249999 0.5348435984375 0.7778477046875001 0.5224053546875 0.781634184375 0.511690290625 0.7987689921875 0.5180263296875001 0.8002237953125 0.52401161875 0.7916344703125 0.5351943484375 0.787891834375 0.5511653078125 0.7772777390625001 0.5659392125 0.7683815078125 0.5781436249999999 0.75789894375 0.61139951875 0.73830093125 0.655721228125 0.7116122390624999 0.6577645953125 0.6981323796875001
0 0.6785237875 0.6806468234375 0.6898234328124999 0.68025223125 0.6985535875 0.6782713046875 0.7085977156250001 0.6779205562499999 0.7056774781249999 0.66629009375 0.6968304062499999 0.6649229765625 0.689472684375 0.6702081015625 0.6808009875 0.67386305 0.6785237875 0.6806468234375
0 0.7066407031249999 0.6578761421875 0.7152539421874999 0.652547171875 0.7228454953125001 0.6539581328125 0.7275168125 0.643738628125 0.719808340625 0.6389796265625 0.7073700953125 0.6427661062500001 0.7038373796874999 0.649593721875 0.7016186390625 0.6580515171875 0.7066407031249999 0.6578761421875
0 0.535954303125 0.8096541140625 0.5457061421875 0.8009332578125001 0.5478079671875 0.7891274203124999 0.53931164375 0.7978044328125 0.526990315625 0.8049389546875 0.5199833421875 0.8202682093749999 0.5275164390625 0.820005146875 0.535954303125 0.8096541140625
0 0.5761002562499999 0.771378803125 0.5860859265625 0.7693540328124999 0.602173803125 0.7620879796875 0.6107870421875 0.7567590109375 0.6155752750000001 0.74988755 0.6018230546875001 0.7520438515625 0.5933267343749999 0.7607208640625001 0.5796329734375 0.7645511859375 0.5761002562499999 0.771378803125
0 0.5610008328125 0.6629619984375 0.560825459375 0.6579399328125 0.5559203109374999 0.6614633515625 0.54964273125 0.6616825687500001 0.545934640625 0.6634881218750001 0.5398908921875 0.670403425 0.531277653125 0.6757323937499999 0.5253508234375001 0.685995740625 0.5230151640625 0.6911054937500001 0.5255846546875 0.6926918265625 0.529351203125 0.692560296875 0.5304313453125 0.6874943890625 0.5353364921875 0.6839709703125 0.540124725 0.6770995109375 0.5449129562499999 0.6702280515625 0.552446053125 0.6699649890625 0.558665175 0.66807175 0.5610008328125 0.6629619984375
0 0.5878622328125 0.640235159375 0.5815846515625 0.6404543781250001 0.5753655296875 0.6423476171875 0.571715896875 0.6458271921875001 0.5706357546875 0.6508930984375 0.5757162796874999 0.652391746875 0.5832493750000001 0.6521286843749999 0.591921071875 0.6484737359375 0.5980817359375 0.6449064765625 0.602986884375 0.6413830578125 0.60286996875 0.638035015625 0.597847903125 0.6382103906250001 0.5916287812500001 0.640103628125 0.5878622328125 0.640235159375
0 0.6149574640625 0.6242044078125 0.6124464328125 0.6242920953125 0.6074243671875 0.62446746875 0.6051471671875001 0.6312512421875 0.6053810000000001 0.6379473296875 0.605497915625 0.6412953703125 0.60806740625 0.6428817062500001 0.6117754984375 0.641076153125 0.6141696140625 0.6376404234375 0.6165637296875001 0.63420469375 0.617702328125 0.63081280625 0.6149574640625 0.6242044078125
1 0.6842446828125001 0.6284890953125 0.7007112046875 0.596068878125 0.7119802875000001 0.5588019703125 0.7083585515624999 0.527083246875 0.696006659375 0.497345453125 0.6741952203125 0.4846986234375 0.6374929625 0.4775999796875 0.5948638734375 0.48076468281249995 0.5611403125 0.486970525 0.5357682609375 0.5163496046875 0.5063958296875 0.53916413125 0.5007918515625 0.5946699 0.5119187890625 0.6613238546875 0.5138505734375001 0.7886371750000001 0.554405734375 0.7620800140624999 0.5902311203124999 0.7440683359375 0.63849475 0.7222701781249999 0.6574723046875001 0.689762271875 0.677705375 0.6572105234375 0.6842446828125001 0.6284890953125
0 0.6598198578125001 0.21703055937500002 0.6514404515625001 0.22905561562500001 0.6628570125000001 0.232009065625 0.675353715625 0.2298966078125 0.691616965625 0.2276526203125 0.7004055796875 0.227345715625 0.706273953125 0.21540834531250003 0.6962298234375 0.2157590953125 0.6823606875 0.2145673546875 0.6711195015625 0.2166359671875 0.6598198578125001 0.21703055937500002
1 0.670436671875 0.7010419875 0.6901741828125 0.6902963609375 0.7061451421875 0.6796822640625 0.7197219875 0.6725038999999999 0.7305539671875 0.6587171359374999 0.7335021015625001 0.6351493031250001 0.72465503125 0.6337821875 0.7061730374999999 0.6444839703125 0.6939101671875 0.6532925125 0.6905528265624999 0.6651421953125001 0.679545471875 0.67390689375 0.667165684375 0.67936739375 0.6550781890625 0.693198003125 0.6441292921875 0.703636725 0.62188075 0.7144700359375 0.5884494796874999 0.7290459859375 0.568887346875 0.7448136765625 0.5504638109375 0.75718948125 0.5259965281250001 0.7764805906250001 0.5054127109375 0.798988209375 0.5280119984375 0.798199025 0.5450631031250001 0.782519021875 0.566056128125 0.7717295515625 0.5844212046874999 0.7576797265625 0.6043340890625 0.7519561640625 0.6241885125 0.74455858125 0.635137409375 0.734119859375 0.6521300546875 0.7167658343750001 0.670436671875 0.7010419875
