0 0.589738321875 0.5802652187499999 0.589428309375 0.5870634890625 0.5921429140625001 0.58837065 0.5985803328125 0.5891546046875 0.6057932265625 0.5864522234375 0.604396840625 0.5765164234375 0.5981921531250001 0.5773884359375 0.589738321875 0.5802652187499999
0 0.5816717875 0.567889496875 0.58438639375 0.569196659375 0.589582875 0.5701550171875 0.59307295625 0.5679758421875001 0.5898928875 0.563356746875 0.5834554703125 0.5625727921875 0.5816717875 0.567889496875
0 0.4656410484375 0.48963076250000004 0.46835565468749996 0.4909379234375 0.4735521359375 0.49189628125 0.47704221718750006 0.48971710625 0.47238848125 0.48361644843749996 0.46742473125000006 0.48431405781250003 0.4656410484375 0.48963076250000004
0 0.5900474531250001 0.5464482765625001 0.592762059375 0.5477554375 0.5959421265625 0.5523745328125 0.597260346875 0.5437458953125 0.5940802796875 0.5391268 0.5881083234375 0.5416547796875 0.5900474531250001 0.5464482765625001
0 0.221793753125 0.429335471875 0.2241983453125 0.4374409015625 0.2262147578125 0.4337801640625 0.22846390312499998 0.43177539375 0.22854118437499998 0.42332115625 0.22233649843749997 0.42419316875 0.221793753125 0.429335471875
0 0.2691092390625 0.5679117515625001 0.2659291703125 0.5632926578124999 0.2624390890625 0.56547183125 0.2604226765625 0.56913256875 0.26461095156250003 0.5719212953125 0.2691092390625 0.5679117515625001
0 0.152611271875 0.43230373593750004 0.1540076578125 0.4422395359375 0.1567222640625 0.4435466984375 0.155093146875 0.43195493125000006 0.152611271875 0.43230373593750004
0 0.318353259375 0.3870574453125 0.3231615609375 0.3762496328125 0.3132340609375 0.3776448515625 0.30501296093749997 0.38217760156249997 0.3057111546875 0.387145503125 0.30741755312499996 0.390283034375 0.3095894140625 0.396732496875 0.3130794953125 0.3945533234375 0.31486317812500003 0.38923661875 0.318353259375 0.3870574453125
0 0.627196528125 0.49563309218749996 0.6260328734375 0.487353259375 0.6213791375 0.48125260000000003 0.6154071812499999 0.483780578125 0.6148644359375 0.4889228796875 0.620526378125 0.49319317187499995 0.627196528125 0.49563309218749996
1 0.47712214687500004 0.56231889375 0.4617654375 0.5610997890625 0.4508297296875 0.5643253765625 0.44447047656249994 0.582105859375 0.45478615624999996 0.5924768109375 0.4676609921875 0.59404471875 0.49232429218749996 0.58044646875 0.5039581921875 0.58218878125 0.52939785 0.59212286875 0.555380253125 0.5969146546874999 0.5895064750000001 0.6056279265625 0.5962539062500001 0.5996136125 0.6000540015625 0.5906361687499999 0.6162634703125 0.5799147015624999 0.6233981984375 0.5586478828125 0.63200659375 0.538862628125 0.637590371875 0.52456848125 0.636504 0.5078344125 0.6302211468750001 0.4901419859375 0.6202154828124999 0.47297276562499996 0.60881343125 0.445867746875 0.595007671875 0.43767597187499996 0.58143464375 0.4311401609375 0.5765481765625 0.4233835359375 0.571196246875 0.41231497656249994 0.5528922 0.40813274218749995 0.5311753515625 0.397675446875 0.5165941171874999 0.3929700078125 0.5079075546875 0.3941908234375 0.49596364218750005 0.39924678125 0.48099511093749997 0.40979384531249996 0.47696228593749995 0.4171153203125 0.4738603828125 0.4310606640625 0.4723875984375 0.4565977734375 0.4705266328125 0.4703687140625 0.467192 0.48265809062500004 0.46734744843750003 0.4927682921875 0.46556376562499996 0.49808499843750004 0.4644782765625 0.5083696015625 0.46362551874999997 0.5203101734375 0.4610663609375 0.529113215625 0.46067906562500005 0.5443657203125001 0.472778425 0.5494199640625 0.47712214687500004 0.56231889375
