1 0.41406804062499997 0.46993435000000006 0.4343822859375 0.4557814875 0.44043774375 0.434196078125 0.44928125156250004 0.413769421875 0.45629234687500003 0.397100340625 0.4558160703125 0.36828109375 0.437495053125 0.3531346875 0.41933176406249995 0.3651687515625 0.383842525 0.37376785625000003 0.3570359765625 0.38748199843750003 0.3277204953125 0.3948810484375 0.302109265625 0.40156006250000004 0.27462619374999997 0.405201534375 0.25056826249999997 0.4132793140625 0.21754852656249998 0.4213983953125 0.198071621875 0.42008223593749994 0.176204078125 0.432836334375 0.189027865625 0.45925546875 0.21320409375 0.4715630421875 0.23642468593750002 0.47895428593749995 0.2676120109375 0.47459277968749997 0.2883631 0.48246404531250003 0.32357322499999996 0.4790212828125 0.3526095953125 0.476778575 0.3859873078125 0.47709338749999997 0.41406804062499997 0.46993435000000006
1 0.61545695 0.3457535296875 0.6048235531249999 0.32401071406250004 0.579452003125 0.31873826875 0.5498179765625 0.32449853906250004 0.531057028125 0.34005016875 0.5184698359375 0.354401740625 0.5081518953125 0.387019865625 0.5159972453125 0.4076039296875 0.544833365625 0.4241077984375 0.5680539578125 0.43149904218749996 0.57916671875 0.429338940625 0.5985253265625 0.41026974687499995 0.60987776875 0.3961581875 0.6187607078124999 0.3825266484375 0.6201957078125 0.3635400609375 0.61545695 0.3457535296875
0 0.44777904062499996 0.9004603781249999 0.43232493437499997 0.9000629609375 0.41750792031249995 0.9029430968750001 0.4079090234375 0.8997068453124999 0.4089040953125 0.91141829375 0.4218886984375 0.912295734375 0.45215981875000005 0.909813015625 0.469446334375 0.9064528578125 0.48796760156249996 0.9028526875 0.5080421671875001 0.9006512828125001 0.5027451843749999 0.8931774328125 0.48143586718750003 0.89561885 0.46661885468750003 0.8984989859375 0.44777904062499996 0.9004603781249999
0 0.3275713328125 0.901717346875 0.32135814375 0.8961222843750001 0.3192466203125 0.9050362015625 0.32087878281250004 0.920025203125 0.3275713328125 0.901717346875
0 0.7756677125 0.7942078859375 0.7827576734374999 0.791129040625 0.7799301921875 0.7831751687499999 0.7756677125 0.7942078859375
0 0.7894865703125 0.8323384671875 0.78757529375 0.8225058078125 0.7814015390625 0.8237058640624999 0.78299426875 0.831899746875 0.7894865703125 0.8323384671875
0 0.8125919500000001 0.76662219375 0.8107989718749999 0.7771748859375001 0.8166936140625 0.781131171875 0.8216326203125 0.7801711265625 0.8200398906249999 0.77197724375 0.8125919500000001 0.76662219375
0 0.8301939265625 0.8176229765624999 0.8357305890625 0.8131453656250001 0.8301150609375 0.8040327406250001 0.8230645328125 0.813906703125 0.8301939265625 0.8176229765624999
0 0.2000370703125 0.8652824515624999 0.2019483453125 0.8751151109374999 0.20688735 0.874155065625 0.20529462031249998 0.8659611828125 0.201550934375 0.8598861 0.2000370703125 0.8652824515624999
0 0.27551462187500003 0.8778222328125 0.2774258984375 0.8876548921875 0.2792583078125 0.8838973156250001 0.279537421875 0.878740975 0.2754751890625 0.871027115625 0.27551462187500003 0.8778222328125
1 0.270658259375 0.147467084375 0.24018689062499998 0.1686963796875 0.2050161984375 0.1789342609375 0.189719821875 0.2057173140625 0.19079375781250002 0.231018996875 0.22353438125 0.22805625625 0.3115596921875 0.219449346875 0.3785153671875 0.20133239375 0.47661893906249997 0.17205881875 0.531466784375 0.1443905203125 0.5859960859375 0.1150834453125 0.560545671875 0.09622076562500001 0.43981917031249995 0.11458553281249999 0.33645805 0.143180378125 0.2935603046875 0.1532195515625 0.270658259375 0.147467084375
