1 0.36865671718750004 0.19196428593749998 0.37164179062499997 0.19866071406250002 0.3850746265625 0.19866071406250002 0.3895522390625 0.196428571875 0.3895522390625 0.17633928593749998 0.3820895515625 0.162946428125 0.37164179062499997 0.16741071406250002 0.36865671718750004 0.178571428125 0.36865671718750004 0.19196428593749998
1 0.40895522343749996 0.1852678578125 0.41492537343749997 0.196428571875 0.42238805937499996 0.196428571875 0.42835820937499997 0.1897321421875 0.42985074687499997 0.180803571875 0.42985074687499997 0.165178571875 0.426865671875 0.1584821421875 0.420895521875 0.1540178578125 0.41492537343749997 0.15178571406250002 0.4074626859375 0.1584821421875 0.40597015000000003 0.171875 0.40895522343749996 0.1852678578125
1 0.4656716421875 0.14508928593749998 0.471641790625 0.1383928578125 0.4641791046875 0.1383928578125 0.4597014921875 0.140625 0.4597014921875 0.147321428125 0.4656716421875 0.14508928593749998
1 0.33283582031250003 0.5870535718750001 0.3164179109375 0.5870535718750001 0.3014925375 0.5848214281249999 0.2567164171875 0.5825892859375 0.219402984375 0.6004464281249999 0.197014925 0.6294642859375 0.18805970156250001 0.6584821421875 0.19104477656250002 0.6741071421875 0.2089552234375 0.6986607140625 0.25373134375 0.7075892859375 0.297014925 0.7008928578125 0.323880596875 0.6316964281249999 0.33582089531250003 0.5982142859375 0.33283582031250003 0.5870535718750001
0 0.380597015625 0.45089285781250005 0.373134328125 0.44196428593750003 0.37611940312500003 0.46428571406249997 0.3820895515625 0.46875 0.380597015625 0.45089285781250005
0 0.55522388125 0.5133928578125 0.5626865671875 0.5200892859375 0.5582089546875 0.5066964281249999 0.5567164171875 0.493303571875 0.55074626875 0.49553571406249997 0.55074626875 0.5066964281249999 0.55522388125 0.5133928578125
0 0.571641790625 0.484375 0.5626865671875 0.484375 0.5671641796875 0.49553571406249997 0.571641790625 0.49553571406249997 0.571641790625 0.484375
0 0.571641790625 0.49776785781250005 0.5656716421875 0.5044642859375 0.573134328125 0.5066964281249999 0.571641790625 0.49776785781250005
0 0.5179104484375 0.5133928578125 0.528358209375 0.5111607140625 0.526865671875 0.5044642859375 0.520895521875 0.5066964281249999 0.520895521875 0.5022321421875 0.5119402984375 0.5044642859375 0.5104477609375 0.5111607140625 0.502985075 0.5178571421875 0.5074626859375 0.5200892859375 0.5104477609375 0.5200892859375 0.5179104484375 0.5133928578125
0 0.519402984375 0.44866071406249997 0.523880596875 0.43526785781250005 0.5134328359375 0.43303571406249997 0.5044776125 0.430803571875 0.502985075 0.43526785781250005 0.5074626859375 0.444196428125 0.519402984375 0.44866071406249997
0 0.4820895515625 0.5044642859375 0.4880597015625 0.5133928578125 0.49402985 0.5133928578125 0.49402985 0.5 0.4880597015625 0.491071428125 0.4865671640625 0.49553571406249997 0.4820895515625 0.5044642859375
0 0.40149253749999997 0.5089285718750001 0.38805970156249997 0.5133928578125 0.377611940625 0.5267857140625 0.3895522390625 0.5334821421875 0.40597015000000003 0.5223214281249999 0.40149253749999997 0.5089285718750001
0 0.49701492500000005 0.5513392859375 0.4880597015625 0.5334821421875 0.479104478125 0.5111607140625 0.471641790625 0.5133928578125 0.474626865625 0.5223214281249999 0.48358208906250005 0.5535714281249999 0.4925373140625 0.5558035718750001 0.49701492500000005 0.5513392859375
0 0.44626865625 0.46428571406249997 0.45522388124999996 0.47991071406249997 0.45373134375 0.45758928593750003 0.44626865625 0.44196428593750003 0.4432835828125 0.42633928593750003 0.4373134328125 0.415178571875 0.43582089531249996 0.428571428125 0.43582089531249996 0.44196428593750003 0.44626865625 0.46428571406249997
1 0.373134328125 0.5200892859375 0.3985074625 0.5491071421875 0.419402984375 0.5446428578125 0.426865671875 0.5446428578125 0.45671641718749995 0.5558035718750001 0.4850746265625 0.5848214281249999 0.4910447765625 0.6116071421875 0.4955223875 0.6205357140625 0.5014925375 0.6116071421875 0.5074626859375 0.5758928578125 0.49701492500000005 0.5558035718750001 0.48358208906250005 0.5267857140625 0.4671641796875 0.5089285718750001 0.45522388124999996 0.46428571406249997 0.45373134375 0.412946428125 0.4343283578125 0.41964285781250005 0.4179104484375 0.41964285781250005 0.3865671640625 0.41071428593750003 0.3641791046875 0.42410714218749995 0.3402985078125 0.430803571875 0.33582089531250003 0.453125 0.34179104531250004 0.48214285781250005 0.35522388125000004 0.5133928578125 0.373134328125 0.5200892859375
1 0.4641791046875 0.46428571406249997 0.4865671640625 0.462053571875 0.502985075 0.444196428125 0.5014925375 0.40848214218749995 0.477611940625 0.3883928578125 0.45373134375 0.41741071406249997 0.45223880625 0.444196428125 0.4641791046875 0.46428571406249997
1 0.525373134375 0.5915178578125 0.5432835828125 0.6138392859375 0.574626865625 0.609375 0.6044776125 0.59375 0.6417910453125 0.59375 0.6626865671875 0.5825892859375 0.6641791046875001 0.5535714281249999 0.6656716421875 0.5089285718750001 0.6641791046875001 0.4375 0.6582089546875001 0.39732142812500004 0.6343283578125 0.38616071406249997 0.5895522390625 0.38169642812500004 0.55522388125 0.38616071406249997 0.5432835828125 0.40178571406249997 0.523880596875 0.41741071406249997 0.4925373140625 0.453125 0.4850746265625 0.5022321421875 0.50597015 0.5401785718750001 0.5119402984375 0.5647321421875 0.525373134375 0.5915178578125
1 0.5955223875 0.625 0.5925373140625 0.6183035718750001 0.5686567171875 0.6183035718750001 0.5582089546875 0.6294642859375 0.5686567171875 0.6339285718750001 0.5835820890625001 0.6316964281249999 0.5955223875 0.625
0 0.19402985 0.6785714281249999 0.18805970156250001 0.6763392859375 0.1820895515625 0.6785714281249999 0.1835820890625 0.6852678578125 0.19104477656250002 0.6875 0.19402985 0.6785714281249999
0 0.1865671640625 0.6897321421875 0.1835820890625 0.6875 0.1835820890625 0.6919642859375 0.18805970156250001 0.6941964281249999 0.1865671640625 0.6897321421875
0 0.2313432828125 0.7053571421875 0.2179104484375 0.703125 0.2074626859375 0.7098214281249999 0.2134328359375 0.7120535718750001 0.223880596875 0.7098214281249999 0.2313432828125 0.7053571421875
1 0.525373134375 0.6473214281249999 0.5014925375 0.6383928578125 0.4910447765625 0.6517857140625 0.48955223906249995 0.6763392859375 0.4955223875 0.6986607140625 0.5164179109375 0.6875 0.64925373125 0.6361607140625 0.6328358203125 0.625 0.54776119375 0.6517857140625 0.525373134375 0.6473214281249999
