0 0.5075376890625 0.262981575 0.48743718593749996 0.2696817421875 0.49623115625 0.2864321609375 0.5125628140625 0.28978224531249996 0.5075376890625 0.262981575
0 0.47487437187500003 0.3869346734375 0.48618090468749997 0.38023450625 0.49371859218749997 0.3584589609375 0.49748743749999996 0.33835845937500003 0.50376884375 0.31323283125 0.49246231093750004 0.3065326640625 0.48618090468749997 0.3232830828125 0.47487437187500003 0.35510887812499997 0.4597989953125 0.3685092125 0.47487437187500003 0.3869346734375
0 0.49623115625 0.3986599671875 0.49874371875 0.42043551093750003 0.5427135671875 0.427135678125 0.576633165625 0.45226130624999994 0.60175879375 0.4706867671875 0.624371859375 0.4840871015625 0.6570351765625 0.49748743749999996 0.6457286437499999 0.46566164218750006 0.6080402015625 0.4489112234375 0.575376884375 0.4237855953125 0.54522613125 0.4087102171875 0.49623115625 0.3986599671875
0 0.5590452265625 0.4706867671875 0.5904522609375 0.48743718593749996 0.6080402015625 0.5008375203125001 0.629396984375 0.51926298125 0.6444723625 0.510887771875 0.629396984375 0.49916247968749994 0.6143216078125 0.4840871015625 0.5891959796874999 0.46566164218750006 0.5615577890625 0.45728643281250003 0.5414572859375 0.45728643281250003 0.5125628140625 0.46566164218750006 0.5163316578125 0.4824120609375 0.5326633171874999 0.47906197656250005 0.5590452265625 0.4706867671875
0 0.6281407031249999 0.26800670000000004 0.6381909546875 0.2495812390625 0.6281407031249999 0.24623115625 0.6130653265625 0.24790619687499998 0.5904522609375 0.25125628125 0.5841708546875 0.26800670000000004 0.6080402015625 0.27470686718750004 0.6281407031249999 0.26800670000000004
0 0.5351758796875 0.26800670000000004 0.54522613125 0.31323283125 0.5816582921875 0.35175879375 0.59924623125 0.3651591296875 0.624371859375 0.3752093796875 0.6344221109375 0.4087102171875 0.65577889375 0.41541038593749996 0.669597990625 0.3902847578125 0.6633165828124999 0.3634840875 0.6407035171875 0.33835845937500003 0.623115578125 0.32495812343749997 0.6055276375 0.304857621875 0.575376884375 0.27973199375 0.5577889453125 0.25125628125 0.54522613125 0.24623115625 0.5351758796875 0.26800670000000004
0 0.6218592968750001 0.28978224531249996 0.6432160796875 0.28978224531249996 0.65577889375 0.288107203125 0.6381909546875 0.2696817421875 0.6168341703125 0.2696817421875 0.59673366875 0.2696817421875 0.579145728125 0.276381909375 0.59422110625 0.288107203125 0.6055276375 0.288107203125 0.6218592968750001 0.28978224531249996
0 0.5100502515625001 0.3735343390625 0.5125628140625 0.3902847578125 0.523869346875 0.38525963124999996 0.54522613125 0.3634840875 0.5464824125 0.3450586265625 0.54522613125 0.309882746875 0.5339195984375 0.3366834171875 0.5314070359375 0.3500837515625 0.520100503125 0.3634840875 0.5100502515625001 0.3735343390625
1 0.4396984921875 0.5661641546875 0.4434673359375 0.6130653265625 0.44974874375 0.6331658296875 0.45854271406249997 0.5795644890625 0.4685929640625 0.5477386937500001 0.49246231093750004 0.5175879390625 0.49120602968749993 0.5125628140625 0.477386934375 0.5025125625 0.45854271406249997 0.5025125625 0.4434673359375 0.5242881078125 0.4396984921875 0.5661641546875
0 0.4434673359375 0.61976549375 0.451005025 0.6381909546875 0.45603014999999997 0.6097152421875001 0.45603014999999997 0.5762144046875 0.45351758750000004 0.572864321875 0.43592964843750004 0.5711892796875 0.43592964843750004 0.5812395312499999 0.4334170859375 0.5963149078125001 0.4434673359375 0.61976549375
0 0.798994975 0.6348408703125 0.7977386937500001 0.611390284375 0.7864321609375 0.6080402015625 0.780150753125 0.6314907875 0.7876884421875 0.6348408703125 0.798994975 0.6348408703125
0 0.7625628140625 0.6080402015625 0.75125628125 0.6247906203125 0.772613065625 0.6298157453125001 0.7625628140625 0.6080402015625
0 0.89572864375 0.9983249578125 0.9685929640625 0.9983249578125 0.9648241203125 0.9865996656249999 0.9271356781250001 0.879396984375 0.922110553125 0.807370184375 0.8228643218749999 0.7839195984375 0.8555276375 0.8676716921875001 0.876884421875 0.9229480734375001 0.89572864375 0.9983249578125
0 0.8894472359375 0.7973199328125 0.8693467343749999 0.8006700171875 0.8894472359375 0.8107202687499999 0.9045226124999999 0.8056951421875 0.8894472359375 0.7973199328125
1 0.6545226125 0.5510887765625 0.7173366828125001 0.6264656609375 0.8190954781249999 0.6365159125 0.9309045218750001 0.6599664984375 0.928391959375 0.6046901171875 0.84673366875 0.5745393640625001 0.768844221875 0.5427135671875 0.770100503125 0.455611390625 0.7914572859375 0.3735343390625 0.79522613125 0.293132328125 0.6821608046875001 0.3685092125 0.6381909546875 0.4087102171875 0.6369346734375 0.4824120609375 0.6545226125 0.5510887765625
0 0.8592964828125 0.8274706875 0.8718592968750001 0.8375209375000001 0.8969849249999999 0.8576214406249999 0.8932160796874999 0.8375209375000001 0.870603015625 0.8207705187500001 0.8592964828125 0.8274706875
0 0.8819095484374999 0.8860971531249999 0.8907035171875 0.9011725296875 0.9108040203125001 0.902847571875 0.90326633125 0.8860971531249999 0.8932160796874999 0.8810720265624999 0.8806532656250001 0.871021775 0.8693467343749999 0.871021775 0.8819095484374999 0.8860971531249999
0 0.8856783921875 0.9279731999999999 0.90326633125 0.932998325 0.9271356781250001 0.9430485765625001 0.8994974875 0.9145728640625 0.8856783921875 0.91122278125 0.874371859375 0.9061976546875 0.8856783921875 0.9279731999999999
0 0.471105528125 0.4120603015625 0.4886934671875 0.4120603015625 0.49246231093750004 0.39698492500000004 0.48492462343750004 0.393634840625 0.44597990000000004 0.37855946406249996 0.4170854265625 0.37855946406249996 0.4434673359375 0.3953098828125 0.471105528125 0.4120603015625
0 0.89572864375 0.9698492468750001 0.9108040203125001 0.9765494140625 0.9309045218750001 0.9748743718749999 0.9158291453125 0.9597989953124999 0.90326633125 0.9480737015624999 0.8856783921875 0.941373534375 0.89572864375 0.9698492468750001
0 0.3077889453125 0.3115577890625 0.3618090453125 0.3232830828125 0.4108040203125 0.3366834171875 0.44723618125 0.3400335015625 0.45477386875 0.32495812343749997 0.44597990000000004 0.31323283125 0.423366834375 0.3165829140625 0.3555276375 0.3065326640625 0.2851758796875 0.2864321609375 0.2650753765625 0.2864321609375 0.3077889453125 0.3115577890625
0 0.329145728125 0.1105527640625 0.30527638125 0.1155778890625 0.2889447234375 0.11725293125 0.27386934687500003 0.12395309843749999 0.29145728593750003 0.1356783921875 0.3165829140625 0.13400335000000002 0.3354271359375 0.125628140625 0.3555276375 0.125628140625 0.37185929687499997 0.1323283078125 0.39698492500000004 0.14070351718750002 0.422110553125 0.14070351718750002 0.44221105468750005 0.1273031828125 0.3869346734375 0.0988274703125 0.3680904515625 0.1105527640625 0.34798995 0.1105527640625 0.329145728125 0.1105527640625
0 0.23743718593750002 0.2529313234375 0.255025125 0.2646566171875 0.29145728593750003 0.2696817421875 0.3341708546875 0.29145728593750003 0.39824120625 0.3065326640625 0.43467336718749994 0.3165829140625 0.45728643281250003 0.29648241249999996 0.44974874375 0.29648241249999996 0.3994974875 0.27973199375 0.3077889453125 0.25628140781250003 0.276381909375 0.254606365625 0.23743718593750002 0.2529313234375
1 0.30025125625000004 0.1021775546875 0.23743718593750002 0.11725293125 0.21608040156250002 0.13400335000000002 0.2035175875 0.16080402031250002 0.19974874375 0.201005025 0.2072864328125 0.24455611406250002 0.2110552765625 0.2663316578125 0.2148241203125 0.326633165625 0.224874371875 0.3417085421875 0.23492462343749998 0.37185929687499997 0.2412060296875 0.4087102171875 0.25125628125 0.4371859296875 0.2600502515625 0.4539363484375 0.2675879390625 0.47906197656250005 0.28266331718750004 0.48911222812500005 0.3077889453125 0.5125628140625 0.325376884375 0.530988275 0.34422110625 0.544388609375 0.3680904515625 0.5678391953124999 0.3856783921875 0.5711892796875 0.39698492500000004 0.5628140703125 0.4183417078125 0.5427135671875 0.44221105468750005 0.5175879390625 0.45728643281250003 0.4824120609375 0.47487437187500003 0.4539363484375 0.48492462343750004 0.40536013437499996 0.49874371875 0.360134003125 0.5087939703125001 0.3065326640625 0.5113065328124999 0.2696817421875 0.5113065328124999 0.231155778125 0.505025125 0.18760469062500001 0.49748743749999996 0.15745393593749998 0.4886934671875 0.13400335000000002 0.42462311562500005 0.1021775546875 0.3907035171875 0.09380234531250001 0.3567839203125 0.0954773875 0.30025125625000004 0.1021775546875
0 0.3907035171875 0.4757118921875 0.41457286406250005 0.49748743749999996 0.4334170859375 0.5242881078125 0.44597990000000004 0.49748743749999996 0.4409547734375 0.4958123953125 0.40954773906249997 0.469011725 0.375628140625 0.45226130624999994 0.3505025125 0.4455611390625 0.3907035171875 0.4757118921875
1 0.4170854265625 0.561139028125 0.4170854265625 0.606365159375 0.4183417078125 0.639865996875 0.419597990625 0.6549413734375 0.43090452187499995 0.6750418765624999 0.4409547734375 0.6834170859375 0.45603014999999997 0.6968174203124999 0.47487437187500003 0.706867671875 0.46984924687499996 0.695142378125 0.46608040156249997 0.6767169171875 0.4597989953125 0.6599664984375 0.44849246249999997 0.6314907875 0.44974874375 0.611390284375 0.45226130624999994 0.5845896140625 0.46608040156249997 0.5494137359375 0.47487437187500003 0.530988275 0.49246231093750004 0.5159128984375 0.5138190953125 0.5142378562500001 0.5351758796875 0.5125628140625 0.548994975 0.5159128984375 0.5678391953124999 0.51926298125 0.5879396984375 0.530988275 0.6130653265625 0.5460636515624999 0.630653265625 0.55276381875 0.6444723625 0.544388609375 0.6620603015625 0.5242881078125 0.6658291453125 0.48911222812500005 0.670854271875 0.44221105468750005 0.680904521875 0.4120603015625 0.6884422109375 0.3919597984375 0.6871859296875 0.3685092125 0.6545226125 0.326633165625 0.6582914578125 0.3031825796875 0.65075376875 0.2579564484375 0.630653265625 0.23953098750000001 0.603015075 0.2244556109375 0.5816582921875 0.21608040156250002 0.5615577890625 0.21273031874999998 0.5402010046875 0.231155778125 0.4597989953125 0.49246231093750004 0.4334170859375 0.5209380234375 0.4170854265625 0.561139028125
0 0.518844221875 0.35510887812499997 0.5 0.3902847578125 0.5288944718749999 0.376884421875 0.5502512562499999 0.33835845937500003 0.5904522609375 0.3567839203125 0.6319095484374999 0.4003350078125 0.6582914578125 0.4254606359375 0.6670854265624999 0.388609715625 0.6683417078125 0.35510887812499997 0.623115578125 0.3316582921875 0.577889446875 0.29648241249999996 0.5917085421875 0.2814070359375 0.6168341703125 0.27973199375 0.64824120625 0.27470686718750004 0.6118090453125 0.2613065328125 0.5678391953124999 0.276381909375 0.5414572859375 0.31490787343750004 0.518844221875 0.35510887812499997
