1 0.23529253906249997 0.6020652359375 0.2490985328125 0.609577396875 0.2558789328125 0.6168442171875 0.2644157296875 0.6241723718750001 0.2713595921875 0.6267582046875 0.27838518749999996 0.62700354375 0.28733064375 0.6226292296875 0.2944379703125 0.620534075 0.2997071671875 0.6207180796875 0.3087343546875 0.6140032734374999 0.3124923484375 0.607104459375 0.3110628765625 0.59768115 0.30779527500000003 0.590537 0.29717515 0.5925094843750001 0.2796111640625 0.5918961375 0.270910903125 0.58924896875 0.2641305046875 0.5819821484375 0.253755575 0.5769331531249999 0.24489185156249998 0.578966971875 0.22724613124999998 0.58069411875 0.21981187812499997 0.592151246875 0.226674009375 0.5970775734375 0.23529253906249997 0.6020652359375
1 0.397861996875 0.5796221125 0.380298009375 0.5790087640625 0.3627340234375 0.578395415625 0.34508830625 0.5801225624999999 0.3327935140625 0.57969321875 0.3287085953125 0.5959540046875 0.3319761953125 0.6030981546875 0.347783784375 0.60365016875 0.36902403125 0.5997051984375 0.3953700109375 0.6006252203125 0.43576717968749995 0.6020359203125001 0.46746408749999996 0.6007994531249999 0.48678447187499996 0.6014741359375 0.5061048578125 0.60214881875 0.520156046875 0.602639496875 0.5430709593749999 0.60109635625 0.5366174890625001 0.5844675609375 0.5211368281250001 0.5745535734375 0.500386971875 0.5644555812500001 0.48801045 0.56636673125 0.46852660156250003 0.5703730359375 0.45263728125 0.5721615156250001 0.4332351640625 0.5738273265625 0.4208586421875 0.5757384765625 0.397861996875 0.5796221125
1 0.23953924999999998 0.6818873625 0.227162728125 0.6837985125 0.218217271875 0.6881728265625 0.21078301718749998 0.69962995625 0.22467074375 0.704801621875 0.24039660000000002 0.707694128125 0.249015128125 0.7126817890625 0.25804231875 0.7059669828125 0.2686624421875 0.703994496875 0.2811206953125 0.699742853125 0.297010015625 0.6979543734375 0.314737465625 0.6938867328125 0.33413958125 0.692220921875 0.34141037343749997 0.68544478125 0.3435754296875 0.6738036468749999 0.3192310453125 0.6659234781250001 0.30901958125 0.65619349375 0.298644653125 0.6511444984375 0.29145559374999996 0.6555801453125001 0.285859471875 0.664758115625 0.2769957453125 0.6667919359375001 0.2681320203125 0.6688257578125001 0.26094296250000004 0.67326140625 0.25199750625 0.6776357187500001 0.23953924999999998 0.6818873625
0 0.48368033437499997 0.5896489984375 0.48886779843749995 0.5921734953125 0.497649790625 0.5924801703125 0.5065135171875 0.59044635 0.517051909375 0.590814359375 0.5258339015625 0.5911210328125 0.5345341640625 0.5937682 0.5415597578125 0.5940135390625 0.5346976265625 0.5890872140625001 0.526079096875 0.5840995515625 0.5155407046875 0.58373154375 0.50684044375 0.581084375 0.49789498749999994 0.5854586890625 0.48911299374999995 0.5851520156250001 0.48400726250000004 0.5802870234374999 0.482577790625 0.5708637140625 0.47722686249999996 0.573020203125 0.48368033437499997 0.5896489984375
0 0.47885815625 0.727738128125 0.482452684375 0.7255203046875 0.48094148125 0.7184374874999999 0.47023962656249996 0.7227504671875 0.4664816328125 0.7296492781249999 0.47175082812499997 0.7298332828125 0.47885815625 0.727738128125
0 0.23075892968749998 0.5808167875 0.2215682765625 0.5922125828125 0.2321884 0.590240096875 0.23762106093750002 0.5857431140625 0.2447283875 0.583647959375 0.256941446875 0.586417796875 0.262047178125 0.5912827890625 0.26715291093750004 0.59614778125 0.2742602375 0.5940526265625 0.2812040984375 0.596638459375 0.28998609218750004 0.5969451328125001 0.29876808593750004 0.59725180625 0.3058754125 0.595156653125 0.3096334046875 0.5882578406250001 0.3026078109375 0.5880125015625 0.2919876859375 0.5899849859375 0.2849620921875 0.589739646875 0.2762618296875 0.5870924796875 0.2674798375 0.58678580625 0.260535975 0.5841999734375001 0.25543024375 0.5793349812499999 0.2502427796875 0.5768104828125 0.2397043875 0.576442475 0.23075892968749998 0.5808167875
0 0.312328884375 0.6117854484375 0.3108994125 0.6023621375 0.30379208593749996 0.6044572921875 0.2949283609375 0.6064911125 0.2860646359375 0.6085249312500001 0.27552624375 0.6081569234375 0.28055024375 0.6153624093750001 0.2874941078125 0.6179482421875 0.2910886359375 0.61573041875 0.2997888984375 0.6183775859375 0.30697795625 0.6139419375 0.312328884375 0.6117854484375
0 0.2185441984375 0.6788108515625 0.21319327187499998 0.680967340625 0.209435278125 0.6878661515625 0.20743368593749997 0.6948262984375 0.205432090625 0.7017864453125 0.2089448875 0.7019091140625 0.2144592796875 0.6950716375 0.2165426046875 0.6857709984375 0.2184624671875 0.6811513453125 0.2185441984375 0.6788108515625
0 0.1620125140625 0.6862101125 0.1740621109375 0.6936609375 0.1776566390625 0.6914431140625 0.1690381109375 0.6864554515625 0.16225771093750002 0.67918863125 0.15707024687499999 0.676664134375 0.15690678281249998 0.681345121875 0.1620125140625 0.6862101125
0 0.291210396875 0.6626016265625 0.2948049265625 0.660383803125 0.30023758749999996 0.6558868203125 0.3039138484375 0.6513285015625 0.30232091250000004 0.6465861796875 0.29337545625 0.65096049375 0.2877793328125 0.6601384640625 0.291210396875 0.6626016265625
0 0.2306755265625 0.6839211828125 0.226999265625 0.6884795 0.2322684609375 0.6886635046875 0.23753765625 0.6888475093750001 0.244726715625 0.6844118609375001 0.2499959109375 0.684595865625 0.2570215046875 0.6848412046875 0.2640471 0.68508654375 0.2711544265625 0.6829913890625 0.2745854921875 0.6854545515625 0.28169281874999996 0.6833593984374999 0.2869620140625 0.6835434015625 0.2904748109375 0.6836660718750001 0.293987609375 0.6837887406250001 0.3045260015625 0.68415675 0.3082022625 0.6795984328125 0.30117666718749997 0.67935309375 0.29247640625 0.676705925 0.287125478125 0.6788624140625 0.280181615625 0.67627658125 0.2748306875 0.678433071875 0.2695614921875 0.6782490671875 0.25910483281249996 0.6755405640625 0.244890178125 0.6797308734375 0.2361081859375 0.6794241999999999 0.2306755265625 0.6839211828125
0 0.3138801171875 0.6680799671875 0.30852918906250004 0.6702364578125 0.30493465937500003 0.6724542812500001 0.31020385625 0.6726382859375 0.31722945 0.672883625 0.3278495734375 0.670911140625 0.32617490781249997 0.6685093109375 0.3209057125 0.6683253062500001 0.3138801171875 0.6680799671875
