1 0.612677325 0.54877346875 0.6380079171874999 0.5150676265625 0.6675052609375001 0.49769165312499997 0.70144494375 0.48070433437500004 0.7304224687499999 0.4692698796875 0.7404490984375001 0.4442034421875 0.752137490625 0.3873517390625 0.74498553125 0.366769365625 0.7385580218750001 0.3123240578125 0.7344226359375 0.27005327968750004 0.7124551625 0.278109703125 0.69798619375 0.3027874875 0.6830287734375 0.30746587812500004 0.666440953125 0.3179886265625 0.6507904453125 0.3305890453125 0.6403776828125001 0.321695384375 0.626948346875 0.334490128125 0.613621328125 0.333324165625 0.6026177953125 0.31839182187500004 0.5857147968749999 0.30693467343749997 0.5654486765625 0.3211269421875 0.553618375 0.3540182421875 0.5467502296875 0.3813566765625 0.5390470890625 0.3926567328125 0.5226011749999999 0.42713988281250004 0.5101091515625 0.4420122984375 0.490433803125 0.4622432515625 0.47256212499999994 0.47464934062499997 0.45802220312499997 0.4873469234375 0.4455301796875 0.5022193374999999 0.4280759984375 0.5226446171875 0.415757246875 0.5355365265625001 0.40444676093750004 0.5624863062500001 0.40594347812500003 0.59654356875 0.40615634062500006 0.6324841734375 0.428848265625 0.590564815625 0.45393463125 0.5468592765625 0.48069098906249996 0.5352304953125 0.5089044734375 0.5197378640625 0.552910375 0.51560521875 0.5951835562500001 0.5312776375 0.612677325 0.54877346875
0 0.47651601250000003 0.4550386046875 0.48480992343749996 0.44977723125 0.50046043125 0.4371768140625 0.5164574828124999 0.4206153828125 0.52433389375 0.40733482031249996 0.525200253125 0.3974322875 0.5086833875 0.4199352375 0.496120409375 0.4228274515625 0.488243996875 0.4361080140625 0.47831968593749996 0.44721374375 0.45676971093749996 0.46328935624999995 0.43459760156250005 0.499267196875 0.4579512484375 0.47536672187500006 0.47651601250000003 0.4550386046875
0 0.49067802812499994 0.47224294687499996 0.4850227859375 0.4857178359375 0.48637759531249997 0.49581469531250005 0.486866046875 0.5158140859375 0.4907176171875 0.5101640578125 0.49081993593749995 0.49620335000000004 0.49203283906250006 0.48233980625 0.49512036875 0.47263160156249995 0.49067802812499994 0.47224294687499996
0 0.46780460625 0.45228078906249997 0.40561184843750003 0.44683962812500005 0.42636641875 0.45264675 0.4528471859375 0.4569591828125 0.46780460625 0.45228078906249997
0 0.6684903875 0.60155245625 0.6808800953125 0.60064075 0.6826837671875 0.5928158859375 0.669183475 0.5936304296875 0.6629374625 0.6010666390625 0.6684903875 0.60155245625
0 0.6927186203125 0.631611471875 0.6849445265624999 0.6309313265625 0.6835583515625 0.6467753765625 0.6878274203125 0.6491445375 0.6927186203125 0.631611471875
0 0.6524455234375 0.5163307546875 0.6397092718749999 0.5212034734375 0.6415838984375 0.5253588140625001 0.650815121875 0.522175109375 0.6524455234375 0.5163307546875
0 0.7318400078125 0.42748491875 0.728854796875 0.4232324140625 0.7105342578125 0.45356022500000004 0.6908902734375 0.44785026875 0.6760038078124999 0.46450886249999995 0.6733337749999999 0.48223625625000005 0.6806194171875 0.4629170109375 0.6901971859375 0.45577229375000006 0.7100144421875 0.4595017453125 0.7318400078125 0.42748491875
0 0.530272953125 0.44178073749999996 0.5621333734375 0.4485594953125 0.5821239015625 0.4503084390625 0.605548503125 0.438388165625 0.620230334375 0.4496509875 0.6359517953125 0.44903077187499996 0.65327229375 0.46850710937500006 0.6560132765625 0.46275991875000005 0.6388660515625 0.44130307343749997 0.6231445921875001 0.441923290625 0.6095733453125 0.43075763125 0.585975471875 0.444658409375 0.576153478125 0.44180343125 0.5670955281250001 0.443006628125 0.5342977953125 0.434150203125 0.530272953125 0.44178073749999996
0 0.5925284390625001 0.395340078125 0.5820133578125 0.400407125 0.5837147125000001 0.406542971875 0.5929459359375 0.4033592671875 0.5925284390625001 0.395340078125
0 0.583194896875 0.412484490625 0.569867878125 0.4113185265625 0.5713959609375 0.41943487968750004 0.581564496875 0.418328846875 0.583194896875 0.412484490625
1 0.44733385156249994 0.4943944765625 0.4635041734375 0.47585253906249997 0.47787082343750004 0.46513546406249995 0.49130016249999997 0.4523407203125 0.5141339953124999 0.43438176406249995 0.5309974046875 0.40791780156249996 0.5263108390625 0.39752945156249997 0.5128105484375001 0.3983439953125 0.4947655984375 0.412730590625 0.47731141875 0.43315587187500004 0.4664497953125 0.44218393125000005 0.445695225 0.4363768109375 0.43032030781249997 0.43303601406250003 0.4144965296875 0.4476169375 0.41737942187500005 0.46583015000000005 0.4172771046875 0.47979085781249997 0.4257129203125 0.4984898875 0.4320298875 0.50303388125 0.44733385156249994 0.4943944765625
1 0.67205814375 0.547981621875 0.6741060421875 0.5501564546875 0.6755631703125 0.5462926046875001 0.673515271875 0.544117771875 0.67205814375 0.547981621875
1 0.7057222359375 0.546935515625 0.707770134375 0.5491103500000001 0.7101645765625 0.5473241703125 0.7094005343750001 0.5432659937500001 0.7057222359375 0.546935515625
1 0.7087470375 0.5891091312500001 0.7068724109375 0.584953790625 0.704304696875 0.5887204765625 0.7063525953124999 0.5908953109375 0.7087470375 0.5891091312500001
1 0.6774691609375 0.524507034375 0.6755945343749999 0.5203516953125 0.6741374062500001 0.52421554375 0.67507471875 0.5262932140625 0.6774691609375 0.524507034375
1 0.77488545625 0.511077534375 0.773357375 0.50296118125 0.7706163890625 0.5087083734375 0.7713804296875 0.51276655 0.77488545625 0.511077534375
1 0.757911503125 0.4876401828125 0.755690334375 0.48744585625000003 0.755343790625 0.49140686875000006 0.757564959375 0.4916011953125 0.757911503125 0.4876401828125
1 0.7632202015625 0.4781263046875 0.76099903125 0.477931978125 0.7606524875 0.481892990625 0.7628736578125 0.48208731875 0.7632202015625 0.4781263046875
1 0.76793813125 0.46257374531249995 0.7657169609375 0.46237941875 0.7653704171875 0.46634043125 0.7675915875 0.466534759375 0.76793813125 0.46257374531249995
1 0.77557031875 0.43929348749999997 0.7744597343749999 0.4391963234375 0.7742864625 0.44117682968749994 0.775397046875 0.44127399375 0.77557031875 0.43929348749999997
1 0.7590534515625 0.4617964375 0.75683228125 0.46160210937499996 0.7564857375 0.4655631234375 0.7587069078125 0.46575745 0.7590534515625 0.4617964375
1 0.7488849156249999 0.462902471875 0.7499955015624999 0.462999634375 0.7501687734375 0.46101912812499996 0.7490581875 0.46092196406249997 0.7488849156249999 0.462902471875
1 0.738480378125 0.51787083125 0.7351486234375 0.517579340625 0.7348020796875 0.521540353125 0.738133834375 0.52183184375 0.738480378125 0.51787083125
