0 0.6530658109374999 0.5881589796875 0.644913325 0.592830725 0.63923935625 0.5971099109375 0.642762509375 0.6033129328125 0.6471972203125 0.599230025 0.6531323484375 0.5965997359374999 0.6588063187500001 0.5923205484375 0.6644802875 0.5880413625 0.659717878125 0.5820346187500001 0.6530658109374999 0.5881589796875
0 0.6458298828125 0.614658921875 0.6515038515625 0.6103797359375001 0.656655503125 0.602802759375 0.6504592140625001 0.6037841546875 0.6460245015625 0.6078670609375 0.641589790625 0.6119499687500001 0.6458298828125 0.614658921875
0 0.6503311328125 0.6190167703125 0.6441348437500001 0.619998165625 0.6513757703125 0.625612353125 0.6563328015625001 0.6248272359375 0.6639629671875 0.6168577 0.6688534578125 0.6076318281249999 0.6641575875 0.610065840625 0.6562662609375 0.6163864796875 0.6503311328125 0.6190167703125
0 0.6606394328125 0.6359769453124999 0.6633125671875 0.6287925265625 0.6571162796875 0.629773921875 0.6507253703125 0.637547178125 0.6562047203125 0.640059853125 0.6606394328125 0.6359769453124999
0 0.6495426578125 0.5819559546875 0.6500649765625 0.585253746875 0.6525434921875 0.5848611874999999 0.653521590625 0.5830160140625 0.652999271875 0.5797182234375 0.6514988546875 0.57826560625 0.6502595953125 0.5784618859374999 0.6495426578125 0.5819559546875
0 0.687375784375 0.596246884375 0.6898543 0.5958543265625 0.6908323968750001 0.594009153125 0.690310078125 0.5907113609375 0.6888096625 0.5892587453125 0.687570403125 0.589455025 0.6853530484375 0.5914964781250001 0.687375784375 0.596246884375
0 0.6837195515625 0.5731623484374999 0.6847641906249999 0.57975793125 0.68502535 0.5814068265625 0.686786925 0.5845083375 0.6892654406250001 0.5841157796875 0.688743121875 0.5808179890625 0.6894600609375 0.5773239203125 0.6889377421875 0.574026128125 0.685936909375 0.5711208953125 0.68469765 0.571317175 0.6837195515625 0.5731623484374999
0 0.7068096671874999 0.5745760125 0.7075266078125 0.5710819421875 0.7057650296875 0.5679804296875 0.7042646140625 0.5665278140625001 0.7020472578125 0.5685692671875 0.70406999375 0.5733196734375 0.7068096671874999 0.5745760125
0 0.7158737125 0.5596183359375 0.7135898171874999 0.553219034375 0.7113724609375 0.5552604875 0.7124170984375 0.5618560687499999 0.7163960312500001 0.5629161265625 0.7158737125 0.5596183359375
0 0.7285274484375 0.559304440625 0.7304836453125 0.555614090625 0.726765871875 0.556202928125 0.722331159375 0.5602858359375 0.724809675 0.559893278125 0.7285274484375 0.559304440625
0 0.72324271875 0.5499999046874999 0.7210253625 0.552041359375 0.726243553125 0.5529051375 0.7269604921874999 0.5494110671875 0.72324271875 0.5499999046874999
0 0.72395965625 0.546505834375 0.7274162703125 0.5442681031250001 0.7268939515625 0.5409703109375 0.724154278125 0.539713975 0.7234373390625 0.5432080453125 0.7214811421875 0.5468983921875 0.72395965625 0.546505834375
0 0.7355687546875 0.5395963578125 0.7348518171875 0.543090428125 0.7373303328125 0.54269786875 0.7405257859375001 0.5388112406250001 0.7430043015625001 0.5384186828125 0.7449604984375 0.5347283328125 0.7407204078125 0.53201938125 0.73850305 0.534060834375 0.7355687546875 0.5395963578125
0 0.753179521875 0.5384973453125 0.7482224921875 0.5392824625 0.7460051359375 0.541323915625 0.7437877796875 0.54336536875 0.7400700062500001 0.54395420625 0.7351129765625 0.5447393218750001 0.734657196875 0.5498822890625 0.7364187734375001 0.5529838 0.7383749703125 0.5492934515625 0.7420927421875 0.5487046140625 0.7477667125 0.5444254265625 0.7514844859375 0.543836590625 0.7552022578125 0.543247753125 0.7581365531250001 0.5377122296875 0.753179521875 0.5384973453125
0 0.7736580453124999 0.523422053125 0.7677229156250001 0.52605234375 0.7670059765625 0.5295464140624999 0.770984909375 0.530606471875 0.7744415234375001 0.5283687390625 0.7778981359375 0.5261310078125 0.7810935890625 0.5222443796875 0.7815493703125 0.5171014140625 0.7758754 0.5213805984375 0.7736580453124999 0.523422053125
1 0.9191485203124999 0.343184540625 0.9248890281250001 0.3473461109375 0.9301072171874999 0.3482098890625 0.9308241562499999 0.34471581875 0.9332361328125 0.33588250468749997 0.9338865328124999 0.3239476796875 0.9316026374999999 0.31754837812500003 0.9295799015625 0.31279796875 0.925795590625 0.30494604999999997 0.9188158234375001 0.30098076093750004 0.9128806953125 0.303611053125 0.9081848234375001 0.3060450640625 0.9040112703125001 0.311776865625 0.8983373015625 0.31605605312499996 0.8916186937499999 0.3137396578125 0.8937745078124999 0.335371578125 0.8965807218749999 0.3450686703125 0.900754275 0.3393368671875 0.902710471875 0.33564651875 0.90642824375 0.33505768125 0.9106683359375 0.337766634375 0.9191485203124999 0.343184540625
1 0.8649123281250001 0.5461544921875 0.8619780328125 0.551690015625 0.8605441546874999 0.55867815625 0.8670016031250001 0.5593456546875 0.8724144125000001 0.5534175734375 0.87906648125 0.5472932125 0.8901532609375 0.5370859453125 0.8792611000000001 0.5405013515625 0.8720867140624999 0.543327921875 0.8649123281250001 0.5461544921875
1 0.674455890625 0.5627977578125 0.6674095859375 0.550391709375 0.6581459234375 0.5400271156249999 0.6473818453125 0.5282099078125 0.6418359578125 0.5172564765625001 0.6313330374999999 0.5070881625 0.618873921875 0.5006101984375 0.6116995359375 0.50343676875 0.6047863078125 0.507912234375 0.60061275625 0.5136440375 0.595005325 0.5263639796875 0.58763631875 0.5359824109375 0.5849631828125 0.5431668296875001 0.5863355203125 0.5598520625 0.585751659375 0.58022764375 0.583928540625 0.6007995046875 0.5964541953125 0.6157182265625 0.6054566984374999 0.6244339250000001 0.614003421875 0.6382925875 0.62424518125 0.6468120046875 0.6371600765625 0.6481470046875 0.650597290625 0.6527797953125 0.6654018421875 0.6419836906249999 0.6806621734375 0.6260446187500001 0.6830076125 0.6087705484375 0.6806571765625 0.5939304890625 0.676806325 0.5776378140625 0.674455890625 0.5627977578125
0 0.3503176953125 0.778091325 0.3574920828125 0.775264753125 0.3574255421875 0.766823996875 0.3563809046875 0.760228415625 0.3507069359375 0.7645076015625001 0.345032965625 0.7687867890625 0.3353800640625 0.772005915625 0.3202478125 0.772712371875 0.310333753125 0.7742826046875 0.2991804328125 0.776049115625 0.292006046875 0.7788756859375 0.286332078125 0.783154871875 0.2987246546875 0.7811920812500001 0.3076606171875 0.7814670234375 0.3165965796875 0.7817419640625001 0.3277498984375 0.7799754515624999 0.3327069296875 0.7791903359375 0.342620990625 0.7776201031250001 0.3503176953125 0.778091325
0 0.37601440625000004 0.7638798109375 0.3718408546875 0.7696116125 0.3659057265625 0.7722419046875 0.3753640078125 0.7758146359375 0.3833218734375 0.777934753125 0.3897793203125 0.7786022515625 0.39767064531249996 0.7722816124999999 0.3919301375 0.7681200421875001 0.383972271875 0.7659999265625 0.37601440625000004 0.7638798109375
0 0.385667309375 0.7606606828125 0.392647075 0.7646259734374999 0.3975375671875 0.7554001 0.3920582171875 0.7528874265625001 0.384622671875 0.7540651 0.3799268015625 0.7564991109375 0.385667309375 0.7606606828125
0 0.411558640625 0.739657309375 0.406406990625 0.747234284375 0.40373385468749995 0.7544187046874999 0.3991045234375 0.765293471875 0.40608428906249994 0.7692587640624999 0.40901858437499994 0.7637232390625 0.4104524625 0.7567351 0.4148871734375 0.7526521921875 0.41729915 0.743818878125 0.415993353125 0.7355744015625 0.411558640625 0.739657309375
0 0.429758265625 0.7502968437499999 0.4351710765625 0.7443687609375 0.4413008234375 0.734946609375 0.4353656953125 0.7375769 0.4296917265625 0.7418560875 0.4263016515625 0.752534575 0.429758265625 0.7502968437499999
0 0.46282398437500005 0.7264668984375 0.45741117343750004 0.73239498125 0.4606731671875 0.736949109375 0.46615251718749995 0.7394617828125 0.470587228125 0.735378875 0.4747607796875 0.7296470734375 0.47991243125 0.7220700953125 0.4724768859375 0.7232477703125 0.46282398437500005 0.7264668984375
0 0.4441070390625 0.7446437015625 0.4377161296875 0.752416959375 0.43354257812499997 0.7581487609375 0.4321087 0.7651369015625 0.42845746562500003 0.7741664953125 0.435631853125 0.7713399234375 0.43954424531249997 0.7639592265624999 0.44691325156249995 0.7543407953125 0.45154258281250004 0.7434660281250001 0.4529764625 0.7364778875 0.447041334375 0.7391081796875001 0.4441070390625 0.7446437015625
0 0.449652928125 0.7555971328125 0.4467186328125 0.76113265625 0.4536318578125 0.756657190625 0.4623066640625 0.7552832359375 0.46895872968749996 0.7491588765625 0.4703926078125 0.7421707359374999 0.4619789640625 0.7451935859375001 0.4523260609375 0.7484127140625 0.449652928125 0.7555971328125
0 0.46015584687500005 0.7657654468749999 0.4527203 0.766943121875 0.44795788906249995 0.7609363765625 0.44776327031249996 0.7677282375 0.4465905515625 0.7763652734375001 0.44241699843750004 0.782097075 0.43948270312500004 0.7876325984375 0.4459401515625 0.7883001000000001 0.4503748640625 0.7842171921875 0.45428725625000005 0.7768364937500001 0.45924428749999996 0.7760513765625 0.4643959390625 0.7684744 0.4645905578125 0.7616825390625 0.46015584687500005 0.7657654468749999
0 0.413197134375 0.790105565625 0.40726200468749996 0.79273585625 0.3991095203125 0.7974076015625 0.40680622499999997 0.7978788234375 0.41176325625 0.79709370625 0.41795954531249996 0.7961123109375 0.4236335140625 0.7918331234375 0.42285003593750004 0.7868864375 0.41691490781249996 0.789516728125 0.413197134375 0.790105565625
0 0.4446393515625 0.8121697515624999 0.439682321875 0.81295486875 0.43550876875 0.8186866703125 0.44320547499999996 0.8191578906249999 0.4481625046875 0.8183727734374999 0.45161911874999994 0.8161350421875 0.4572930875 0.8118558546875001 0.455987290625 0.803611378125 0.4500521625 0.80624166875 0.4446393515625 0.8121697515624999
0 0.41307404999999997 0.8374523109374999 0.40942281718749995 0.84648190625 0.4062939015625 0.8588092890624999 0.40440424531249997 0.87094039375 0.40251458749999997 0.8830715 0.4018641890625 0.895006325 0.40069146875 0.9036433609375001 0.4056485 0.9028582437500001 0.40479848125 0.8894708015624999 0.4072104578125 0.8806374874999999 0.411317471875 0.866464928125 0.4132071296875 0.8543338234375 0.41464100625 0.847345684375 0.41307404999999997 0.8374523109374999
0 0.390843946875 0.9136543500000001 0.39625675781249997 0.90772626875 0.40016915 0.90034556875 0.3954732796875 0.9027795828125 0.38953815 0.9054098734375 0.38458112031249997 0.9061949890625 0.37740673281250003 0.9090215609375001 0.37121044531249997 0.9100029562499999 0.36527531562500004 0.912633246875 0.357839771875 0.9138109203125 0.35190464062500004 0.9164412109375 0.3564058921875 0.9207990609375001 0.36410259843750004 0.92127028125 0.367820371875 0.92068144375 0.37127698593749997 0.9184437125 0.37623401562500003 0.9176585953125 0.3834084015625 0.9148320234374999 0.390843946875 0.9136543500000001
0 0.4132686703125 0.8306604515625 0.41307404999999997 0.8374523109374999 0.4184868609375 0.8315242296875001 0.41868148125 0.8247323703125 0.4132686703125 0.8306604515625
0 0.43106905937500006 0.7906554484375 0.428785165625 0.7842561453125 0.42532855156249993 0.7864938796875001 0.43106905937500006 0.7906554484375
0 0.399314134375 0.8548439984374999 0.40303190781250003 0.8542551609375 0.4049881046875 0.8505648109375 0.40224842968749996 0.849308475 0.40003107499999996 0.8513499281250001 0.3963133015625 0.851938765625 0.399314134375 0.8548439984374999
1 0.5839035531250001 0.44022886093749997 0.5644696703125 0.46189973437500004 0.584697028125 0.5094038046875 0.6095487187499999 0.513918978125 0.6000804421875 0.4461179875 0.5839035531250001 0.44022886093749997
