0 0.4477514109375 0.5405279921874999 0.486134134375 0.5657082171875001 0.5453991765625 0.6305405015625001 0.567165684375 0.660086240625 0.5996259765625 0.7065704890625 0.620887234375 0.74189126875 0.6486087671874999 0.7806868734375 0.68073698125 0.8155035765624999 0.6824259031250001 0.780735865625 0.7149004609375 0.7806673984375 0.7045856125000001 0.7593976062500001 0.696829615625 0.739806496875 0.67602675 0.7147095015625 0.6592516265625 0.6899648859374999 0.6315300921875 0.65116928125 0.6132860765625 0.6277509671875 0.5979798453125 0.6016800531250001 0.576087025 0.573578075 0.5553636140625 0.5630361421875001 0.5320813546875 0.5508155296874999 0.5114842562499999 0.5388298375 0.490049828125 0.5209516421875 0.47583355312500003 0.49788570937500004 0.44487474843749997 0.4806290515625 0.42599916875000005 0.46442953906250006 0.4016269515625 0.44920394375 0.38077722812500003 0.44010577343749996 0.36874086250000004 0.42304980312499996 0.35346722812500003 0.4275327765625 0.33836676250000003 0.41457316874999994 0.335966821875 0.442004615625 0.3133161265625 0.42256520000000003 0.2810147421875 0.40519108125000003 0.2836530453125 0.421424828125 0.2921995140625 0.462907265625 0.318419559375 0.472475278125 0.35626443750000003 0.47287665468749995 0.40186531406250003 0.49286913906249996 0.4477514109375 0.5405279921874999
0 0.7076701078125 0.414877175 0.7028518953125 0.3926334640625 0.684102628125 0.37499019218749996 0.664721796875 0.3645657203125 0.6277611078125 0.354058021875 0.60057741875 0.340041265625 0.5753210156249999 0.3349219953125 0.5467152921875 0.3062327125 0.5263708203124999 0.2913595 0.5232598609375 0.3114546875 0.5292148890624999 0.3207045515625 0.53982921875 0.323087996875 0.5595421296875001 0.3451800109375 0.5973401484374999 0.3615802125 0.6165946671875 0.37344844374999997 0.646763 0.3688137734375 0.6675658656250001 0.393910771875 0.6870730078125 0.40289148125 0.7076701078125 0.414877175
0 0.6803967671875 0.5565173890625 0.6897011125 0.589337265625 0.6849480890625 0.6282013359375 0.684475434375 0.66453026875 0.6740200109375001 0.691256953125 0.6792171609375 0.70916938125 0.7061950828125 0.7100748328125001 0.7287337296875 0.6844052921875 0.7448589609375 0.639262103125 0.7588837328125 0.6026640171875 0.746767915625 0.57105298125 0.7147191546875 0.5507913421875 0.6837603515625 0.533534684375 0.6803967671875 0.5565173890625
0 0.8006117093749999 0.527754928125 0.8115723828125001 0.49525320156249997 0.8171627359375 0.4622816328125 0.79334263125 0.4252821703125 0.774261284375 0.3959713546875 0.7344096671875 0.3721174296875 0.7123436765625 0.3614580375 0.621726628125 0.33025309062499997 0.6473151109375 0.3470399078125 0.674372484375 0.3625004234375 0.7046997265625 0.3869758828125 0.7213485359375 0.4131642578125 0.7470164734375 0.44450613906249997 0.760727496875 0.4733471140625 0.7626079234375001 0.4982434234375 0.767884528125 0.5307109156250001 0.7842012609375 0.545231746875 0.8006117093749999 0.527754928125
0 0.5374007515625 0.443624875 0.4920524984375 0.4207448703125 0.48248126406249997 0.43736523125 0.5080697468750001 0.4541520484375 0.53109938125 0.46926018281250004 0.570066809375 0.5032204296875 0.6048007296875 0.5237169890625 0.6367231765625 0.5454223890625001 0.6709987046875 0.555695165625 0.6746149140625 0.5298249390625 0.644540296875 0.5024619578125 0.5963805718749999 0.4807907921875 0.5374007515625 0.443624875
0 0.6275410765625 0.3874994328125 0.5936444859375001 0.3728953734375 0.558279003125 0.35961761718749996 0.54006758125 0.366753190625 0.574548875 0.39013727187499997 0.6017325640625 0.40415402812499995 0.627573671875 0.4180533234375 0.6447277328125 0.43846665625 0.6919238156249999 0.45568908124999996 0.7209553359374999 0.4640482546875 0.7490232109375 0.4679586875 0.7309055078125 0.44309661250000004 0.6816558265625 0.41842046406250005 0.6275410765625 0.3874994328125
0 0.3301564390625 0.5084175953125001 0.339049253125 0.5150148625 0.35599754687499996 0.522316890625 0.3690444140625 0.5278227765625 0.37593048906250004 0.5109674937500001 0.3619199796875 0.501012865625 0.3444664328125 0.49948587812499995 0.3257966203125 0.4963976703125 0.3301564390625 0.5084175953125001
0 0.3829612046875 0.5697750578125 0.3647966421875 0.5609118078125 0.34701101875 0.5477172765625 0.35392968593749996 0.5614158828125 0.36903015 0.5743754937500001 0.38375167656250003 0.5916663843750001 0.40543872968750005 0.6066570578125 0.42448748125 0.6054139859375 0.420759225 0.5861752578125 0.42214866406249996 0.5702938921875 0.401172628125 0.56263948125 0.3829612046875 0.5697750578125
0 0.6416167765624999 0.4585618421875 0.63024456875 0.46484096093750005 0.6289994859375 0.47907231250000004 0.635647484375 0.4958646921875 0.6452981734375001 0.4937993953125 0.6450924062500001 0.480688090625 0.643165121875 0.4717906078125 0.6416167765624999 0.4585618421875
0 0.5985421515625 0.40969414843749996 0.5821785609375 0.41117214375 0.5763824421875 0.4310324078125 0.5734772515625 0.464238896875 0.5939480374999999 0.47766834999999996 0.6098063765624999 0.48196539843749997 0.624701075 0.481813703125 0.62692784375 0.47182484062499996 0.6265957656250001 0.460157296875 0.6206407390625001 0.45090743125 0.6154435875 0.432995003125 0.6196444999999999 0.4159048 0.5985421515625 0.40969414843749996
0 0.446091015625 0.4821902734375 0.4579684734375 0.4701361140625 0.46556556406249994 0.46061709375 0.4706038078125 0.44941939062499997 0.46720762968749996 0.4418482078125 0.45294449375 0.43478110000000003 0.4459321078125 0.45308014218750003 0.4416048828125 0.47161410625 0.446091015625 0.4821902734375
1 0.24106534062499999 0.2896754875 0.23909119687499997 0.296776828125 0.24051323125000001 0.3114493546875 0.2412242484375 0.3187856171875 0.23702333593749997 0.335875821875 0.22765786875 0.3656074875 0.21770769375 0.38655913124999997 0.1884561453125 0.4116413671875 0.2252293984375 0.4861443671875 0.3152148828125 0.5245681140625 0.3365229984375 0.5438900703125 0.350739275 0.5669560031249999 0.389959328125 0.5980287296875 0.4243937640625 0.6374116359374999 0.46898414062500005 0.668954203125 0.5030864953124999 0.6966695656249999 0.547045309375 0.7354309375 0.5837065140625 0.76482498125 0.614997396875 0.7937491828125001 0.6477571734375001 0.8213470859375 0.684671003125 0.847853609375 0.6997388734375 0.8302593296874999 0.6936249390625 0.791899334375 0.7141894421874999 0.7733311359374999 0.6749367953125 0.71170451875 0.6898314921875001 0.7115528249999999 0.72541700625 0.691389171875 0.7356198046875 0.6675500078125001 0.753971803125 0.6124179578125 0.7673650140625 0.5830386734374999 0.7887342515625 0.5398090875 0.7925562265625 0.5270501640624999 0.807876721875 0.5065683640625 0.8140986359375001 0.46637799218750003 0.8031522265625 0.452327003125 0.787845996875 0.4262560890625 0.773882346875 0.400302634375 0.7576919281250001 0.38433804375 0.7239216500000001 0.368290225 0.6945580515625001 0.34826350625 0.643334228125 0.3306887 0.6276021984375 0.32494789218750003 0.6034357515625 0.3228336015625 0.5842606859374999 0.325520434375 0.5745305453125 0.3130306671875 0.55636598125 0.3041674171875 0.5372377765625 0.290855425 0.52385883125 0.27368199375 0.5079210359374999 0.25482988125 0.4933258234375 0.2360952296875 0.49119277187500004 0.2140864421875 0.47546074374999997 0.20834563281250001 0.4463355078125 0.231984109375 0.43703116093750005 0.199164234375 0.421425446875 0.191979665625 0.4101001 0.182259959375 0.3850494625 0.190251990625 0.37216150312499996 0.21385623437499998 0.34224579374999997 0.2156033828125 0.3130879625 0.20868796875 0.2931550234375 0.22003736406250002 0.2693206546875 0.22959061875 0.2385207578125 0.24144408906249998 0.2417437625 0.266457859375 0.24316579843750002 0.2811303859375 0.24106534062499999 0.2896754875
