0 0.23098874687499998 0.7537150640625 0.234029440625 0.752076859375 0.23306685 0.7497327671875 0.2294354046875 0.7469180843750001 0.22506028281249998 0.7483209937499999 0.219722571875 0.7473798109375 0.21571928749999997 0.7466739234374999 0.21171600468750001 0.7459680375 0.21000974062500002 0.7478415375 0.2106004921875 0.752294425 0.21497561250000002 0.7508915171874999 0.219350734375 0.7494886078125 0.22468844531249998 0.7504297906249999 0.22831989218749998 0.7532444734375 0.23098874687499998 0.7537150640625
0 0.30037581874999997 0.6333138515625001 0.3083823859375 0.6347256265625 0.314091934375 0.6335580125 0.317132628125 0.6319198078125 0.31654187500000003 0.6274669187499999 0.31291042812500003 0.6246522375 0.3092789828125 0.6218375546875 0.30527570000000004 0.6211316671875 0.30297868125 0.6185522796875 0.3003098265625 0.6180816890624999 0.2946002765625 0.6192493015625 0.29134066875000003 0.6143258234375 0.28792813906250003 0.6180728234374999 0.286812625 0.6243992125 0.2864407875 0.626508009375 0.2870315390625 0.6309608953125 0.2910348234375 0.6316667828125 0.30037581874999997 0.6333138515625001
0 0.43372849531249996 0.548109475 0.43447217031249996 0.5438918828125 0.4321751515625 0.5413124953125 0.43403434062499996 0.5307685156249999 0.43269991250000006 0.5305332203125 0.429878134375 0.5387331078125001 0.4297252125 0.5474035875000001 0.42994412656250003 0.5539652703125 0.43357557187499995 0.5567799546875001 0.43550075312500003 0.5614681375 0.436616265625 0.55514175 0.434319246875 0.5525623625 0.43372849531249996 0.548109475
0 0.3399498859375 0.6663841609375 0.34336241562500003 0.662637159375 0.34714678593750004 0.6567813640625 0.350931153125 0.6509255671874999 0.3543436859375 0.647178565625 0.357756215625 0.6434315640625 0.35983431875 0.63944926875 0.3550873609375 0.6429609734375 0.351674828125 0.6467079734375 0.3499685640625 0.6485814750000001 0.3461841953125 0.654437271875 0.3427716640625 0.6581842734375 0.33898729375 0.6640400703125 0.3338684984375 0.6696605703125 0.3304559671875 0.673407571875 0.3249653328125 0.68113686875 0.321180965625 0.6869926656249999 0.3234779828125 0.6895720515625 0.3265186765625 0.6879338484375 0.32993120781249996 0.6841868468750001 0.332009309375 0.68020455 0.3344592515625 0.6741134578125 0.33787178125 0.6703664578125 0.3399498859375 0.6663841609375
0 0.28368817812499997 0.7825766453125 0.281391159375 0.7799972578125 0.2766442015625 0.7835089625 0.2755286875 0.7898353499999999 0.2734505859375 0.7938176484375 0.2683317890625 0.7994381484375 0.2641755828125 0.807402740625 0.25905678593750003 0.8130232421875 0.2613538046875 0.8156026296875 0.2647663359375 0.8118556296874999 0.26855070312499996 0.8059998328125 0.27233507343749996 0.8001440359374999 0.27708203125 0.7966323296875 0.2785693828125 0.788197146875 0.28368817812499997 0.7825766453125
0 0.2870347171875 0.7635974812499999 0.2864439640625 0.7591445921875 0.2891128203125 0.7596151843750001 0.2898564953125 0.7553975921875 0.2858532109375 0.7546917046875 0.281849928125 0.75398581875 0.2793999875 0.7600769109375001 0.28132516875 0.76476509375 0.282287759375 0.7671091859375 0.2845847765625 0.7696885734375 0.2855473671875 0.7720326640625 0.2862910421875 0.7678150734375 0.2870347171875 0.7635974812499999
0 0.167700825 0.699068475 0.16717606406250002 0.70984775 0.1639824484375 0.7201564359375 0.16553579062499998 0.7269534140625 0.1708735015625 0.727894596875 0.177917478125 0.726962278125 0.1799955828125 0.7229799828125001 0.17540154531250002 0.7178212078125 0.171026425 0.7192241171875 0.1708075109375 0.7126624328125 0.1722948609375 0.7042272484375001 0.170894440625 0.688759790625 0.169341096875 0.6819628109375 0.1660814890625 0.67703933125 0.1662344109375 0.6683688515624999 0.1677217609375 0.6599336671875 0.168837275 0.6536072796875 0.17373715781250001 0.6414250953125 0.177521525 0.6355692984375 0.1807151421875 0.6252606125 0.1738900796875 0.6327546140625 0.1683994453125 0.6404839124999999 0.164462153125 0.6550101875000001 0.162602965625 0.6655541687500001 0.163412634375 0.6765687406249999 0.1645941390625 0.685474515625 0.16651931874999998 0.6901626984375 0.167700825 0.699068475
0 0.16229712031250002 0.682895128125 0.156587571875 0.6840627421875001 0.151249859375 0.683121559375 0.1462839875 0.68007158125 0.139240009375 0.6810038984375 0.13908708593750002 0.6896743796875 0.14346220781250002 0.68827146875 0.150134346875 0.689447946875 0.15510022031249998 0.6924979265625 0.16043793281250002 0.6934391093750001 0.16518489218750002 0.689927403125 0.16229712031250002 0.682895128125
0 0.15175368125 0.7114770906250001 0.1460441328125 0.712644703125 0.1435941921875 0.7187357953125 0.1479693140625 0.7173328875 0.154641453125 0.718509365625 0.1586447359375 0.719215253125 0.1633916953125 0.715703546875 0.15842582031250002 0.71265356875 0.15175368125 0.7114770906250001
0 0.15396376875 0.737959121875 0.1564137109375 0.7318680296875 0.1518196734375 0.726709253125 0.1464819640625 0.7257680703125 0.1424786796875 0.725062184375 0.13751280625 0.72201220625 0.13425319687499998 0.7170887265625 0.1306217515625 0.7142740437499999 0.1277999734375 0.7224739312499999 0.13276584687499998 0.7255239109375 0.1350628640625 0.7281032984375 0.1409913296875 0.7334973687499999 0.1463290390625 0.7344385515625 0.15396376875 0.737959121875
0 0.147093653125 0.691086153125 0.1440529609375 0.6927243562500001 0.145606303125 0.6995213359375 0.1475314828125 0.7042095203125001 0.14775039843749999 0.7107712046875 0.150791090625 0.7091329984375 0.1528691953125 0.705150703125 0.1526502796875 0.69858901875 0.1507251 0.693900834375 0.147093653125 0.691086153125
0 0.1583598296875 0.6974214046875 0.1539847078125 0.6988243140625 0.1542036234375 0.7053859984375 0.15724431562500002 0.7037477937500001 0.162582028125 0.704688975 0.1665853109375 0.7053948625 0.1659945578125 0.700941975 0.1623631125 0.6981272921875 0.1583598296875 0.6974214046875
0 0.27272784843750003 0.7589004328125 0.272137096875 0.75444754375 0.2687245640625 0.7581945453125 0.2659027875 0.766394434375 0.2613747421875 0.7764678234375 0.24860027968749998 0.8177025625000001 0.2543098265625 0.8165349484375 0.25787528125 0.8041174671875 0.26522510312500003 0.785844190625 0.2691623953125 0.7713179140624999 0.27272784843750003 0.7589004328125
1 0.24028786562499999 0.833631746875 0.258379103125 0.8324729984375001 0.2634979 0.8268524984375001 0.268922540625 0.8038910359375 0.27819754531249996 0.7903059421874999 0.2796189015625 0.7666385953125 0.2811931828125 0.7343007671875 0.2734264703125 0.7003158703125 0.2694441234375 0.660475175 0.2455773453125 0.647569375 0.226304603125 0.6398223484375001 0.2074036984375 0.629966525 0.183231075 0.634401684375 0.16958095 0.6493896859375 0.1673499234375 0.6620424625 0.157703084375 0.6777363546874999 0.149762509375 0.69155674375 0.14433786875000001 0.7145182046875 0.13832247343749998 0.7330267765625 0.138760303125 0.7461501453125 0.149435725 0.748032509375 0.17529367812500002 0.7808586578125001 0.1976731046875 0.8021996421875001 0.2086334359375 0.82587585625 0.22278738125 0.839243384375 0.24028786562499999 0.833631746875
1 0.1512079828125 0.7613911734375 0.1516458125 0.774514540625 0.16052804062499998 0.80217305 0.1731946359375 0.8239757624999999 0.19920550937499998 0.8481314296875 0.214999728125 0.8443932937499999 0.21515265156250002 0.8357228140625 0.21093045312499997 0.82845524375 0.20307680781249998 0.8183729890624999 0.19159171875 0.805476053125 0.179515875 0.788126228125 0.164027503125 0.7745234062499999 0.1512079828125 0.7613911734375
