0 0.373134328125 0.6142857140625 0.3663500671875 0.6061224484375 0.3595658078125 0.61020408125 0.3622795109375 0.6326530609375001 0.37177747656250004 0.6408163265625 0.3758480328125 0.6265306125000001 0.373134328125 0.6142857140625
1 0.767978290625 0.502040815625 0.800542740625 0.4857142859375 0.82632293125 0.4755102046875 0.8466757125000001 0.4612244890625 0.8575305296875 0.4387755109375 0.837177746875 0.41020408125 0.8113975578125 0.3857142859375 0.784260515625 0.3795918375 0.7571234734375001 0.3775510203125 0.72998643125 0.3775510203125 0.70556309375 0.3734693875 0.6987788328125 0.4326530609375 0.7327001359375 0.47142857187500004 0.7530529171875 0.497959184375 0.767978290625 0.502040815625
0 0.2767978296875 0.5040816328125 0.30122116718749997 0.5204081625 0.336499321875 0.546938775 0.360922659375 0.5387755109375 0.348710990625 0.508163265625 0.3256445046875 0.491836734375 0.29850746250000004 0.47346938749999995 0.27272727343750003 0.4571428578125 0.25101763906249996 0.44897959218750005 0.252374490625 0.48979591874999995 0.26187245625 0.497959184375 0.2767978296875 0.5040816328125
0 0.252374490625 0.497959184375 0.2496607875 0.4693877546875 0.24559023125 0.446938775 0.21845318906250002 0.444897959375 0.22252374531250002 0.46326530625 0.23609226562500002 0.4795918375 0.24423337812499998 0.4938775515625 0.252374490625 0.497959184375
0 0.241519675 0.5265306125 0.23609226562500002 0.5204081625 0.2293080046875 0.5244897953125001 0.23066485781249998 0.5387755109375 0.23744911875 0.546938775 0.24559023125 0.546938775 0.241519675 0.5265306125
1 0.2835820890625 0.5775510203125 0.31071913125 0.5938775515625 0.3310719125 0.6040816328124999 0.3337856171875 0.5755102046875 0.360922659375 0.553061225 0.356852103125 0.5040816328125 0.32428765312499996 0.4775510203125 0.2971506109375 0.45510204062500004 0.252374490625 0.4387755109375 0.256445046875 0.5265306125 0.2632293078125 0.56326530625 0.2835820890625 0.5775510203125
1 0.2578019 0.553061225 0.25373134375 0.534693878125 0.25101763906249996 0.5122448984375 0.2388059703125 0.497959184375 0.2265943015625 0.5 0.219810040625 0.5244897953125001 0.22795115312499997 0.5387755109375 0.24423337812499998 0.5489795921875 0.2578019 0.553061225
1 0.4002713703125 0.6265306125000001 0.405698778125 0.6408163265625 0.4138398921875 0.628571428125 0.4206241515625 0.5877551015625 0.4260515609375 0.555102040625 0.4246947078125 0.5244897953125001 0.42333785625000003 0.49591836718750004 0.4043419265625 0.502040815625 0.40298507499999997 0.5306122453125 0.4002713703125 0.5795918375 0.4002713703125 0.6265306125000001
0 0.4084124828125 0.5959183671875 0.41519674375 0.5775510203125 0.4206241515625 0.5591836734375 0.4192673 0.5367346937499999 0.4179104484375 0.5224489796875 0.4138398921875 0.5142857140625 0.4084124828125 0.5142857140625 0.4138398921875 0.5387755109375 0.4111261875 0.5693877546875 0.40705563125 0.5897959187499999 0.4084124828125 0.5959183671875
1 0.534599728125 0.6326530609375001 0.55223880625 0.6612244890625 0.5617367703125 0.691836734375 0.5725915875 0.71020408125 0.594301221875 0.702040815625 0.6282225234375 0.6959183671875 0.6567164171875 0.6938775515625 0.67299864375 0.68367346875 0.68113975625 0.6408163265625 0.679782903125 0.6 0.6689280875 0.5612244890625 0.66485753125 0.5306122453125 0.663500678125 0.51632653125 0.647218453125 0.5040816328125 0.6037991859375 0.48979591874999995 0.5780189953125 0.47142857187500004 0.5549525109375 0.4591836734375 0.53595658125 0.4693877546875 0.5210312078125 0.48979591874999995 0.5142469468749999 0.5265306125 0.5033921296874999 0.565306121875 0.5074626859375 0.5795918375 0.51967435625 0.6 0.534599728125 0.6326530609375001
