0 0.8281407359375 0.609986159375 0.8218753609375 0.6094380109374999 0.8200402765625 0.6159807671875 0.8249070749999999 0.6180823828124999 0.8294828703125001 0.623510190625 0.8332420953125 0.62383908125 0.837001321875 0.6241679703125 0.8410515500000001 0.6211706671874999 0.8378743343749999 0.6141893921875 0.8330075359375 0.6120877765625 0.8281407359375 0.609986159375
0 0.8716835312500001 0.6607187921875 0.8690318796875 0.662162628125 0.8673422984375 0.6670422890625 0.8681588671875 0.6721412078125 0.8730256656250001 0.674242821875 0.8748607484375001 0.6677000671875 0.8752972546875 0.662710778125 0.8716835312500001 0.6607187921875
0 0.66437421875 0.4180208796875 0.6649562265625 0.41136849375000006 0.66148800625 0.40771341093749996 0.6549316265625 0.41049145468750003 0.6530965421875 0.41703421093750004 0.653767609375 0.42379622499999997 0.6528945968750001 0.4337748046875 0.6573248890625 0.44086570937499997 0.659305475 0.4326598578125 0.6635012062500001 0.4279994578125 0.663792209375 0.4246732640625 0.66437421875 0.4180208796875
0 0.664228715625 0.419683975 0.6724182328125 0.42710377031249996 0.6821518296875 0.431307003125 0.691594421875 0.43883642500000003 0.6986763671875 0.44448349531250003 0.696081159375 0.430849834375 0.6780125421875 0.4208899046875 0.6695320203125 0.4167963015625 0.664228715625 0.419683975
0 0.16438847031249998 0.30221727187499997 0.1660780515625 0.29733761406250003 0.161211253125 0.295235996875 0.158705103125 0.2950167375 0.154800375 0.29635094375 0.15812309375 0.3016691234375 0.16438847031249998 0.30221727187499997
0 0.12362778593749998 0.36400839218750003 0.1212671375 0.3621260375 0.1206851296875 0.368778421875 0.12024862343750001 0.3737677109375 0.11841354062500001 0.380310465625 0.1206286875 0.38385591875 0.12357134375 0.3790858890625 0.12400785 0.3740966015625 0.12319127968750002 0.36899768125 0.12362778593749998 0.36400839218750003
0 0.8131640046875 0.1461478609375 0.8346117843749999 0.146348471875 0.8524458390625 0.144557096875 0.8635780125 0.14720686249999998 0.86564765625 0.1524154109375 0.8706599578124999 0.15285393125 0.8800134906249999 0.1469689546875 0.8819940765625001 0.138763103125 0.8799244328125001 0.1335545546875 0.8707164000000001 0.137776434375 0.862906946875 0.140444846875 0.8516292703125 0.139458178125 0.8314345671875 0.1393671984375 0.8201568921875 0.1383805296875 0.8051199890625 0.1370649703125 0.7984181078125 0.1415061109375 0.8131640046875 0.1461478609375
0 1 0.1668557578125 0.9972205421875 0.163926546875 0.9913916734375 0.158389109375 0.9902840984375001 0.1566163828125 0.9905186609375001 0.1683676875 0.9930248109375001 0.168586946875 1 0.17243186875 1 0.1668557578125
0 0.29995261093750003 0.066055334375 0.3049649109375 0.066493853125 0.30178769375000003 0.05951257812500001 0.2928706671875 0.060408265625 0.2877128640625 0.0616328421875 0.291181084375 0.065287925 0.29995261093750003 0.066055334375
0 0.89918089375 0.08664031875 0.9012505390625 0.0918488671875 0.9029401187499999 0.086969209375 0.8997629015624999 0.079987934375 0.9024145546875 0.078544096875 0.9028510609374999 0.073554809375 0.9057937171875 0.06878477968749999 0.908590871875 0.065677846875 0.9063757265625 0.06213239375 0.9012179234375 0.06335697031250001 0.8996738437499999 0.0665735328125 0.8992373375 0.071562821875 0.8994718984375 0.08331412656250001 0.89918089375 0.08664031875
1 0.1894851875 0 0.18545365625000002 0.0325764078125 0.1745886578125 0.0701698453125 0.170167153125 0.13514023125000002 0.1913803703125 0.1235895390625 0.208979865625 0.110046859375 0.215245240625 0.110595009375 0.24782519218750002 0.1134453859375 0.265513746875 0.11331710625 0.2666451484375 0.0715204390625 0.2777447078125 0.04567830625 0.2723197296875 0.0066596828125 0.25381460625 0.0016890421874999999 0.21800099374999998 0.0069348875 0.1966542453125 0 0.1894851875 0
0 0.6448919828124999 0.525245103125 0.6529033828124999 0.5058360953125 0.656047984375 0.48432547187499997 0.64573238125 0.4867746265625 0.6448593687499999 0.4967532046875 0.63612045625 0.52447769375 0.6355384484375 0.531130078125 0.6441644734375 0.533560584375 0.6448919828124999 0.525245103125
1 0.16173681875 0.3036611078125 0.1681476953125 0.30254616093750003 0.1795708734375 0.301869734375 0.1904684875 0.2927681953125 0.1921580671875 0.28788853593749997 0.192885578125 0.27957305468750004 0.1835558734375 0.2418886375 0.1692138671875 0.2037657 0.16195380625 0.17128983125 0.14880843125 0.1483540203125 0.12637475468749998 0.1882869796875 0.11262354375000001 0.21557294843750002 0.10595427500000001 0.2485059859375 0.10310067812499998 0.266690415625 0.1182266375 0.2814203734375 0.1328270328125 0.287725221875 0.144775775 0.29547390625 0.16173681875 0.3036611078125
0 0.8954656 0.44661788593749996 0.8892002234374999 0.44606973749999995 0.884187925 0.4456312171875 0.8809542640625001 0.4537274390625 0.8833149125 0.45560979531249995 0.8945925875 0.45659646406250004 0.9061612671875 0.454256940625 0.9053446984375 0.4491580203125 0.8954656 0.44661788593749996
1 0.12878558906249998 0.362783815625 0.12103257812499998 0.3503747328125 0.11024785156250001 0.329321278125 0.10293134687500001 0.31192290625 0.09156461406250001 0.2975218359375 0.0905460984375 0.309163509375 0.094103378125 0.3262329921875 0.1067231859375 0.3407436921875 0.11456525625 0.3665671765625 0.12048318437500001 0.385519015625 0.1270395640625 0.382740971875 0.12878558906249998 0.362783815625
1 0.5259389078125001 0.528244665625 0.5436512890625 0.48454699375 0.5417509765624999 0.434105953125 0.5381610828125 0.38854457343750004 0.5108192046875 0.3258227296875 0.4820223046875 0.2797318484375 0.4416002828125 0.2510579890625 0.43927225 0.2776675296875 0.41549643906249994 0.304076459375 0.35916450312500003 0.28406561875 0.32856513593750003 0.273009390625 0.359868184375 0.31931953125 0.40967635625 0.37060031250000003 0.4201136328125 0.41005745625 0.4355067703125 0.46503061562500003 0.45992981874999994 0.488953096875 0.4721457375 0.53694498125 0.499802446875 0.5527712375 0.5259389078125001 0.528244665625
1 0.565987121875 0.359138340625 0.5982522421875001 0.4088843046875 0.61154311875 0.43015701875 0.63934533125 0.4443201796875 0.66388126875 0.438087665625 0.674746265625 0.400494228125 0.6431522140625 0.35751028125 0.6022372421875 0.34890320625000004 0.565987121875 0.359138340625
1 0.061725371875000004 0.3066420234375 0.0629220015625 0.32182915 0.07428873750000001 0.33623021875000003 0.0910152203125 0.33266611875 0.0921792359375 0.3193613484375 0.0905460984375 0.309163509375 0.07734428125000001 0.301305196875 0.07343955468749999 0.30263940312500004 0.061725371875000004 0.3066420234375
1 0.29815570625 0 0.2933071734375 0.055418978125 0.2762094140625 0.12095616093749999 0.35078808281249996 0.17775573125 0.4353675234375 0.2790017375 0.49986514687500005 0.35000176562499996 0.531046521875 0.3544056078125 0.5026535140624999 0.274833540625 0.44957906875000003 0.20315708593749998 0.408946315625 0.1191625265625 0.44653856718749996 0.122451421875 0.5254822984375 0.1293581046875 0.5970204671875 0.1054520125 0.610973621875 0.061425450000000006 0.5927268906250001 0.0246367203125 0.543331396875 0.01193604375 0.456432709375 0.009360871875 0.392664003125 0 0.29815570625 0
0 0.52032955625 0.650089215625 0.5193674859375 0.6466533937500001 0.51619026875 0.63967211875 0.514355184375 0.6462148734375 0.5162793265625 0.65308651875 0.5177669625 0.664947453125 0.5171849546875 0.6715998375 0.523304828125 0.673811084375 0.5252854140625 0.6656052328125 0.524614346875 0.6588432171874999 0.5225447015625 0.65363466875 0.52032955625 0.650089215625
0 0.47991632031250003 0.6934766484375 0.4802963828125 0.7035648546875 0.4827460890625 0.7188616125 0.48804939375 0.7159739390625 0.48670726093749994 0.7024499078125 0.482713475 0.6903697140625 0.47871968750000005 0.6782895203125 0.47991632031250003 0.6934766484375
1 0.9971992421874999 0.467249209375 0.6504361046875 0.3464167546875 0.6297986390625 0.5390070390624999 0.9702725734375001 0.7028607375 0.9971992421874999 0.467249209375
