1 0.7503526093749999 0.5333333328125 0.747531734375 0.5259259265625 0.6897038078125 0.4888888890625 0.66854725 0.48518518593750004 0.6600846265625 0.5240740734375 0.6755994359375 0.5240740734375 0.70239774375 0.5314814812499999 0.7503526093749999 0.5333333328125
1 0.7644569812500001 0.43518518593750005 0.747531734375 0.4203703703125 0.716502115625 0.4129629625 0.6784203109375 0.43333333281249997 0.6459802531250001 0.45185185156249996 0.648801128125 0.46481481406249997 0.7009873062499999 0.47592592656250005 0.732016925 0.46666666718750005 0.7545839203125 0.45 0.7644569812500001 0.43518518593750005
1 0.819464034375 0.50555555625 0.818053596875 0.490740740625 0.7926657265625 0.46666666718750005 0.7715091671875001 0.459259259375 0.7644569812500001 0.49444444374999996 0.7926657265625 0.5129629625 0.8124118484375 0.5111111109375 0.819464034375 0.50555555625
1 0.732016925 0.6425925921875 0.747531734375 0.640740740625 0.7447108609375 0.6333333328124999 0.719322990625 0.6203703703125 0.716502115625 0.627777778125 0.720733428125 0.640740740625 0.732016925 0.6425925921875
1 0.70239774375 0.6370370375000001 0.7108603671875 0.6425925921875 0.719322990625 0.640740740625 0.7150916781250001 0.63148148125 0.7009873062499999 0.6129629624999999 0.6911142453125 0.6148148140624999 0.6953455578125001 0.6259259265625 0.70239774375 0.6370370375000001
1 0.6897038078125 0.6425925921875 0.7009873062499999 0.640740740625 0.685472496875 0.6240740734375 0.6671368125 0.6166666671875001 0.665726375 0.6203703703125 0.6727785609375 0.640740740625 0.6897038078125 0.6425925921875
1 0.6600846265625 0.622222221875 0.6417489421875 0.6148148140624999 0.63046544375 0.6148148140624999 0.650211565625 0.6333333328124999 0.6643159375 0.6388888890625 0.66854725 0.6333333328124999 0.6600846265625 0.622222221875
1 0.83215796875 0.46481481406249997 0.8236953453125 0.47222222187499996 0.8222849078125 0.48148148125 0.8279266578125 0.49444444374999996 0.8377997171875 0.48333333281249996 0.8406205921875 0.4703703703125 0.83215796875 0.46481481406249997
1 0.8462623406249999 0.45370370312499997 0.8307475312499999 0.43148148124999997 0.7997179125 0.4018518515625 0.7842031031250001 0.3925925921875 0.7771509171875 0.3981481484375 0.8025387875 0.427777778125 0.8307475312499999 0.4574074078125 0.8434414671875 0.46481481406249997 0.8462623406249999 0.45370370312499997
1 0.581100140625 0.6018518515625 0.6022567 0.6074074078125 0.6290550078125 0.6111111109375 0.6064880109375 0.559259259375 0.59661495 0.559259259375 0.579689703125 0.58148148125 0.581100140625 0.6018518515625
1 0.785613540625 0.5111111109375 0.76868829375 0.5018518515625 0.7644569812500001 0.509259259375 0.76304654375 0.5370370375 0.781382228125 0.5351851859375001 0.7926657265625 0.527777778125 0.785613540625 0.5111111109375
1 0.8293370937500001 0.6740740734374999 0.7884344140625 0.7148148140624999 0.7235543015625 0.7259259265625 0.7235543015625 0.7370370375 0.779971790625 0.7481481484375 0.8025387875 0.740740740625 0.83215796875 0.6870370375 0.8293370937500001 0.6740740734374999
1 0.4781382234375 0.5351851859375001 0.50352609375 0.5425925921875 0.514809590625 0.546296296875 0.5331452750000001 0.5314814812499999 0.5387870234375 0.5166666671875 0.5049365296875 0.49629629687500004 0.4555712265625 0.4796296296875 0.4626234125 0.49444444374999996 0.44851904062500003 0.5259259265625 0.4555712265625 0.5351851859375001 0.4781382234375 0.5351851859375001
1 0.5430183359375 0.56851851875 0.5627644562499999 0.56851851875 0.5782792671875 0.5611111109375 0.586741890625 0.5370370375 0.5712270796875 0.5240740734375 0.552891396875 0.5259259265625 0.5401974609375 0.5296296296875 0.519040903125 0.5518518515624999 0.5430183359375 0.56851851875
1 0.581100140625 0.577777778125 0.5768688296875 0.56851851875 0.5543018328125 0.58148148125 0.56417489375 0.5944444437499999 0.5782792671875 0.5888888890625 0.581100140625 0.577777778125
1 0.7715091671875001 0.4148148140625 0.7559943578125 0.41111111093749997 0.7503526093749999 0.4129629625 0.7602256703125 0.43148148124999997 0.7771509171875 0.43148148124999997 0.779971790625 0.4240740734375 0.7715091671875001 0.4148148140625
