0 0.6868044515625 0.5159235671875 0.6820349765625 0.518046709375 0.6772655015625 0.5201698515625 0.6836248015625 0.52229299375 0.6899841015625 0.5201698515625 0.6868044515625 0.5159235671875
0 0.6963434015625001 0.53927813125 0.6931637515625 0.5371549890625 0.6852146265625 0.5477706999999999 0.6868044515625 0.5498938421874999 0.6899841015625 0.5456475578125 0.6963434015625001 0.53927813125
0 0.8251192375 0.437367303125 0.8171701109375 0.4501061578125 0.8267090625 0.44798301562500004 0.8346581875 0.43312101875 0.8251192375 0.437367303125
0 0.8473767890625 0.41613588124999995 0.8394276625 0.42250530781249995 0.8314785375 0.42250530781249995 0.8362480124999999 0.43312101875 0.8410174874999999 0.428874734375 0.8473767890625 0.41613588124999995
1 0.7106518281249999 0.4968152859375 0.704292528125 0.518046709375 0.707472178125 0.5562632703125 0.712241653125 0.5753715500000001 0.709062003125 0.6199575375 0.7201907796875 0.6454352437499999 0.75516693125 0.6135881109375 0.783783784375 0.5859872609375001 0.8139904609374999 0.5774946921875 0.8219395859375 0.53927813125 0.8314785375 0.45222930000000006 0.8282988874999999 0.3906581734375 0.8060413359374999 0.36518046718749997 0.7758346578124999 0.37791932031250003 0.74403815625 0.41401273906249997 0.7233704296875 0.456475584375 0.7106518281249999 0.4968152859375
1 0.9030206671875 0.4670912953125 0.9125596187499999 0.43312101875 0.9252782187499999 0.39915074375000004 0.90937996875 0.37154989375 0.8982511921875 0.36518046718749997 0.869634340625 0.375796178125 0.8346581875 0.4012738859375 0.8362480124999999 0.45859872656249995 0.8235294124999999 0.501061571875 0.8235294124999999 0.5647558390625 0.8871224171875 0.526539278125 0.8950715421875 0.501061571875 0.9030206671875 0.4670912953125
1 0.699523053125 0.5074309984375 0.6883942765625 0.513800425 0.6915739265624999 0.5201698515625 0.6979332281249999 0.526539278125 0.699523053125 0.5074309984375
1 0.701112878125 0.554140128125 0.6852146265625 0.5562632703125 0.6868044515625 0.571125265625 0.6931637515625 0.5817409765625 0.701112878125 0.5690021234375 0.701112878125 0.554140128125
1 0.6883942765625 0.6666666671875 0.699523053125 0.6624203828125 0.6947535765625 0.636942675 0.6963434015625001 0.6093418265625 0.701112878125 0.5923566874999999 0.6883942765625 0.58386411875 0.6836248015625 0.607218684375 0.6772655015625 0.636942675 0.6883942765625 0.6666666671875
0 0.790143084375 0.4968152859375 0.788553259375 0.49256900156250005 0.782193959375 0.49256900156250005 0.7790143078125 0.49469214375000004 0.7758346578124999 0.49893842812500006 0.7774244828125 0.501061571875 0.782193959375 0.4968152859375 0.785373609375 0.4968152859375 0.790143084375 0.4968152859375
0 0.8108108109375 0.554140128125 0.8076311609375001 0.5583864125 0.801271859375 0.5647558390625 0.7949125593749999 0.5732484078125 0.8028616859375 0.571125265625 0.8108108109375 0.5647558390625 0.8108108109375 0.554140128125
0 0.7233704296875 0.501061571875 0.7249602546875 0.50530785625 0.7329093796875 0.50530785625 0.7329093796875 0.501061571875 0.7297297296874999 0.49893842812500006 0.7233704296875 0.501061571875
0 0.8060413359374999 0.501061571875 0.8108108109375 0.49893842812500006 0.8028616859375 0.49469214375000004 0.798092209375 0.4968152859375 0.8028616859375 0.501061571875 0.8060413359374999 0.501061571875
0 0.8124006359375 0.46284501093749997 0.8124006359375 0.46921443749999997 0.8155802859374999 0.46921443749999997 0.8171701109375 0.46284501093749997 0.8139904609374999 0.46072186875 0.8124006359375 0.46284501093749997
