1 0.4739393953125 0.5703595546875 0.43259914374999997 0.587069696875 0.437284803125 0.5976984812499999 0.44301674531249996 0.6037953125 0.45201267031250003 0.60348543125 0.46544399218750004 0.599426034375 0.48044474062500003 0.5885687093749999 0.475235940625 0.5802058999999999 0.4739393953125 0.5703595546875
0 0.8459458312500001 0.6753380390625 0.85309945 0.698470365625 0.8573870984375 0.718554275 0.8622205062500001 0.705349634375 0.8555900296875001 0.6799513312500001 0.843477871875 0.6628344953124999 0.8459458312500001 0.6753380390625
0 0.7811320484375 0.7009494109375 0.8013415984375 0.6984548921875 0.8014667281250001 0.705644040625 0.80824495625 0.7072089171875 0.8073464203125 0.6879074453125 0.7793123609375 0.6933690421875001 0.7811320484375 0.7009494109375
0 0.7759006296875001 0.7236091796874999 0.7700209375 0.741345775 0.7812345609375 0.7391611375 0.7848965546875 0.7232992984375 0.796383059375 0.7044703828125 0.7778680671875 0.7073561234375 0.7759006296875001 0.7236091796874999
0 0.7538487734375 0.7495459062500001 0.7529502406249999 0.7302444343750001 0.756612234375 0.7143825953125 0.7653578984375 0.6996944140625 0.751278303125 0.6988306375 0.7439769328125 0.6995317390625 0.7407129515624999 0.70593845 0.74644489375 0.7120352796875 0.743431171875 0.732820290625 0.74094059375 0.7513393265625 0.748890234375 0.7555613984375 0.7538487734375 0.7495459062500001
0 0.6397903375 0.7256001953125 0.61788623125 0.7277034953125 0.61970591875 0.7352838640625 0.6287018453125001 0.7349739843750001 0.6416100250000001 0.7331805640625 0.6545182046875 0.7313871453125 0.6662549703125 0.7269365296875 0.6560876312499999 0.7245892140625 0.6397903375 0.7256001953125
0 0.68646451875 0.7244420109374999 0.6762971796875 0.7220946953125 0.6679495281250001 0.7273277484375 0.6676766468750001 0.7439720265624999 0.687237921875 0.736554334375 0.68646451875 0.7244420109374999
0 0.6590787328125 0.7348267796875 0.6444759953125 0.7362289796875 0.6191827765625 0.7375498406250001 0.5994963703125 0.7377783828125 0.5968806609375 0.7491082687499999 0.6182616234375 0.7492709453125 0.6362534734375 0.7486511828125 0.649684796875 0.7445917875 0.6590787328125 0.7348267796875
0 0.5934116546875 0.6790915265625 0.5866334281250001 0.67752665 0.578911428125 0.718705453125 0.5839951 0.7198791109375 0.5934116546875 0.6790915265625
0 0.5123005796875 0.7057138796875 0.5172591171875001 0.6996983875 0.5159625734375 0.6898520421875001 0.51140204375 0.68641240625 0.50983261875 0.6932103374999999 0.5123005796875 0.7057138796875
0 0.503702665625 0.6965686343749999 0.5039529265625 0.710946934375 0.5095597374999999 0.7098546140625001 0.5082631921874999 0.70000826875 0.5091843468749999 0.6882871640625 0.5024061203125 0.6867222875000001 0.503702665625 0.6965686343749999
0 0.670087334375 0.6562186890625 0.662785965625 0.6569197890625 0.662387953125 0.666374915625 0.6691661796874999 0.6679397921875 0.670087334375 0.6562186890625
0 0.6264042546875 0.6676144374999999 0.62393629375 0.6551108953125 0.6307145203125 0.6566757734374999 0.63111253125 0.6472206468749999 0.6192506343749999 0.6444821125 0.6191028859375 0.6683155375000001 0.6264042546875 0.6676144374999999
0 0.568175709375 0.7806692671875 0.5677776984375 0.7901243953125 0.5767736218749999 0.7898145140625 0.57600021875 0.777702190625 0.568175709375 0.7806692671875
0 0.4367963140625 0.731243915625 0.4232398609375 0.7281141609375 0.42505954843750005 0.7356945296874999 0.43692144375 0.7384330640625001 0.4367963140625 0.731243915625
0 0.45660785156249994 0.7382045234375 0.4447459546875 0.7354659875 0.44317652812499997 0.74226391875 0.45451528437500005 0.7472684296875001 0.45660785156249994 0.7382045234375
0 0.4845393984375 0.6945312 0.4789325875 0.69562351875 0.48386850781249996 0.7206306031249999 0.4877807625 0.719147065625 0.4845393984375 0.6945312
1 0.40122120937499994 0.5297037015625 0.392077534375 0.553847009375 0.4061571296875 0.5547107859375 0.4145047828125 0.5494777328125 0.42663955937500003 0.535571990625 0.4370797796875 0.521275028125 0.44283434218749995 0.4963492828125 0.42327306406250004 0.503766975 0.40122120937499994 0.5297037015625
1 0.3640887140625 0.49726345156249996 0.36837636093750004 0.5173473640624999 0.37670139375 0.5431368859375 0.3898598359375 0.555721765625 0.394044971875 0.53759395 0.38846077968750004 0.50766369375 0.374403803125 0.475777340625 0.3640887140625 0.49726345156249996
0 0.3856747 0.57384958125 0.38816527968750003 0.5553305468749999 0.384378153125 0.5640032359375 0.3856747 0.57384958125
0 0.3918046546875 0.5704912859375 0.39272580625 0.55877018125 0.3916795234375 0.563302134375 0.3918046546875 0.5704912859375
0 0.76050186875 0.7439216328125 0.7494133765625001 0.753295421875 0.7680534984375 0.757598834375 0.76050186875 0.7439216328125
1 0.7676660734375 0.57372935 0.7753654531249999 0.5635731234375 0.7764117359375 0.5590411703125 0.7751151921874999 0.5491948234375 0.7525628125 0.5463749515625 0.7333995484375 0.5443375171875 0.7165791125000001 0.5476144749999999 0.7099260171874999 0.553238746875 0.726871584375 0.5571509390625 0.741076309375 0.565203865625 0.7518919203125 0.5724743546875 0.7676660734375 0.57372935
