0 0.5078431375 0.3443526171875 0.521568628125 0.31129476562499997 0.5294117640625 0.286501378125 0.517647059375 0.30578512343750003 0.5117647062499999 0.3250688703125 0.5 0.3553719015625 0.490196078125 0.3829201109375 0.486274509375 0.413223140625 0.49607843125000006 0.3829201109375 0.5078431375 0.3443526171875
0 0.5490196078125 0.5096418734375 0.5450980390625 0.4820936640625 0.5235294125000001 0.4655647390625 0.5235294125000001 0.47658402187500004 0.5392156859375 0.4931129484375 0.5470588234375 0.5179063359375 0.5529411765625001 0.548209365625 0.5627450984375 0.5564738296875 0.5568627453125 0.5289256203125 0.5490196078125 0.5096418734375
0 0.7450980390625 0.2892561984375 0.7313725484375 0.28374655625 0.7176470593750001 0.2782369140625 0.705882353125 0.2699724515625 0.70392156875 0.27548209375 0.7098039218750001 0.2809917359375 0.7235294125 0.2892561984375 0.7333333328125 0.2892561984375 0.7431372546875 0.294765840625 0.7568627453125 0.29752066093749996 0.7450980390625 0.2892561984375
0 0.784313725 0.7190082640625 0.7686274515625 0.7190082640625 0.7568627453125 0.7217630859375 0.7588235296875 0.7327823687499999 0.7745098046875001 0.7327823687499999 0.7921568625 0.7272727265625 0.813725490625 0.72451790625 0.815686275 0.71625344375 0.8039215687500001 0.71625344375 0.784313725 0.7190082640625
1 0.30196078437499996 0.523415978125 0.35490196093750004 0.48760330625000003 0.4607843140625 0.40220385625 0.5333333328125 0.28374655625 0.4372549015625 0.29752066093749996 0.3470588234375 0.36914600625 0.282352940625 0.424242425 0.30196078437499996 0.523415978125
1 0.6431372546875 0.28374655625 0.5490196078125 0.2892561984375 0.5274509796875 0.30578512343750003 0.5117647062499999 0.3553719015625 0.5411764703124999 0.38567493124999996 0.5705882359375 0.3305785125 0.6450980390625001 0.3305785125 0.7235294125 0.3002754828125 0.6431372546875 0.28374655625
1 0.713725490625 0.4738292015625 0.7274509796874999 0.41873278281250004 0.7450980390625 0.42975206562499996 0.778431371875 0.5068870515625 0.8 0.5013774109375 0.8274509796875 0.4820936640625 0.8254901953125 0.396694215625 0.7921568625 0.39393939375000003 0.7588235296875 0.3553719015625 0.7235294125 0.3278236921875 0.6980392156249999 0.3553719015625 0.6607843140624999 0.41597796093749995 0.6 0.413223140625 0.5470588234375 0.424242425 0.5392156859375 0.4490358125 0.5509803921875001 0.5041322312500001 0.5725490203125 0.52066115625 0.6078431375 0.531680440625 0.6529411765625001 0.531680440625 0.7 0.5068870515625 0.713725490625 0.4738292015625
1 0.517647059375 0.531680440625 0.5294117640625 0.424242425 0.5117647062499999 0.3911845734375 0.4764705875 0.41597796093749995 0.4607843140625 0.4710743796875 0.4647058828125 0.51239669375 0.48235294062499995 0.539944903125 0.517647059375 0.531680440625
1 0.8235294124999999 0.40220385625 0.8254901953125 0.3278236921875 0.8313725484375001 0.2782369140625 0.794117646875 0.25895316875 0.7627450984374999 0.27272727343750003 0.7568627453125 0.303030303125 0.8235294124999999 0.40220385625
1 0.5588235296875 0.70798898125 0.4647058828125 0.74104683125 0.3764705875 0.768595040625 0.3705882359375 0.862258953125 0.5352941171875 0.8595041328124999 0.694117646875 0.878787878125 0.7352941171875 0.7878787875000001 0.5588235296875 0.70798898125
