0 0.10484194531249999 0.45239040781249995 0.1068822375 0.45471053125000005 0.108056659375 0.45489654062499996 0.1098481796875 0.45118634375 0.10780788593749999 0.448866221875 0.10576759375 0.446546096875 0.10137845625 0.4438539546875 0.09433192968750001 0.44273789375000006 0.088459821875 0.44180784375000004 0.08524510625000001 0.43930171093750003 0.080547421875 0.43855767031250004 0.0767156078125 0.4399477421875 0.0728837953125 0.441337815625 0.0775814796875 0.4420818546875 0.0819706171875 0.44477399999999995 0.0869768515625 0.44356993593749994 0.090500115625 0.444127965625 0.0951978 0.44487200624999995 0.098412515625 0.447378140625 0.1016272296875 0.4498842734375 0.10484194531249999 0.45239040781249995
0 0.189577859375 0.6774903578125 0.1880351125 0.6872308734375 0.186800915625 0.6950232859375001 0.1873582390625 0.6991055015625001 0.186741140625 0.703001709375 0.1896473046875 0.7074559453125 0.1911900515625 0.6977154296875 0.190941278125 0.6916851109375 0.191866925 0.6858408 0.191677928125 0.67183205625 0.1923548015625 0.659957428125 0.1935889984375 0.6521650140624999 0.192165803125 0.645948684375 0.19099138124999998 0.6457626750000001 0.1877766671875 0.6432565421875001 0.190742609375 0.6397323562499999 0.19253412812499998 0.6360221593750001 0.19574884374999998 0.6385282921875 0.198714784375 0.63500410625 0.19580861875 0.6305498703125 0.1967342671875 0.6247055593749999 0.1976599140625 0.6188612499999999 0.1956196203125 0.6165411265625 0.19623671874999998 0.6126449203125001 0.1944452 0.6163551171874999 0.193519553125 0.6221994265624999 0.1929024546875 0.6260956328125 0.1914194828125 0.6278577249999999 0.19203658125 0.62396151875 0.1899962875 0.6216413953125 0.18764744687499998 0.621269375 0.18412418125000002 0.6207113453125 0.1816557875 0.6362961703125001 0.182461884375 0.6464087078125 0.1809191375 0.656149225 0.1867912453125 0.657079275 0.189757184375 0.6535550875 0.189697409375 0.6615335109375 0.1884632125 0.6693259234375 0.189577859375 0.6774903578125
0 0.1809692421875 0.6102267890624999 0.183009534375 0.6125469109375 0.18356685781249998 0.616629128125 0.18591570156249998 0.6170011484375 0.1859754765625 0.6090227265625 0.18393518281250001 0.606702603125 0.18072046875 0.6041964703125 0.1809692421875 0.6102267890624999
0 0.212379740625 0.655141175 0.21299683906250003 0.65124496875 0.212439515625 0.647162753125 0.20774183124999998 0.6464187124999999 0.2033526953125 0.64372656875 0.198655009375 0.642982528125 0.2036014671875 0.6497568874999999 0.20712473281250002 0.65031491875 0.20768205625 0.6543971359375 0.20706495781249998 0.6582933421875 0.21145409218750003 0.6609854859375 0.213802934375 0.66135750625 0.2155944546875 0.6576473093749999 0.212379740625 0.655141175
0 0.2247507234375 0.69104908125 0.227408115625 0.6894729984375 0.23006550625000002 0.687896915625 0.233339996875 0.682424625 0.2363059375 0.6789004390625 0.23160825312500002 0.6781563984375001 0.229876509375 0.6738881734375 0.2191774953125 0.6502269171874999 0.22319830624999998 0.6628455875 0.22548737187499998 0.6711960296874999 0.2280849890625 0.67759836875 0.22394462656249997 0.6809365453125 0.2204213625 0.680378515625 0.21832129375 0.686036815625 0.21887861718749999 0.69011903125 0.2247507234375 0.69104908125
0 0.2581918421875 0.7003395796875 0.252936834375 0.6955133234375 0.2473732765625 0.6926351703125 0.249164796875 0.6889249734375 0.24860747343749998 0.68484275625 0.24273536718750002 0.68391270625 0.237112034375 0.6890129765624999 0.23414609375 0.6925371609375001 0.22827398593749998 0.6916071109375 0.22586536875 0.699213515625 0.23142892656249997 0.7020916671874999 0.234952190625 0.7026496984375 0.240824296875 0.7035797484375 0.247870825 0.704695809375 0.256091775 0.7059978796874999 0.2581918421875 0.7003395796875
0 0.3867725125 0.5269984125 0.387021284375 0.53302873125 0.3917189703125 0.533772771875 0.39264461875 0.5279284625 0.3867725125 0.5269984125
0 0.3763319421875 0.5473114859375 0.36928541406250004 0.5461954265625 0.368359765625 0.5520397375 0.37188302968750003 0.5525977671875 0.376580715625 0.5533418078125 0.3792381078125 0.5517657234375 0.38041252812500004 0.5519517328125 0.3810296265625 0.5480555265625 0.3763319421875 0.5473114859375
0 0.2642353546875 0.40374785625 0.257805925 0.3987355890625 0.25459121093750003 0.39622945625 0.251067946875 0.395671425 0.25570585625 0.4043938890625 0.2633097078125 0.409592165625 0.272396528125 0.41302835 0.2753624703125 0.40950416250000005 0.2762881171875 0.403659853125 0.273073403125 0.40115371875 0.270724559375 0.4007816984375 0.2642353546875 0.40374785625
0 0.439133596875 0.5612522375 0.442656859375 0.5618102671874999 0.44766309375 0.5606062046875 0.4524205546875 0.553371821875 0.4468569984375 0.5504936687499999 0.441293440625 0.5476155140625 0.424851540625 0.5450113734375 0.4178050125 0.5438953125 0.4098926140625 0.5406451390625 0.4040205078125 0.5397150890625 0.3981484 0.5387850390625 0.3940080375 0.542123215625 0.39957159531249997 0.54500136875 0.40865841718749996 0.5484375531250001 0.422751471875 0.5506696734375 0.43480423437500004 0.5505816703125 0.4315297453125 0.556053959375 0.42769793125 0.5574440328125 0.4320870671875 0.5601361765624999 0.439133596875 0.5612522375
0 0.48103476718750005 0.5399311124999999 0.4877727453125 0.542995278125 0.4875239734375 0.5369649578125 0.47639685624999994 0.5312086515625001 0.46465264375000004 0.52934855 0.44907661875000005 0.5288785218750001 0.43702385625 0.528966525 0.42645406250000006 0.527292434375 0.417616015625 0.5298865703125 0.40556325312499997 0.5299745734375 0.4025973109375 0.533498759375 0.419039209375 0.5361029 0.42960900312500006 0.5377769906250001 0.4419703140625 0.5357408859375 0.44901684218750004 0.5368569453125 0.4622440265625 0.5369549515625 0.47046497499999995 0.538257021875 0.47633708124999996 0.5391870734374999 0.48103476718750005 0.5399311124999999
0 0.47627730625 0.547165496875 0.46570751406250005 0.54549140625 0.44660822343750006 0.5444633484375 0.43220661875 0.54417933125 0.4377701765625 0.547057484375 0.44599112500000004 0.5483595546875 0.4577353390625 0.5502196546875 0.46978810156249995 0.550131653125 0.479183471875 0.5516197328125 0.4821494125 0.5480955468750001 0.47627730625 0.547165496875
1 0.6431743578125 0.5955660921875 0.636694825 0.636476259375 0.654748915625 0.6593054734375 0.6799690859374999 0.6672939 0.696410984375 0.6698980406249999 0.7528333125 0.6329040906250001 0.7787206859375 0.5910738765625 0.8089374203125 0.5599142296874999 0.8220951578125 0.5300466484374999 0.8340187 0.5079714796875 0.8593584203125 0.5000030625 0.8799406828125 0.4992690265625 0.8705356406250001 0.459836934375 0.8574877843750001 0.43580365781249997 0.8440021546875001 0.3917313203125 0.8041913812500001 0.3694501296875 0.7523876203125 0.3392785234375 0.71531335625 0.3833308515625 0.6840417515625 0.39834764218749996 0.67396950625 0.40873419218749996 0.668594946875 0.4198647796875 0.6618068640625 0.46272305156250004 0.6540931328124999 0.5114256328125 0.6431743578125 0.5955660921875
1 0.7833084921875 0.645718775 0.822662153125 0.5720728765625 0.8594278671875 0.5299686515625 0.8720282812500001 0.496018853125 0.8697989906249999 0.4796899875 0.8468081109375 0.4880304265625 0.8141133109375 0.4968308859375 0.7765318296875 0.4908785640625 0.7459370984375 0.49402072500000005 0.7217120218749999 0.5101535765625 0.70669331875 0.513765765625 0.69494910625 0.511905665625 0.669977709375 0.50994755625 0.645255084375 0.51401976875 0.62572769375 0.5308966609375 0.6121321859375 0.540725178125 0.5952621859375 0.5560259875 0.575237246875 0.5608422390625 0.5479170078125 0.5585121109375 0.52442858125 0.554791909375 0.497416890625 0.550513678125 0.459278084375 0.5404791390625 0.43022610156249996 0.533880784375 0.40061679375 0.5232002140625001 0.3669269 0.5078793953125 0.3516594234375 0.5054612640625 0.2949689796875 0.46053687187500003 0.2785270796875 0.45793273125 0.2664145421875 0.46599915625 0.24602127812500002 0.48074193593750003 0.23570993125 0.5230421765625 0.2272498796875 0.5536537984375001 0.2209496734375 0.5706286953124999 0.20111373124999998 0.589453690625 0.1883840953125 0.6014163234375001 0.18438262656249998 0.6646856765625 0.19082172656250002 0.70764195625 0.232294796875 0.70422578125 0.3504832515625 0.7409177484375 0.46254115625000003 0.73270533125 0.5231135171875 0.730317215625 0.5954300921875 0.7297892 0.687761934375 0.6865009203125 0.7799144499999999 0.6671479109375 0.7833084921875 0.645718775
1 0.1913113515625 0.4461160890625 0.1827818546875 0.4467621234375 0.188594184375 0.455670596875 0.199970071875 0.46745722343749996 0.204667759375 0.46820126406250007 0.2117142875 0.4693173234375 0.2033043390625 0.4540065109375 0.19835787968750002 0.44723214999999994 0.1913113515625 0.4461160890625
1 0.694632634375 0.24026726250000002 0.6788175046875 0.2717109265625 0.670486675 0.32430971406250003 0.6671620796875 0.3757044390625 0.6927505765624999 0.37376634062499997 0.7486155828125 0.332690171875 0.788158240625 0.27305301718749997 0.7934035781250001 0.23993526250000002 0.745620628125 0.22238232343750003 0.717125965625 0.219866184375 0.694632634375 0.24026726250000002
1 0.19793945156249998 0.5030811109375 0.1788999359375 0.49407463125 0.14551859218750002 0.4768057078125 0.1436075203125 0.49647275156250004 0.1566553765625 0.520506028125 0.1930624390625 0.5262723390625 0.19793945156249998 0.5030811109375
0 0.33878914375 0.6931352125 0.3299510953125 0.6957293484375 0.3164153625 0.69757944375 0.3002222375 0.7010056234375 0.2855120828125 0.7026697093750001 0.2743251921875 0.704891825 0.2801973 0.705821875 0.293115934375 0.7078679859375 0.31196645156249997 0.7028657234375 0.3258107328125 0.699067525 0.3463929953125 0.6983334890624999 0.35053335625000004 0.6949953125 0.33878914375 0.6931352125
0 0.28468664375 0.6166691484375 0.287901359375 0.61917528125 0.30255173750000003 0.62548961875 0.309906815625 0.6246575765625 0.2958735359375 0.6144470328125 0.28474642031249997 0.608690725 0.28468664375 0.6166691484375
1 0.728698775 0.519248059375 0.73110739375 0.51164165625 0.7287488796875 0.473325625 0.7053105578125 0.42368298906249996 0.6970201609375 0.39241533125 0.6897248609375 0.38526895 0.6795233921875 0.3736683328125 0.6645644640625 0.3693020984375 0.65857280625 0.38432889375 0.645364965625 0.46011890937500005 0.640487953125 0.4833101390625 0.6349340671875 0.5183759984375 0.6620055328125 0.51467580625 0.6957552015624999 0.5220182015625 0.728698775 0.519248059375
0 0.403362975 0.6274777421875 0.394276153125 0.6240415593749999 0.3769086078125 0.6272817265625 0.3636814234375 0.6271837203125 0.35336040468749996 0.63153995 0.347428521875 0.6385883203125 0.3521262078125 0.6393323609375 0.35948128437500004 0.63850031875 0.3744999890625 0.63488813125 0.385686878125 0.6326660140625 0.39687376875 0.6304438984375 0.403362975 0.6274777421875
1 0.1422326796875 0.67997648125 0.17243974374999999 0.6108728218749999 0.183368190625 0.5646763734375 0.17810351093750001 0.52190610625 0.1646178828125 0.4778337671875 0.14989805625 0.44155384062499997 0.1279427046875 0.39014911093750004 0.091973415625 0.4044218625 0.0728240203125 0.44931623906249996 0.1007710296875 0.4856941734375 0.11474453437500001 0.5038831390625 0.1271752921875 0.531812621875 0.1321911984375 0.568552571875 0.1309666734375 0.6142889953124999 0.1304190203125 0.6481507921875 0.1422326796875 0.67997648125
1 0.299477665625 0.44727216875 0.278716078125 0.47194147343750004 0.3002336578125 0.503307140625 0.329653965625 0.49997896875 0.36902696874999996 0.5022210953124999 0.3844737734375 0.48070395625 0.360239025 0.458892796875 0.3476887171875 0.446920159375 0.321851446875 0.4428279375 0.299477665625 0.44727216875
1 0.1858154921875 0.70884601875 0.196445059375 0.7025416875 0.2018196203125 0.691411096875 0.1900754046875 0.6895509953125 0.1844520734375 0.694651265625 0.1858154921875 0.70884601875
0 0.76343386875 0.512767721875 0.74520045 0.513873778125 0.7343664671875 0.520299346875 0.7760439531250001 0.5167619359375 0.76343386875 0.512767721875
0 0.6857427328125001 0.5244263265625 0.7184048749999999 0.5216541015625 0.7054591218749999 0.521558178125 0.6857427328125001 0.5244263265625
0 0.8794027015625 0.571074834375 0.8812539968750001 0.5593862140625 0.8682755859375 0.5653185265625 0.8567203718749999 0.5774671687499999 0.8681560359375 0.581275371875 0.8794027015625 0.571074834375
0 0.9028814562499999 0.5368510234375 0.888420075 0.5445454296875 0.8889176234375 0.5566060671875 0.897815446875 0.5460335093750001 0.9028814562499999 0.5368510234375
0 0.80035781875 0.6064826984375 0.7972723265625 0.6259637296875 0.7977698734375 0.63802436875 0.7864634328125 0.6562033328125 0.7820145187499999 0.6614896109374999 0.7754655390625 0.6724341890625001 0.7648359703125001 0.678738521875 0.758346765625 0.681704678125 0.7527234328125 0.6868049484375 0.760327284375 0.692003225 0.7718227234375 0.68783300625 0.7830693906249999 0.6776324671875 0.791718440625 0.6610295875000001 0.8012333625 0.6465608234375 0.8098824125 0.62995794375 0.8155655203125001 0.6168792515625 0.8017810125 0.612699028125 0.80035781875 0.6064826984375
