0 0.1686261953125 0.780622975 0.1192831046875 0.7831041187500001 0.12320666875 0.791649615625 0.168406240625 0.7869216578125 0.1686261953125 0.780622975
0 0.1380085484375 0.8110855984375 0.1709241921875 0.7954180703125 0.167000628125 0.7868725734375001 0.1296481890625 0.8086915265625001 0.1380085484375 0.8110855984375
0 0.103588840625 0.748922128125 0.11587276718749999 0.759861696875 0.11653263124999999 0.740965653125 0.1029164109375 0.7278774390625 0.1012908421875 0.7341270343749999 0.103588840625 0.748922128125
0 0.180641978125 0.8798422578125 0.1973626984375 0.8846304 0.21260448593749998 0.89146901875 0.2141567359375 0.88731898125 0.19913490312499998 0.8741816828125 0.1966902671875 0.8635857093749999 0.1372020484375 0.8341807625 0.134170865625 0.840381275 0.14231127187499998 0.849074028125 0.1617698984375 0.8560599015625 0.1587387171875 0.8622604125000001 0.169836984375 0.8668522140625001 0.1836731609375 0.873641746875 0.180641978125 0.8798422578125
0 0.1010960203125 0.8203071890625001 0.1006561109375 0.83290455 0.10487295 0.83305180625 0.105239540625 0.822554003125 0.1010960203125 0.8203071890625001
0 0.11759678437500001 0.8313940125 0.1078308109375 0.82895085625 0.10768417500000001 0.8331499765625001 0.11745014843749998 0.8355931328124999 0.11759678437500001 0.8313940125
0 0.15603643125 0.7381409140625 0.15181959218750002 0.7379936578125 0.15293193124999999 0.7464409859375001 0.15714877031250002 0.7465882406250001 0.15603643125 0.7381409140625
1 0.086342328125 0.7188901734375001 0.08191810000000001 0.7649823359375 0.08961859531250001 0.7862724531249999 0.11847660468750001 0.806199284375 0.1533969734375 0.8137250937499999 0.148507703125 0.792533146875 0.12992889531250001 0.7603525484375 0.12976969375 0.7246109328125 0.10890545468749999 0.7175759765625 0.086342328125 0.7188901734375001
1 0.11560462499999999 0.8481414109375001 0.133364365625 0.863476440625 0.14720054062500001 0.8702659734375 0.1584454453125 0.870658653125 0.1463081546875 0.855519965625 0.12891500625000002 0.82968713125 0.11493219375 0.8270967203125 0.11560462499999999 0.8481414109375001
1 0.0640242875 0.7937871640624999 0.0802317796875 0.8132722296875 0.083262959375 0.80707171875 0.0809649625 0.7922766234374999 0.0691942640625 0.76664013125 0.0651973796875 0.7601941953125 0.0618729265625 0.7747929484375 0.0640242875 0.7937871640624999
1 0.051947753124999996 0.736608178125 0.0512145703125 0.7576037828125 0.0580226796875 0.7641478890625 0.058609225 0.74735140625 0.051947753124999996 0.736608178125
1 0.1254669703125 0.686622503125 0.10215809687499999 0.668991571875 0.0915123046875 0.6917431421875 0.0909257578125 0.7085396265624999 0.1033563203125 0.715280075 0.1173391328125 0.7178704859375 0.1254669703125 0.686622503125
