1 0.6018428796874999 0.23712968750000002 0.6767999078125 0.5439937875 0.7563004671875 0.5186662203125 0.8222053234375 0.48141341718749997 0.8930649531249999 0.23219476718749998 0.8843399578125 0.15690581875 0.8206802359375001 0.1374278984375 0.7703831296875 0.143228771875 0.6018428796874999 0.23712968750000002
0 0.8630748296874999 0.2967897203125 0.862286490625 0.2700607046875 0.7952728 0.2989456390625 0.7535533421875 0.316584159375 0.6699104734375 0.363545565625 0.6745497625 0.3853326875 0.8630748296874999 0.2967897203125
0 0.852774825 0.2398400171875 0.8628983453125001 0.23500761250000002 0.8717382140625001 0.23182250781249997 0.87062938125 0.22345463593749998 0.8568297265625 0.2232137625 0.8504697484375001 0.228111859375 0.840346228125 0.2329442625 0.829026465625 0.234416378125 0.8163647812500001 0.24087418125 0.8074666390624999 0.24739767812500002 0.8376332484375 0.2445848296875 0.852774825 0.2398400171875
0 0.8637466265624999 0.33019551406250003 0.8939423718749999 0.3257134734375 0.9079734421874999 0.2408035140625 0.8727305046874999 0.2468671578125 0.8637466265624999 0.33019551406250003
0 0.759129990625 0.500348871875 0.7515154984375 0.505225071875 0.7425882203125 0.5134177625 0.7324938375000001 0.5165809703125 0.7488316562499999 0.5151964437500001 0.7576423890624999 0.5136805343749999 0.7640023671875 0.5087824375000001 0.7703623453125 0.503884340625 0.7805441375 0.49571354687499997 0.790725928125 0.48754275468749997 0.7983986921875 0.47932816562499997 0.8061297281250001 0.4677751875 0.817566034375 0.45962629218749995 0.8290897484374999 0.4464698125 0.8292936984375 0.43478544843750005 0.820366421875 0.4429781390625 0.8127227937500001 0.44952353437500003 0.8075590578125 0.45778191718750005 0.7961227515625 0.4659308125 0.7871954734375 0.47412350312499996 0.780718953125 0.4856983796875 0.7680281328125 0.49382537656250003 0.759129990625 0.500348871875
0 0.746869528125 0.19624884843749998 0.7699186250000001 0.2417331640625 0.8371362687499999 0.2011638671875 0.7949489640625 0.17371223125 0.746869528125 0.19624884843749998
0 0.74433804375 0.4850633484375 0.7520108078125001 0.476848759375 0.760967221875 0.4669868734375 0.7685817140625 0.462110675 0.7774507203125001 0.45725637499999994 0.7801928359375 0.443946609375 0.7611711734375 0.45530250937499994 0.7459130546875 0.4667241015625 0.7345058843750001 0.473203803125 0.728087634375 0.48144028906249997 0.720385734375 0.491324071875 0.71895640625 0.50131734375 0.7279128187499999 0.4914554578125 0.74433804375 0.4850633484375
0 0.8051032921875001 0.23900790781249998 0.8084589296875 0.262442328125 0.8716508078125 0.2368300921875 0.8682077593749999 0.21840325625 0.8051032921875001 0.23900790781249998
0 0.8121350640625 0.26751560625000004 0.819691284375 0.2659777953125 0.82360050625 0.2576975140625 0.8148189078125 0.25754423125 0.805949903125 0.2623985328125 0.8121350640625 0.26751560625000004
0 0.7681105296874999 0.2734259671875 0.7983645453125 0.26560553593749997 0.7899908499999999 0.2420835265625 0.747016878125 0.25970015 0.7681105296874999 0.2734259671875
0 0.7940748875 0.223788075 0.8079619499999999 0.21902136562500002 0.815605578125 0.212475971875 0.8232200703125001 0.2075997734375 0.823307478125 0.20259218906249998 0.8069113874999999 0.2073151046875 0.7967587296875001 0.213816703125 0.7828425328125 0.2202526078125 0.7689554703125 0.22501931718749998 0.7612535703125001 0.2349031015625 0.7713188203125 0.23340908593749998 0.78648953125 0.2269950796875 0.7940748875 0.223788075
0 0.8126936578124999 0.451192728125 0.8106799406249999 0.4227726203125 0.770302403125 0.43542545468749994 0.7053024296875 0.49273049531249996 0.7163308328125 0.507950328125 0.8126936578124999 0.451192728125
0 0.7859359484375 0.25870978125 0.7922667921875 0.2554808796875 0.7974013921875 0.248891690625 0.77601638125 0.25185782031250004 0.7658637234375 0.25835942031250003 0.75696558125 0.26488291406250003 0.755594525 0.271537796875 0.7630924734375 0.27333837656250004 0.7694815859374999 0.2667710859375 0.77706694375 0.2635640828125 0.7859359484375 0.25870978125
0 0.8340786671875 0.448226596875 0.8268429421875 0.4314032640625 0.79755208125 0.455937540625 0.7261921296875 0.5181406765625 0.7334861265625 0.5316256203124999 0.8340786671875 0.448226596875
0 0.785294959375 0.29543206718750004 0.7801603593750001 0.30202125468749996 0.7889710937500001 0.30050534375 0.794047421875 0.2972545453125 0.8042583499999999 0.28741455781249997 0.7929385875 0.2888866734375 0.785294959375 0.29543206718750004
1 0.45930614375 0.7105071656249999 0.48153943593750004 0.802728934375 0.7053057703125 0.63632504375 0.6590327609375 0.5553715828125 0.45930614375 0.7105071656249999
0 0.7666212578125 0.2149603546875 0.7754028578125001 0.2151136375 0.7830756203125 0.2068990484375 0.7881228109375 0.20531744375 0.8019516031249999 0.2038891234375 0.809507821875 0.202351315625 0.8084281234375 0.1923142484375 0.8035266125 0.1855498796875 0.794715878125 0.187065790625 0.7833087062499999 0.19354549062499998 0.7757816234375 0.1934141046875 0.7694799171875 0.1949738109375 0.7618945609375001 0.198180815625 0.7568765046875 0.19809322499999998 0.7579270671875 0.2097994859375 0.7666212578125 0.2149603546875
1 0.7443005578124999 0.12774616875 0.7252497609375 0.1407712625 0.6899776875 0.148504103125 0.654793021875 0.15122935937499998 0.6331749234374999 0.16754904843750001 0.6153495046875 0.1822652359375 0.5950441921875 0.19526843124999999 0.610010953125 0.20053878749999998 0.6313959640625 0.19757265625 0.6640716 0.1948036046875 0.684202096875 0.191815578125 0.722128878125 0.1757805578125 0.733565184375 0.1676316625 0.7461685953125 0.16451225 0.7572844078125 0.174724496875 0.7633530265624999 0.18651835 0.7848254453125 0.178544634375 0.8239776031250001 0.1642007078125 0.8430575375 0.14950641874999998 0.8659301484374999 0.13320862656250002 0.8786792406249999 0.1217432390625 0.8702472734375 0.10155962031250002 0.8580226265625001 0.0829795 0.8392049171875 0.08265103593749999 0.803903709375 0.0920530703125 0.7887329953125 0.098467078125 0.771111528125 0.10149890156250001 0.7571370578125001 0.111273196875 0.7443005578124999 0.12774616875
