1 0.3526097265625 0.6639121015625 0.3280946921875 0.7196147265625 0.343840159375 0.7497301203125 0.3891510359375 0.76938464375 0.43030061406250003 0.7509520984375 0.4634853484375 0.68222293125 0.44571449531249996 0.654207359375 0.3526097265625 0.6639121015625
1 0.646980153125 0.5121756234375 0.6213918296875 0.49024571093749997 0.5953090375000001 0.50113419375 0.5843667140625 0.532669753125 0.5815259359375 0.5558060265625 0.5937887843749999 0.5854938093750001 0.6179198765625 0.6048962875 0.641940440625 0.5820120578125 0.6470906828125 0.5544623343749999 0.646980153125 0.5121756234375
0 0.21210566874999998 0.742949190625 0.21466236875 0.7221265421874999 0.22094892187499998 0.6853223093749999 0.2037830671875 0.6667750546875 0.189468653125 0.7401697140625 0.21210566874999998 0.742949190625
0 0.24422778125 0.711665671875 0.23171769687500002 0.6983870890625 0.21971274843750002 0.7673683 0.23762030781250001 0.7366879625 0.24422778125 0.711665671875
0 0.26089916562500004 0.763031325 0.2782754140625 0.7510738124999999 0.281684346875 0.723310284375 0.2683220296875 0.7169725828125 0.250698546875 0.745339290625 0.26089916562500004 0.763031325
0 0.31626329062499997 0.7439955984375 0.29852928125 0.730075596875 0.27081570781250003 0.783036984375 0.293168646875 0.7881300875 0.31626329062499997 0.7439955984375
0 0.16554795312499998 0.690262465625 0.14145370468750001 0.68495555625 0.1505916984375 0.7400932390625 0.1612867875 0.7249668765624999 0.16554795312499998 0.690262465625
0 0.20131071562499997 0.8308670296875 0.202410184375 0.8075169515624999 0.18556525 0.8007516375 0.20131071562499997 0.8308670296875
0 0.16618979375 0.7138263515625 0.15091261875 0.75187518125 0.167794396875 0.772736065625 0.22529443750000003 0.7938872296875 0.23559492187500003 0.7387877828125 0.22543114531250003 0.735191321875 0.1975702 0.731770428125 0.16618979375 0.7138263515625
0 0.1412064703125 0.7013647546875 0.12727599843749998 0.6996543078124999 0.129127834375 0.7421548234374999 0.1488503890625 0.7398794343749999 0.1412064703125 0.7013647546875
1 0.5199489421875 0.639837125 0.5460685796875 0.6430442140625 0.5849086906250001 0.6290251171875 0.5801792328125 0.5955653046875 0.5717199234375 0.578087078125 0.5531336796875 0.571107959375 0.5450321328125 0.5795072453125 0.5233578750000001 0.612073596875 0.5048453171875 0.6332856171875 0.5199489421875 0.639837125
