0 0.6057934515625 0.7818791953125 0.6095717890625 0.7583892624999999 0.5944584390625 0.75 0.5919395468750001 0.7667785234375 0.5969773296875001 0.783557046875 0.6057934515625 0.7818791953125
0 0.5403022671875 0.7936241609375 0.5705289671875 0.8221476515624999 0.6045340046875001 0.8305369125000001 0.610831234375 0.8154362421875 0.584382871875 0.796979865625 0.552896725 0.7802013421875 0.5327455921875 0.7684563765625 0.5113350125 0.7550335578125 0.507556675 0.7684563765625 0.5188916875 0.7818791953125 0.5403022671875 0.7936241609375
0 0.5516372796875 0.6795302015625 0.5705289671875 0.6845637578125 0.5894206546875 0.68288590625 0.5831234249999999 0.67449664375 0.568010075 0.6711409390624999 0.550377834375 0.6711409390624999 0.5403022671875 0.6644295296875 0.5365239296875 0.6677852343749999 0.5415617125 0.6761744968750001 0.5516372796875 0.6795302015625
0 0.5100755671874999 0.64261745 0.5214105796874999 0.649328859375 0.5188916875 0.640939596875 0.5088161203125 0.6291946312500001 0.5 0.6224832218749999 0.492443325 0.6124161078125 0.4861460953125 0.6107382546875 0.4937027703125 0.6241610734374999 0.5012594453125 0.6325503359375 0.5100755671874999 0.64261745
0 0.3690176328125 0.6107382546875 0.33123425625 0.5973154359375 0.3375314859375 0.609060403125 0.3690176328125 0.6191275171874999 0.3690176328125 0.6107382546875
0 0.32745591875 0.6912751671875 0.324937028125 0.6845637578125 0.26952141093750004 0.703020134375 0.2732997484375 0.708053690625 0.298488665625 0.7046979859375 0.32745591875 0.6912751671875
0 0.460957178125 0.7130872484374999 0.42443325 0.6996644296875 0.42569269531250004 0.7063758390625 0.45717884062499997 0.7181208046875 0.460957178125 0.7130872484374999
0 0.3765743078125 0.7449664421875 0.35012594531249996 0.73657718125 0.35012594531249996 0.7416107375000001 0.3753148609375 0.75 0.3765743078125 0.7449664421875
0 0.5919395468750001 0.7818791953125 0.5743073046875 0.77181208125 0.5705289671875 0.79026845625 0.5944584390625 0.7953020140625 0.5919395468750001 0.7818791953125
0 0.5478589421875 0.6308724828125001 0.568010075 0.6342281875 0.5818639796875 0.64261745 0.603274559375 0.64765100625 0.5919395468750001 0.6291946312500001 0.5604534 0.6208053687499999 0.5352644843750001 0.6157718125 0.5138539046874999 0.614093959375 0.51511335 0.6208053687499999 0.5251889171874999 0.6224832218749999 0.5478589421875 0.6308724828125001
0 0.313602015625 0.600671140625 0.29722921874999997 0.5973154359375 0.29345088124999996 0.609060403125 0.3110831234375 0.60738255 0.313602015625 0.600671140625
0 0.6120906796875001 0.6778523484375001 0.6020151140625 0.6778523484375001 0.6020151140625 0.6845637578125 0.6133501265625 0.6862416109375 0.6120906796875001 0.6778523484375001
0 0.6385390421875 0.7466442953125 0.633501259375 0.7399328859375001 0.637279596875 0.803691275 0.6397984890624999 0.778523490625 0.6385390421875 0.7466442953125
1 0.2355163734375 0.6929530203125001 0.2607052890625 0.6996644296875 0.2846347609375 0.70973154375 0.324937028125 0.72818791875 0.35390428281249997 0.73657718125 0.38916876562499997 0.7550335578125 0.41939546562499996 0.7667785234375 0.45088161250000003 0.7818791953125 0.4785894203125 0.7936241609375 0.5239294703125 0.8204697984375 0.557934509375 0.837248321875 0.6095717890625 0.864093959375 0.6209068015625 0.8204697984375 0.6322418140625 0.791946309375 0.6322418140625 0.751677853125 0.622166246875 0.7147650999999999 0.629722921875 0.6996644296875 0.629722921875 0.64765100625 0.6309823671875 0.5167785234375 0.6057934515625 0.4949664421875 0.5554156171875 0.48489932812500003 0.5125944578125 0.4647651 0.453400503125 0.4496644296875 0.39798488593750003 0.43288590625 0.347607053125 0.3422818796875 0.2997481109375 0.3355704703125 0.26700251875 0.3271812078125 0.22921914375000002 0.32550335625 0.17632241875000002 0.3422818796875 0.2153652390625 0.6778523484375001 0.22040302343749998 0.6879194625 0.2355163734375 0.6929530203125001
0 0.8047858937499999 0.6577181203125 0.8035264484375 0.6459731546875 0.7947103281250001 0.649328859375 0.7947103281250001 0.654362415625 0.8010075562500001 0.6577181203125 0.8047858937499999 0.6577181203125
1 0.8501259453125 0.6241610734374999 0.813602015625 0.6392617453125 0.79722921875 0.6593959734375 0.802267003125 0.6761744968750001 0.8110831234375 0.696308725 0.836272040625 0.70973154375 0.8627204031250001 0.7248322140625 0.8954659953125 0.73657718125 0.9244332500000001 0.7533557046875 0.9508816124999999 0.76342281875 0.9672544078125 0.7667785234375 0.98488665 0.7667785234375 0.9836272046874999 0.7382550328125 0.977329975 0.7147650999999999 0.9622166249999999 0.703020134375 0.9483627203125 0.6912751671875 0.9483627203125 0.6711409390624999 0.9395466000000001 0.6526845640625 0.9319899250000001 0.6191275171874999 0.9256926953125 0.614093959375 0.9105793453125001 0.6040268453125 0.8967254406249999 0.60738255 0.8866498734375 0.6124161078125 0.8702770781250001 0.6157718125 0.8501259453125 0.6241610734374999
