0 0.12835404374999998 0.798181146875 0.1734642171875 0.7926650671875 0.1735742109375 0.7863635046875 0.12428193750000001 0.7897054265625 0.12835404374999998 0.798181146875
0 0.1720579625 0.7926405203125 0.13509200625 0.8151080421874999 0.14349287500000002 0.8173558406250001 0.17613006874999998 0.801116240625 0.1720579625 0.7926405203125
0 0.12079646562499999 0.74762138125 0.1069538984375 0.7347727953125001 0.10543764687499999 0.741049809375 0.10799350625 0.7558025453125 0.12046648281250001 0.7665260640625 0.12079646562499999 0.74762138125
0 0.21948033437499997 0.8964251390625 0.22095992031249997 0.89224864375 0.205711096875 0.8793755125 0.2030819078125 0.8688238187499999 0.1430895625 0.8404615625 0.14016705625 0.84671403125 0.14845793125 0.855263390625 0.1680355140625 0.8619085999999999 0.165113009375 0.8681610687499999 0.1762897234375 0.8725584796874999 0.1902422859375 0.879105503125 0.1873197796875 0.8853579734375 0.2041215171875 0.8898535671875001 0.21948033437499997 0.8964251390625
0 0.11074568437500001 0.8398969984375 0.1109290078125 0.8293943968749999 0.10674690625000001 0.8272202390625001 0.10652691875 0.839823359375 0.11074568437500001 0.8398969984375
0 0.1135581953125 0.839946090625 0.1233653203125 0.8422184359375 0.12343865000000001 0.8380173953125001 0.113631525 0.8357450515625 0.1135581953125 0.839946090625
0 0.1572857796875 0.7524606234375 0.161504546875 0.7525342625 0.16024495 0.7441076359375 0.156026184375 0.744033996875 0.1572857796875 0.7524606234375
1 0.0946772421875 0.793390996875 0.1238786265625 0.8128111515625 0.1589250203125 0.8197263687499999 0.15366664531250002 0.7986229796875 0.1345290375 0.7667715265624999 0.1337460828125 0.731038134375 0.11276224374999999 0.7243683796875 0.0902254890625 0.7260761578125 0.0866063546875 0.7722385140625 0.0946772421875 0.793390996875
1 0.15371630625 0.8763667796875 0.16496634999999998 0.87656315 0.152566703125 0.8616385921875 0.1347253578125 0.8361132453125 0.12069946718749999 0.8337672609375 0.1217390765625 0.8547970109374999 0.13976374375 0.8698197562500001 0.15371630625 0.8763667796875
1 0.08868557187500001 0.8142980140624999 0.0861297140625 0.799545278125 0.07391339062499999 0.7741181171875 0.0698046171875 0.76774291875 0.0667354546875 0.7823974671875 0.0692179828125 0.8013512437499999 0.0857630671875 0.8205504828124999 0.08868557187500001 0.8142980140624999
1 0.0627000109375 0.7718212265625 0.062993328125 0.7550170640625 0.056145375 0.74439173125 0.055778728124999996 0.765396934375 0.0627000109375 0.7718212265625
1 0.0949208984375 0.6988430328125 0.09462757968749999 0.7156471953125 0.10717388593749999 0.7221696734374999 0.121199778125 0.72451565625 0.12878102656249998 0.6931305812499999 0.105168 0.6759091328125 0.0949208984375 0.6988430328125
