0 0.3581981171875 0.58758619375 0.36622104843750003 0.5851002750000001 0.3599500390625 0.5785678921875 0.3409806984375 0.577241428125 0.345020021875 0.5836177546875 0.3581981171875 0.58758619375
0 0.3318256765625 0.4836697015625 0.33841472499999997 0.4856539203125 0.3455338375 0.4800578671875 0.3371371546875 0.4718533734375 0.3318256765625 0.4836697015625
1 0.5605124546875 0.4524335328125 0.546001071875 0.41942597187499997 0.5307924828125 0.348282959375 0.49354018125000004 0.31977907031249997 0.47345499843749994 0.318374578125 0.4230300171875 0.3178954546875 0.397633359375 0.328307290625 0.3666628984375 0.3703221953125 0.3499306625 0.4011449890625 0.356156790625 0.45642520937500003 0.3654627078125 0.49973304374999994 0.385391578125 0.519408221875 0.43667007968749993 0.5397521109375 0.47013996718750006 0.5100997265625 0.5024940109375 0.48036931562499996 0.5502075390625001 0.4715180265625 0.5605124546875 0.4524335328125
0 0.480790003125 0.646433096875 0.486955 0.6544815328125 0.4965735390625 0.661248 0.4924785015625 0.6396330953125 0.4853036765625 0.629990575 0.480790003125 0.646433096875
0 0.4901911 0.624238465625 0.490564853125 0.6349288765625001 0.4991178484375 0.624862684375 0.5028894312500001 0.619032546875 0.4901911 0.624238465625
0 0.5405046515625 0.5942404375 0.54433195 0.603648875 0.5485275828125 0.59175451875 0.5513953468749999 0.5828142453125 0.5405046515625 0.5942404375
0 0.68136866875 0.616278353125 0.6659085874999999 0.6289084890625001 0.6603850859375 0.643756928125 0.665166496875 0.6395208734375 0.68136866875 0.616278353125
0 0.7043378640625 0.7047221859375 0.7106088734375 0.7112545703125 0.716188090625 0.7116447078125 0.7160263625 0.6979221859375 0.7137389609375 0.68252755625 0.7063018109375 0.692671775 0.7043378640625 0.7047221859375
0 0.68298594375 0.7535035578125 0.688035096875 0.7614739671875 0.697971675 0.7636922687500001 0.7093421359375001 0.7614404328125 0.7121038859375 0.7540162140625 0.709710471875 0.7401376390625 0.6974361953125 0.7392793375 0.68298594375 0.7535035578125
0 0.644316009375 0.8254494203125 0.6538285359375 0.833731940625 0.6637651140624999 0.835950240625 0.6708842265625 0.8303541875 0.657438390625 0.8141792828125001 0.65106136875 0.8091629546875 0.6443663078124999 0.8086947906249999 0.644316009375 0.8254494203125
0 0.616163015625 0.87527868125 0.613557575 0.8644322140625 0.609836290625 0.853507721875 0.607074540625 0.860931940625 0.6105837984375 0.87488854375 0.616163015625 0.87527868125
0 0.54124519375 0.8883215312500001 0.5460266046875 0.8840854765625 0.5500102124999999 0.8752232296875 0.5527719640625001 0.8677990109374999 0.550858315625 0.8630947921875001 0.5454408265625 0.8764271750000001 0.54124519375 0.8883215312500001
0 0.49942350468749996 0.8610215859375 0.5059568375 0.84776723125 0.50005958125 0.8519252578125001 0.496288 0.8577553953124999 0.4916126 0.8604753953125 0.49118854843750004 0.8665396140625001 0.49533388437500003 0.8713998890625 0.49942350468749996 0.8610215859375
0 0.46236697812500005 0.733505971875 0.45965552499999995 0.7241755609375 0.449612934375 0.7234733140625 0.44552331250000005 0.733851615625 0.4457910546875 0.7460580828125 0.44977466093749996 0.7371958359375 0.46236697812500005 0.733505971875
0 0.4620381078125 0.6740677265625 0.4580545 0.6829299718749999 0.45396487968750004 0.6933082749999999 0.45120312656249995 0.70073249375 0.45534846250000005 0.7055927671875 0.4585342640625 0.692104328125 0.46496158593750003 0.6803660265625 0.470379075 0.66703364375 0.4780282515625 0.6538573140625 0.478452303125 0.6477930953125 0.472343021875 0.6549832328125 0.46612772812500003 0.663689425 0.4620381078125 0.6740677265625
0 0.5285971609375 0.8767728203124999 0.527057265625 0.8827590109375001 0.5299807453125001 0.8890573125 0.5327424953125 0.88163309375 0.5343884046875 0.8741308468750001 0.5285971609375 0.8767728203124999
0 0.5818411578125 0.58037281875 0.586622571875 0.5761367640625 0.5800335234375 0.5741525453125 0.5743482921874999 0.5752784640625 0.56967289375 0.5779984640625 0.5751460984375 0.5799046546875 0.5818411578125 0.58037281875
0 0.70198933125 0.6420957765625 0.699171865625 0.6342814203125 0.6949205171874999 0.6309372015625 0.693062584375 0.6414715578125 0.6984297749999999 0.644893803125 0.70198933125 0.6420957765625
0 0.7066198499999999 0.6881236109375 0.6974810765624999 0.690531503125 0.69259365 0.6962836109375 0.6993947234375 0.6952357218749999 0.7066198499999999 0.6881236109375
0 0.6800624656250001 0.7472052546875 0.683728034375 0.7428911734375 0.6841520859375 0.736826953125 0.6773510125 0.7378748453124999 0.6757051046875 0.7453770921875 0.6800624656250001 0.7472052546875
1 0.3268159890625 0.39495825 0.33839847500000003 0.38967430625 0.34354822500000004 0.36413545625 0.340144978125 0.34866279843750003 0.315066359375 0.3545264703125 0.3109264390625 0.3816594015625 0.3268159890625 0.39495825
