0 0.6908003421875 0.49020146562500005 0.6869955734375 0.48650486718749997 0.6826169515625 0.4893479796875 0.6782383296875001 0.49219109375 0.68485146875 0.49329328281249996 0.6908003421875 0.49020146562500005
0 0.6947859328125 0.5153654999999999 0.7000705421875 0.5080796765625 0.69659790625 0.50648008125 0.6904073109375 0.5182086124999999 0.6923096953125001 0.5200569125000001 0.6947859328125 0.5153654999999999
0 0.8113185671875 0.3872785609375 0.8054601046875 0.401104096875 0.8145494828125001 0.39751487343749997 0.8200758125000001 0.3815923359375 0.8113185671875 0.3872785609375
0 0.8256925531249999 0.37640351562499996 0.829980765625 0.3628266859375 0.8231259046874999 0.37036121093749996 0.8152746453124999 0.371604728125 0.8216460640625 0.3813436328125 0.8256925531249999 0.37640351562499996
1 0.725253596875 0.5857761578125 0.74023095 0.6091992671875001 0.7697944984375 0.57227275 0.7937413062500001 0.54053505 0.8222475578124999 0.5274216734375 0.8241204281250001 0.4884321046875 0.819924503125 0.40096276875000003 0.8071521531249999 0.3406470921875 0.7811830375000001 0.31896490625 0.75334105 0.3362722890625 0.7275822703125 0.37689540625 0.71381165 0.42206860781250005 0.70756015625 0.46390128906249994 0.704600475 0.48586613281249996 0.713719365625 0.5231147765624999 0.7214193140625 0.5412416921875 0.725253596875 0.5857761578125
1 0.8722576375 0.30454010781249996 0.8456537703125001 0.3195017828125 0.8150938234374999 0.35013729374999997 0.8256316546875 0.40650766718750003 0.8197122953125 0.4504373515625 0.8296762734375 0.5133474359375 0.88650795625 0.465653246875 0.890373621875 0.43924569687500004 0.8929107578125001 0.40445013437500005 0.897018146875 0.3694058671875 0.9042660390625 0.3338641953125 0.8842457984375001 0.309090190625 0.8722576375 0.30454010781249996
1 0.6982290578125 0.476127228125 0.6882336921875 0.48415916093750005 0.69237059375 0.4899527625 0.699648 0.49524895625000004 0.6982290578125 0.476127228125
1 0.7094311546875 0.5366916078124999 0.7071062265625 0.5220125875 0.6917358421875 0.526596625 0.6956310218749999 0.541026940625 0.7035726906249999 0.550517140625 0.7094311546875 0.5366916078124999
1 0.7130846140625 0.5597586375 0.69919406875 0.5533602546874999 0.6981367734374999 0.577173396875 0.6965056234375 0.60752625 0.712147240625 0.6351433656250001 0.7224747390624999 0.6292084359375 0.713778390625 0.6047905124999999 0.71103091875 0.577280771875 0.7130846140625 0.5597586375
0 0.7722726093750001 0.45580144999999994 0.77417499375 0.45764975156250004 0.778221484375 0.452709634375 0.7813619875 0.4522122265625 0.7860727421875 0.45146611718749996 0.783838225 0.4475208140625 0.77755721875 0.448515628125 0.774748846875 0.45111003906249997 0.7722726093750001 0.45580144999999994
0 0.8102593984375 0.5228715890625 0.817114259375 0.5153370640625 0.8154535953125001 0.50485205 0.8129773578125 0.5095434625 0.8076927484375 0.516829284375 0.8027402718750001 0.5262121093750001 0.8102593984375 0.5228715890625
0 0.726735309375 0.46301385 0.7207864359375 0.46610566875000004 0.7230209515625 0.47005097031250004 0.7308722109375 0.468807453125 0.7302079453125 0.46461344843749997 0.726735309375 0.46301385
0 0.799299021875 0.45367049687499994 0.8024395249999999 0.4531730890625 0.8068181484375 0.450329975 0.798302625 0.44737948593750004 0.793924 0.45022260000000003 0.799299021875 0.45367049687499994
0 0.8039802640625 0.4120865171875 0.8027421453124999 0.4144322234375 0.8037385421875 0.4207232328125 0.8068790453125001 0.420225825 0.8074529 0.4136861140625 0.8039802640625 0.4120865171875
