1 0.4635955171875 0.643513315625 0.47734916875 0.6697029328124999 0.480452703125 0.6925237203125 0.4862772296875 0.7156304953125 0.490741259375 0.738594275 0.49816012499999995 0.7596191640625001 0.5079174359375 0.7583952390625 0.5222239203125 0.7531505328125 0.5387837046875 0.752641578125 0.5399529265624999 0.741517171875 0.5230105968750001 0.7194913281249999 0.518546565625 0.696527546875 0.509533359375 0.677584546875 0.49305871718749994 0.651108940625 0.4840455140625 0.632165940625 0.47911379375 0.6136519218750001 0.47103596718749996 0.585809396875 0.462533021875 0.548924353125 0.44916191562499996 0.545269534375 0.42373762656249997 0.5515951703125 0.39986510625 0.5693311999999999 0.36895626406250004 0.58857714375 0.3464442390625 0.6064561671875001 0.3286300875 0.645074090625 0.33375308124999997 0.674855509375 0.353119 0.6476479796875 0.3710818515625 0.6337897375 0.3894698203125 0.6289740125 0.4105787796875 0.6244442765625 0.4314538953125 0.6221394203124999 0.44595165156250005 0.628162115625 0.4635955171875 0.643513315625
1 0.578748321875 0.7388463546875 0.6000911265625 0.7320917359375 0.622794425 0.7254801109375 0.6404808609375 0.72733903125 0.6502807421875 0.7126228265625 0.6510674187500001 0.6789636203125 0.64847414375 0.638200790625 0.6501961984375 0.595642059375 0.63873841875 0.5606959093749999 0.611379815625 0.533076353125 0.5783453890625 0.5071097015625 0.5383807703125 0.5209049265625 0.48598042656249996 0.5221458046875 0.47092983750000006 0.5475574359375 0.4823450453125 0.5959958656250001 0.494227940625 0.639984534375 0.508406709375 0.675216671875 0.5266669640625 0.710877790625 0.5456287515625 0.739864265625 0.5560450234375 0.7454579781249999 0.578748321875 0.7388463546875
1 0.6474967921875 0.5166272671875001 0.6523223828125 0.496889325 0.6487085859375 0.4920105796875 0.6373995078125 0.4818241125 0.6269406656250001 0.48972267968749994 0.6341256859375 0.512972446875 0.6474967921875 0.5166272671875001
0 0.64050304375 0.5046448984375 0.64505221875 0.5006241171875 0.6400779265625001 0.4956023796875 0.6332754515625 0.4948874109375 0.6339344140625001 0.5017050484375 0.64050304375 0.5046448984375
0 0.6266426640625 0.584168646875 0.631893371875 0.5734732203124999 0.623305284375 0.563572740625 0.6097003328125 0.5621428015625 0.599709178125 0.565591609375 0.6044070546875 0.5863305078125001 0.6266426640625 0.584168646875
0 0.610996671875 0.6545068828125 0.62464419375 0.6424445390625 0.6219657749999999 0.6286662703125 0.6126761546874999 0.6254404328125001 0.5990712031250001 0.6240104953125 0.5951384203125001 0.64834119375 0.610996671875 0.6545068828125
0 0.6235385296875 0.7053131875 0.6223693078125 0.71643759375 0.63325326875 0.7175815437499999 0.6418839281250001 0.71398974375 0.6459654140625 0.714418725 0.6480274421875001 0.707887075 0.6444136453125 0.7030083328125001 0.6346563359374999 0.70423225625 0.6235385296875 0.7053131875
0 0.5736679015624999 0.6955726546875 0.5772391265625 0.7139436796874999 0.581278040625 0.727864940625 0.5846579921874999 0.734968565625 0.588080515625 0.7285799109375 0.585635940625 0.7125767609375 0.5824898328125 0.7032482546875001 0.5802365328125 0.6985125046875 0.5736679015624999 0.6955726546875
0 0.6107838140624999 0.7219682875 0.6158006765625 0.71349774375 0.6174375890625 0.697923575 0.61429148125 0.68859506875 0.6081479671875 0.6946977375000001 0.6074038625 0.7148646624999999 0.6107838140624999 0.7219682875
0 0.5710536390625001 0.5895733015625 0.5488180296875 0.5917351625 0.52724138125 0.6007146609375 0.51087286875 0.6124910171875 0.5199286453124999 0.6179417359375 0.53128029375 0.6146359234375 0.5439924390625 0.61147310625 0.5707772234374999 0.6052904625 0.5893990375 0.5982498578125 0.585126278125 0.5865534765625 0.5710536390625001 0.5895733015625
1 0.46531816875 0.45698925625 0.49913927343750003 0.4492967015625 0.5239045984375 0.436153428125 0.53149375 0.4032091890625 0.5172298375 0.39496161406249997 0.49091274374999994 0.3966944953125 0.47158939687499996 0.41040974375 0.46404281718749996 0.42986170156250003 0.46531816875 0.45698925625
1 0.7023417125 0.5313895375000001 0.67236825 0.5417359546875 0.6439465546875 0.5634927671875001 0.6477516234375 0.5796389093750001 0.6524495 0.6003778093750001 0.6676487890625 0.5997258609375 0.6905859328124999 0.5908893546875 0.7099092796875001 0.57717410625 0.7172645875 0.54645475 0.7023417125 0.5313895375000001
1 0.57910988125 0.6961446312499999 0.59645634375 0.66197646875 0.5750499812500001 0.61698684375 0.5474149625 0.60508445 0.504920628125 0.629861084375 0.508683125 0.659499509375 0.5314925546875 0.6911398484375 0.57910988125 0.6961446312499999
