0 0.48718496718750004 0.6377586859375 0.4939275921875 0.634937259375 0.4995133125 0.6306873109375 0.507453034375 0.6243897671874999 0.511562484375 0.622032640625 0.5151537734375 0.6116042875 0.5178673359375 0.6013307015625 0.5199823515625 0.5927951734375 0.5229348984375 0.5890095234375 0.53059544375 0.5811286875 0.533588184375 0.5724383937499999 0.52393320625 0.5741408265625 0.5162726609375 0.5820216609375 0.50801356875 0.59164055625 0.5015501203125 0.596045271875 0.4947673015625 0.6037713421875 0.49181475625 0.6075569921875 0.483875034375 0.6138545359375 0.48439319531249997 0.6219257640625 0.4822781796875 0.6304612921875 0.478727084375 0.635985 0.47605371406249997 0.64135394375 0.47481642500000004 0.6497347062500001 0.4780079546875 0.6524369906249999 0.4810006953125 0.6437466953125 0.48718496718750004 0.6377586859375
0 0.64441183125 0.7030889109375 0.647364378125 0.6993032609375 0.65271111875 0.688565375 0.6551053109375 0.6816131390625 0.6586965984375001 0.6711847859375 0.66224769375 0.6656610765625001 0.6658389812500001 0.655232721875 0.6707859625 0.6576254734375 0.670267803125 0.649554246875 0.6683135625000001 0.6384712 0.6651622265625 0.6308642734375 0.6617317125 0.6216740515625 0.6574234734375 0.6126386 0.6493251578125 0.602638921875 0.6444183703124999 0.5953415265625 0.6428617109375 0.6070436375 0.6398287765624999 0.6206385765625 0.6388706625 0.630602628125 0.63791255 0.6405666828125 0.6334435359375 0.6511498015625 0.62957306875 0.6599948640625 0.627498246875 0.663625746875 0.62275005625 0.672625575 0.620715428125 0.671351815625 0.6204764453125 0.6648638796874999 0.6202776562500001 0.6534713015625 0.6186427875 0.6390669046874999 0.61868298125 0.6341622609375 0.6164495640625 0.621495925 0.6162507749999999 0.610103346875 0.61724908125 0.5952346484375 0.6132200203125 0.5877824875 0.60559966875 0.5907586796875 0.599694575 0.59832998125 0.5946672078125 0.6057465171875 0.5896398406250001 0.613163053125 0.5869664703125 0.6185319953125 0.5828168265625 0.6257937640625 0.5818989078125 0.630853175 0.5782674250000001 0.6461861703125 0.5837727593750001 0.6517455062499999 0.5901558203125 0.657150075 0.596219509375 0.6658759953125 0.59733621875 0.6722091640625 0.59988900625 0.6815541515625 0.599529440625 0.6897801453125 0.5997282312500001 0.7011727249999999 0.599368665625 0.7093987187499999 0.603397728125 0.7168508796874999 0.6073865953124999 0.729207684375 0.6102587546875 0.73523131875 0.6122531875 0.741409721875 0.6148461703125 0.745850065625 0.6195139734375 0.7466595234375 0.6192749890625 0.7401715875 0.6166820078125 0.73573124375 0.6150069453125 0.7262314921875 0.61305270625 0.715148446875 0.615446896875 0.7081962109375 0.6186384265625 0.7108984953124999 0.6210326187499999 0.703946259375 0.62434473125 0.6919346156249999 0.6295708890625 0.695910659375 0.6362331265625001 0.70289851875 0.6395050437500001 0.6957915156250001 0.64441183125 0.7030889109375
0 0.51663440625 0.537879871875 0.5181106796875 0.535987046875 0.5195869531249999 0.534094221875 0.5210632265624999 0.5322013953125 0.523417225 0.5301538031249999 0.526369771875 0.5263681515624999 0.5275668687499999 0.522892034375 0.52493369375 0.5233563343750001 0.52170196875 0.5255586921875001 0.5184702453125001 0.5277610515625 0.516116246875 0.52980864375 0.5143607953125 0.5301181781250001 0.5123261671875 0.52884441875 0.51084989375 0.53073724375 0.5122859734375 0.5337490625 0.513722053125 0.5367608796875001 0.51663440625 0.537879871875
0 0.5942805296875 0.40338238437499996 0.5957166078125 0.4063942015625 0.597472059375 0.40608466875 0.5989483328125 0.4041918421875 0.5983899781249999 0.401025259375 0.5948790765624999 0.4016443265625 0.5942805296875 0.40338238437499996
0 0.538137584375 0.5520459875 0.532033703125 0.548224709375 0.5317143328125 0.5515460609375 0.5360627625000001 0.5556768703125 0.5383765687500001 0.558533921875 0.5412889203125 0.5596529140625 0.5416082921875 0.5563315625 0.538137584375 0.5520459875
0 0.482276 0.6663770875 0.47996219531250006 0.6635200359375 0.47557356874999995 0.66429386875 0.468511571875 0.6704366453125 0.46144957499999995 0.6765794203125 0.4593747546875 0.68021030625 0.46464110625000005 0.6792817062500001 0.4678728296875 0.677079346875 0.47373772968749994 0.6744126875 0.4784457265625 0.6703175031249999 0.482276 0.6663770875
0 0.4252618703125 0.7074480703125 0.42673814375 0.7055552453125 0.4261797890625 0.7023886593750001 0.4244243390625 0.7026981937500001 0.42179116250000004 0.7031624937500001 0.4185594390625 0.7053648515625001 0.415327715625 0.7075672109375 0.41121826562499997 0.7099243375000001 0.41265434531249995 0.7129361546874999 0.41588606875 0.7107337953124999 0.4193969703125 0.7101147296875 0.42203014687499996 0.7096504296874999 0.4252618703125 0.7074480703125
0 0.3652441015625 0.9367883234375001 0.362052571875 0.934086040625 0.358861040625 0.9313837546875 0.35535014062500003 0.932002821875 0.3518392390625 0.9326218890625 0.3526767703125 0.9373717656249999 0.35558912343750004 0.93849075625 0.359658378125 0.941038275 0.36257073125 0.9421572671874999 0.3640470046875 0.9402644406249999 0.3652441015625 0.9367883234375001
0 0.6362624218749999 0.8775728515625 0.637059759375 0.887227371875 0.637857096875 0.896881890625 0.6413679984375 0.896262825 0.6417275625000001 0.8880368296875 0.640930225 0.878382309375 0.6389357906249999 0.8722039078125 0.6362624218749999 0.8775728515625
0 0.58998414375 0.8563476250000001 0.5916994 0.8609427328124999 0.5946117531249999 0.862061725 0.59672676875 0.8535261984375 0.5944129640625 0.8506691468750001 0.5917797890625 0.851133446875 0.58998414375 0.8563476250000001
