0 0.27358490625 0.42463768125 0.2776280328125 0.440579709375 0.2897574125 0.4811594203125 0.316711590625 0.48840579687499996 0.3544474390625 0.485507246875 0.40161725 0.5014492749999999 0.4514824796875 0.5449275359375 0.491913746875 0.5666666671875 0.5566037734375 0.62608695625 0.580862534375 0.6536231890625 0.6172506734375001 0.69710145 0.641509434375 0.7304347828125 0.6725067390625 0.7666666671875 0.7075471703125 0.798550725 0.7061994609375 0.763768115625 0.738544475 0.760869565625 0.72641509375 0.7405797093750001 0.7169811328125 0.7217391296875 0.69407008125 0.698550725 0.67520215625 0.67536231875 0.6442048515625001 0.639130434375 0.62398921875 0.6173913046874999 0.606469003125 0.5927536234375 0.5822102421875 0.5666666671875 0.5606469 0.5579710140625 0.536388140625 0.5478260875000001 0.5148247984375 0.537681159375 0.491913746875 0.5217391296875 0.475741240625 0.5 0.44339622656250005 0.485507246875 0.42318059375 0.4710144921875 0.3975741234375 0.4579710140625 0.37601078125 0.4507246375 0.3625336921875 0.434782609375 0.3477088953125 0.440579709375 0.33153638750000003 0.4289855078125 0.33153638750000003 0.45652173906250004 0.307277628125 0.439130434375 0.27358490625 0.42463768125
0 0.545822103125 0.340579709375 0.5849056609375001 0.3536231890625 0.60512129375 0.363768115625 0.6347708890625 0.3565217390625 0.6576819406250001 0.37971014531249997 0.6778975734375 0.386956521875 0.6994609171875 0.39710144999999997 0.692722371875 0.37536231875000003 0.6725067390625 0.359420290625 0.6522911046875 0.3507246375 0.61455525625 0.3434782609375 0.58625336875 0.3318840578125 0.5606469 0.3289855078125 0.5296495953125 0.30289855 0.508086253125 0.28985507187500004 0.5067385437499999 0.310144928125 0.5134770890625 0.3188405796875 0.524258759375 0.32028985468750004 0.545822103125 0.340579709375
0 0.7439353093750001 0.663768115625 0.7560646906249999 0.6173913046874999 0.7668463609375 0.5797101453125 0.7520215640625 0.5492753625 0.718328840625 0.5318840578125 0.685983828125 0.5173913046874999 0.6846361187500001 0.540579709375 0.6967654984375 0.5724637687499999 0.6954177890625 0.611594203125 0.6981132078125001 0.6478260875 0.6900269546875 0.67536231875 0.6967654984375 0.6927536234375 0.7237196765625 0.6913043484375 0.7439353093750001 0.663768115625
0 0.7129380046875 0.3942028984375 0.7412398921875 0.42318840625 0.7574123984375001 0.4507246375 0.761455525 0.47536231874999996 0.7695417796874999 0.5072463765624999 0.7870619953125 0.5202898546875 0.8018867921874999 0.5014492749999999 0.8099730453125 0.46811594218749997 0.8126684640624999 0.434782609375 0.7857142859375 0.4 0.76415094375 0.37246376875 0.7223719671875 0.35217391249999996 0.6994609171875 0.3434782609375 0.606469003125 0.32028985468750004 0.63342318125 0.33478260937500004 0.6617250671875 0.3478260875 0.69407008125 0.3695652171875 0.7129380046875 0.3942028984375
0 0.606469003125 0.514492753125 0.640161725 0.5333333328125 0.67520215625 0.540579709375 0.676549865625 0.514492753125 0.6442048515625001 0.489855071875 0.594339621875 0.47246376874999996 0.5323450140625 0.440579709375 0.48517520156250005 0.42173912968750005 0.4770889484375 0.439130434375 0.5040431265625 0.45362318906250004 0.5283018875 0.46666666718750005 0.5700808625 0.49710145 0.606469003125 0.514492753125
0 0.6388140156250001 0.42608695625 0.6873315359375 0.439130434375 0.7169811328125 0.4449275359375 0.74528301875 0.4463768109375 0.7250673859375001 0.42318840625 0.673854446875 0.40289855 0.6172506734375001 0.37681159375 0.5822102421875 0.36521739062499997 0.545822103125 0.3550724640625 0.5283018875 0.363768115625 0.5646900265625 0.3840579703125 0.5929919140625 0.3956521734375 0.6199460921875 0.40724637656249996 0.6388140156250001 0.42608695625
0 0.35849056562500003 0.534782609375 0.37196765468750004 0.539130434375 0.377358490625 0.5217391296875 0.3625336921875 0.513043478125 0.34501347656250003 0.513043478125 0.32614555312500004 0.511594203125 0.33153638750000003 0.52318840625 0.34097035 0.5289855078125 0.35849056562500003 0.534782609375
0 0.3921832890625 0.601449275 0.4150943390625 0.614492753125 0.43396226406249994 0.611594203125 0.428571428125 0.5927536234375 0.428571428125 0.57681159375 0.40700808593750004 0.5710144921875 0.3894878703125 0.5797101453125 0.3706199453125 0.5724637687499999 0.351752021875 0.560869565625 0.359838275 0.57391304375 0.37601078125 0.585507246875 0.3921832890625 0.601449275
0 0.6266846359375 0.45362318906250004 0.6266846359375 0.467908903125 0.6347708890625 0.4840579703125 0.6442048515625001 0.4811594203125 0.6428571421875 0.46811594218749997 0.640161725 0.45942029062499995 0.6374663078125 0.4463768109375 0.6266846359375 0.45362318906250004
0 0.622641509375 0.4710144921875 0.62398921875 0.46086956562500003 0.622641509375 0.4492753625 0.615902965625 0.440579709375 0.6091644203125 0.42318840625 0.6118598375000001 0.40579710156250004 0.5902964953125001 0.40144927499999994 0.5741239890625 0.40434782656249996 0.5700808625 0.42463768125 0.5700808625 0.4579710140625 0.5916442046875 0.46956521718750005 0.6078167109375 0.47246376874999996 0.622641509375 0.4710144921875
0 0.4622641515625 0.46376811562500003 0.46630727812500006 0.4521739125 0.4622641515625 0.4449275359375 0.44743935312499994 0.439130434375 0.4420485171875 0.4579710140625 0.43935310000000005 0.47681159375000004 0.4447439359375 0.486956521875 0.45552560625 0.47391304375 0.4622641515625 0.46376811562500003
1 0.288409703125 0.22608695625 0.26954177968750004 0.23913043437499998 0.24663072812500003 0.25072463749999996 0.21698113281250003 0.265217390625 0.22237196718750002 0.28985507187500004 0.2250673859375 0.30434782656250003 0.22371967656249997 0.313043478125 0.22237196718750002 0.32028985468750004 0.2250673859375 0.33478260937500004 0.22641509375000002 0.3420289859375 0.22371967656249997 0.359420290625 0.21698113281250003 0.389855071875 0.20889487812500002 0.41159420312500006 0.1819407015625 0.439130434375 0.2250673859375 0.510144928125 0.3180592984375 0.540579709375 0.34097035 0.5579710140625 0.3571428578125 0.5797101453125 0.39892183281250004 0.6072463765625 0.43665768125 0.6434782609374999 0.48382749374999995 0.6710144921875 0.5202156328124999 0.6956521734375001 0.5673854453125 0.7304347828125 0.606469003125 0.7565217390625001 0.640161725 0.7826086953125 0.67520215625 0.8072463765625001 0.7142857140625 0.8304347828124999 0.727762803125 0.8115942031250001 0.718328840625 0.77391304375 0.737196765625 0.7536231890625 0.692722371875 0.6956521734375001 0.7075471703125 0.6942028984374999 0.7412398921875 0.6710144921875 0.7493261453125 0.6463768109375 0.762803234375 0.589855071875 0.77358490625 0.559420290625 0.791105121875 0.514492753125 0.7938005390625 0.5014492749999999 0.807277628125 0.4797101453125 0.8099730453125 0.439130434375 0.7978436656250001 0.42608695625 0.78032345 0.40144927499999994 0.76415094375 0.37681159375 0.746630728125 0.362318840625 0.7115902968750001 0.3492753625 0.6805929921875 0.3318840578125 0.6280323453125 0.3188405796875 0.6118598375000001 0.314492753125 0.587601078125 0.314492753125 0.568733153125 0.3188405796875 0.5579514828125001 0.3072463765625 0.5390835578125001 0.3 0.518867925 0.288405796875 0.5040431265625 0.27246376875 0.4865229109375 0.2550724640625 0.47035040468749995 0.23768115937499998 0.46630727812500006 0.2159420296875 0.4501347703125 0.211594203125 0.42318059375 0.23768115937499998 0.4110512125 0.20579710156250003 0.39487870625 0.2 0.3827493265625 0.1913043484375 0.35849056562500003 0.201449275 0.3477088953125 0.22608695625 0.3180592984375 0.23043478281250002 0.288409703125 0.22608695625
