0 0.794630871875 0.5116731515625 0.8174496640625 0.5058365765625 0.82818791875 0.49610895 0.8147651 0.49416342343749997 0.8174496640625 0.48443579843749995 0.8093959734375 0.48443579843749995 0.79865771875 0.49027237343749996 0.7812080531250001 0.5 0.7704697984375 0.5097276265625 0.7731543624999999 0.5194552531250001 0.7825503359375 0.5155642015625 0.794630871875 0.5116731515625
0 0.7691275171874999 0.5778210109375 0.778523490625 0.5680933859375 0.794630871875 0.558365759375 0.7973154359375 0.5486381328125 0.8093959734375 0.5350194546875 0.8174496640625 0.5252918281250001 0.8 0.5233463031250001 0.791946309375 0.5350194546875 0.7825503359375 0.5389105062499999 0.7758389265625001 0.5408560312499999 0.7624161078125 0.5466926062499999 0.761073825 0.558365759375 0.7570469796875 0.566147859375 0.7570469796875 0.5836575875000001 0.7691275171874999 0.5778210109375
0 0.6241610734374999 0.6400778203125 0.632214765625 0.6517509734375 0.6362416109375 0.6420233468750001 0.65234899375 0.6342412453125 0.6577181203125 0.6186770421875 0.6563758390625 0.5953307390625 0.653691275 0.5778210109375 0.6375838921875 0.5836575875000001 0.6268456375 0.5836575875000001 0.6241610734374999 0.5992217906249999 0.6255033562500001 0.62062256875 0.6241610734374999 0.6400778203125
0 0.6496644296875 0.5680933859375 0.6563758390625 0.5564202328125 0.65234899375 0.5447470812499999 0.6429530203125 0.5466926062499999 0.633557046875 0.5466926062499999 0.6241610734374999 0.5544747078125 0.6268456375 0.566147859375 0.634899328125 0.566147859375 0.6496644296875 0.5680933859375
0 0.6228187921874999 0.5992217906249999 0.6147651 0.5894941640625 0.6040268453125 0.5914396890625 0.606711409375 0.6031128406249999 0.6134228187499999 0.6031128406249999 0.6228187921874999 0.5992217906249999
0 0.6134228187499999 0.6731517515625 0.6187919468749999 0.6653696499999999 0.6134228187499999 0.6498054468750001 0.6187919468749999 0.6381322953125 0.6174496640625 0.62645914375 0.605369128125 0.62840466875 0.5932885906250001 0.6381322953125 0.5973154359375 0.6556420234375 0.6040268453125 0.6653696499999999 0.6134228187499999 0.6731517515625
0 0.6120805375 0.5564202328125 0.6120805375 0.5447470812499999 0.6026845640625 0.5428015562499999 0.594630871875 0.5466926062499999 0.594630871875 0.5544747078125 0.6026845640625 0.5544747078125 0.6120805375 0.5564202328125
0 0.551677853125 0.5856031125000001 0.5570469796874999 0.5758754859375 0.5570469796874999 0.566147859375 0.5422818796875 0.5739299609375 0.5302013421875 0.5719844359375 0.5302013421875 0.5817120625000001 0.5422818796875 0.5856031125000001 0.551677853125 0.5856031125000001
0 0.3758389265625 0.7821011671875 0.367785234375 0.7840466921875 0.35838926249999997 0.7782101171875 0.35838926249999997 0.7879377437499999 0.366442953125 0.7937743187499999 0.379865771875 0.7976653703125 0.3879194625 0.7996108953125 0.39060402656250004 0.7879377437499999 0.393288590625 0.7782101171875 0.394630871875 0.7684824906250001 0.4 0.7548638125 0.41073825468749997 0.7529182875 0.418791946875 0.7587548640625 0.42281879218749996 0.7490272375 0.42550335625 0.7373540859375 0.406711409375 0.7373540859375 0.391946309375 0.7373540859375 0.3879194625 0.7529182875 0.3838926171875 0.7723735406250001 0.3758389265625 0.7821011671875
0 0.4026845640625 0.8073929968750001 0.3879194625 0.8093385218750001 0.3852349 0.8190661484374999 0.391946309375 0.8210116734374999 0.4 0.8171206218749999 0.406711409375 0.8171206218749999 0.4147651 0.7723735406250001 0.406711409375 0.7762645921875 0.406711409375 0.7918287937499999 0.4040268453125 0.7996108953125 0.4026845640625 0.8073929968750001
0 0.366442953125 0.8151750968749999 0.35570469843749997 0.8190661484374999 0.3489932890625 0.8132295718749999 0.3422818796875 0.8054474703125001 0.3342281875 0.8054474703125001 0.32080536875 0.8073929968750001 0.30872483281249996 0.8035019453125001 0.2979865765625 0.8073929968750001 0.30469798593749997 0.8151750968749999 0.3194630875 0.8229571984374999 0.33288590625 0.8268482484374999 0.3221476515625 0.8385214 0.3355704703125 0.8443579765625 0.3489932890625 0.8501945531249999 0.366442953125 0.8560311281249999 0.3771812078125 0.8540856031249999 0.3825503359375 0.8463035015625 0.3852349 0.836575875 0.38657718124999996 0.828793775 0.3852349 0.8151750968749999 0.378523490625 0.8035019453125001 0.37181208125 0.8151750968749999 0.366442953125 0.8151750968749999
0 0.299328859375 0.7879377437499999 0.3033557046875 0.7996108953125 0.314093959375 0.7996108953125 0.327516778125 0.7976653703125 0.34093959687500003 0.7976653703125 0.3503355703125 0.7918287937499999 0.3503355703125 0.7782101171875 0.33825503281249997 0.7859922171875 0.3221476515625 0.7898832687499999 0.30738255 0.7879377437499999 0.299328859375 0.7879377437499999
0 0.6416107375 0.47276264531249995 0.6416107375 0.45719844375 0.646979865625 0.44552529218750003 0.6308724828125001 0.44747081718750004 0.6228187921874999 0.45330739375 0.6255033562500001 0.46692607031250005 0.6268456375 0.48443579843749995 0.6308724828125001 0.498054475 0.6416107375 0.48832684843749996 0.6416107375 0.47276264531249995
0 0.765100671875 0.20622568125 0.766442953125 0.19844357968749998 0.754362415625 0.19649805468749998 0.740939596875 0.2003891046875 0.7302013421875 0.2023346296875 0.726174496875 0.21011673125 0.7369127515625 0.21011673125 0.74765100625 0.20817120625 0.765100671875 0.20622568125
0 0.753020134375 0.2217898828125 0.7489932890625 0.2140077828125 0.739597315625 0.2198443578125 0.7315436234375 0.2237354078125 0.7382550328125 0.227626459375 0.746308725 0.225680934375 0.753020134375 0.2217898828125
0 0.818791946875 0.4143968875 0.8147651 0.42217898906249995 0.8201342281249999 0.42412451406249996 0.8268456375 0.4163424125 0.818791946875 0.4143968875
1 0.3731543625 0.6108949421875 0.3637583890625 0.6400778203125 0.37181208125 0.6536964984375 0.39060402656250004 0.6789883265625 0.3973154359375 0.7120622562500001 0.40134228125 0.7315175093749999 0.42953020156250005 0.6614785999999999 0.43758389218750005 0.6420233468750001 0.4563758390625 0.62256809375 0.4778523484375 0.6011673156249999 0.4429530203125 0.5330739296875 0.4147651 0.5447470812499999 0.394630871875 0.5544747078125 0.3852349 0.5856031125000001 0.3731543625 0.6108949421875
1 0.3342281875 0.7821011671875 0.29261745 0.7918287937499999 0.3033557046875 0.8171206218749999 0.33020134218749997 0.8385214 0.3489932890625 0.8521400781249999 0.367785234375 0.8501945531249999 0.3825503359375 0.8482490265625 0.4 0.8443579765625 0.41073825468749997 0.7996108953125 0.41744966406249995 0.7684824906250001 0.418791946875 0.7431906609375 0.394630871875 0.7412451359375 0.3704697984375 0.7684824906250001 0.3570469796875 0.7840466921875 0.3342281875 0.7821011671875
1 0.53288590625 0.44747081718750004 0.512751678125 0.45719844375 0.4899328859375 0.474708171875 0.4818791953125 0.49221789843749997 0.453691275 0.501945525 0.4416107375 0.5155642015625 0.448322146875 0.5311284046875 0.4630872484375 0.562256809375 0.4711409390625 0.5914396890625 0.5033557046875 0.5817120625000001 0.514093959375 0.5875486375000001 0.512751678125 0.6031128406249999 0.5288590609375 0.5933852140625 0.539597315625 0.5933852140625 0.553020134375 0.5933852140625 0.57449664375 0.6089494156249999 0.5825503359375 0.6303501953125 0.594630871875 0.6575875484375 0.605369128125 0.692607003125 0.6228187921874999 0.6692606999999999 0.6228187921874999 0.6439688718750001 0.620134228125 0.6031128406249999 0.621476509375 0.566147859375 0.620134228125 0.5272373546875 0.6187919468749999 0.50389105 0.6187919468749999 0.49221789843749997 0.6026845640625 0.48832684843749996 0.579865771875 0.46303501875 0.551677853125 0.44747081718750004 0.53288590625 0.44747081718750004
1 0.6604026843749999 0.5428015562499999 0.6228187921874999 0.5486381328125 0.620134228125 0.5933852140625 0.62818791875 0.6770428015625 0.6402684562500001 0.6614785999999999 0.6496644296875 0.62451361875 0.6577181203125 0.5875486375000001 0.6604026843749999 0.5428015562499999
