0 0.1443860828125 0.7458962078125 0.14859855 0.7563226890625 0.15834605468750002 0.7630737765625 0.170052875 0.7647456453125 0.2038998453125 0.751715940625 0.2206029 0.7475514015625 0.23990201875 0.7473302984375 0.24445739843749997 0.7461945140624999 0.2482780859375 0.7291744359375001 0.250678259375 0.7193945921875 0.253617234375 0.7117757640625 0.22716667343750002 0.709189215625 0.20189165937500003 0.7177863390625 0.172502125 0.7228186187500001 0.1563378703125 0.7291441734374999 0.15437855312499998 0.7342233921875 0.1498231734375 0.7353591765624999 0.14634540000000001 0.7408169890625 0.1443860828125 0.7458962078125
0 0.240979621875 0.7516523265624999 0.20203847343749998 0.7636567999999999 0.20277316406249998 0.77954109375 0.2014505953125 0.7936429671874999 0.2086020375 0.79645061875 0.22074971406250002 0.7934218625 0.23299533593750002 0.7972547453125001 0.23431790624999999 0.7831528718749999 0.2386773953125 0.768293809375 0.240979621875 0.7516523265624999
0 0.22809704531250002 0.80995279375 0.2239825234375 0.806387953125 0.2205047484375 0.811845765625 0.2261377296875 0.8150320125 0.22809704531250002 0.80995279375
0 0.20316494375 0.8069876515625 0.20282203281250002 0.818549915625 0.2044384375 0.8250329593749999 0.20899381718750001 0.8238971765624999 0.20781826875 0.81271350625 0.20772032343750002 0.8058518671874999 0.20316494375 0.8069876515625
0 0.2127654265625 0.8390242812500001 0.21061022031249998 0.8303802203125 0.205516040625 0.829354990625 0.205173128125 0.840917253125 0.2127654265625 0.8390242812500001
0 0.20830799375 0.8470217046874999 0.2078671359375 0.851722328125 0.211002 0.857826778125 0.21350011875 0.854908575 0.212422515625 0.8505865453125001 0.20830799375 0.8470217046874999
0 0.22383550156249998 0.8316734953125 0.22187618593749997 0.8367527125 0.22848882656249997 0.8373993499999999 0.22785207968750001 0.8283766953124999 0.22383550156249998 0.8316734953125
0 0.357900809375 0.793656553125 0.35422714375000003 0.7853910875000001 0.3496717640625 0.7865268703125 0.344675528125 0.7923632796875 0.3479083375 0.80532936875 0.354961834375 0.8012753828125 0.357900809375 0.793656553125
0 0.4008096671875 0.7393464609375 0.3947358296875 0.7408608390625 0.388661990625 0.7423752171875 0.3846454125 0.7456720156250001 0.3831269546875 0.746050609375 0.3853801046875 0.761556309375 0.390033428125 0.7672821640625 0.3950296640625 0.7614457578125 0.3995850421875 0.7603099734375001 0.4061976828125 0.7609566109375 0.41281032343749996 0.761603246875 0.414769640625 0.7565240281250001 0.4090387125 0.7464761421875 0.40492419062499996 0.7429113015625 0.4008096671875 0.7393464609375
0 0.3579006 0.8648125578125001 0.355402484375 0.8677307609374999 0.35799854531249997 0.871674196875 0.363092725 0.872699428125 0.364072384375 0.87015981875 0.3609375203125 0.8640553687500001 0.3579006 0.8648125578125001
0 0.51062828125 0.81755185625 0.5160653734375 0.8070148250000001 0.510873246875 0.799127953125 0.499705228125 0.7996171000000001 0.49524779375000005 0.8076145218749999 0.5049952984375 0.814365609375 0.51062828125 0.81755185625
0 0.41276082968749994 0.9360624375000001 0.416875353125 0.9396272781249999 0.4198143265625 0.93200845 0.41569980468749995 0.9284436093749999 0.40443383906249997 0.9220711156249999 0.39826205625 0.9167238546875 0.39576393906249996 0.919642059375 0.39738034375 0.926125103125 0.4050705859375 0.9310937718750001 0.41276082968749994 0.9360624375000001
0 0.34541021875 0.8082475734375001 0.34952474218749996 0.8118124140624999 0.352022859375 0.8088942109374999 0.349426796875 0.8049507734375 0.34541021875 0.8082475734375001
0 0.6076144328125 0.5661305171875 0.6121698125 0.5649947328125 0.6083982015625 0.549867628125 0.6051653921875 0.5369015375 0.6008549796875 0.51961341875 0.5954669640625 0.49800326874999995 0.5900789484375 0.47639311875 0.5849847687499999 0.47536788750000003 0.6076144328125 0.5661305171875
0 0.665659646875 0.2555576453125 0.655030428125 0.25820780625 0.6526302546875 0.26798765 0.6592428953125 0.2686342859375 0.6744274921875 0.264848340625 0.6786399609375 0.27527482187499996 0.6828524265625 0.28570130312500003 0.7046496640625 0.28256199375 0.727867415625 0.2721824515625 0.726055121875 0.2519761265625 0.716993440625 0.2221005125 0.7054825078125 0.23415192343750002 0.688779453125 0.2383164625 0.6812850984375001 0.24707107499999997 0.665659646875 0.2555576453125
