1 0.6842105265625 0.47715736093750005 0.7017543859375001 0.5 0.7087719296875 0.5101522843749999 0.7087719296875 0.52791878125 0.7052631578125 0.5406091375 0.710526315625 0.5812182734375 0.7192982453125001 0.6218274109374999 0.754385965625 0.5812182734375 0.789473684375 0.5431472078125 0.7947368421875 0.5329949234375 0.8017543859374999 0.5050761421875001 0.80701754375 0.469543146875 0.8122807015625 0.4441624359375 0.817543859375 0.40609137031250003 0.8192982453125 0.3781725890625 0.8192982453125 0.3477157359375 0.8157894734375001 0.322335025 0.803508771875 0.3096446703125 0.7947368421875 0.2969543140625 0.775438596875 0.291878171875 0.7561403515625 0.2868020296875 0.7333333328125 0.291878171875 0.7122807015625 0.2994923859375 0.696491228125 0.312182740625 0.689473684375 0.322335025 0.6877192984375 0.3477157359375 0.6771929828125 0.34517766562499996 0.6701754390625 0.3578680203125 0.66491228125 0.370558375 0.66491228125 0.39847715781250004 0.671929825 0.43908629374999997 0.6842105265625 0.47715736093750005
1 0.6070175437499999 0.5558375640625 0.6017543859375001 0.56852791875 0.6 0.5862944156250001 0.6087719296875 0.5837563453125 0.6263157890625 0.56852791875 0.6473684203125 0.54822335 0.6701754390625 0.52791878125 0.6807017546874999 0.5203045687500001 0.69298245625 0.5355329953125 0.7 0.530456853125 0.6982456140625 0.5126903546875 0.6912280703125 0.49746192968749997 0.6842105265625 0.48223350312499996 0.6736842109375 0.4593908625 0.6666666671875 0.43147208125000003 0.661403509375 0.40609137031250003 0.6596491234374999 0.38324873125000003 0.6526315796875 0.3756345171875 0.638596490625 0.373096446875 0.63508771875 0.380710659375 0.6228070171875 0.380710659375 0.6140350875 0.373096446875 0.6070175437499999 0.3857868015625 0.6017543859375001 0.401015228125 0.6140350875 0.4086294421875 0.6122807015625 0.42131979687500004 0.6052631578125001 0.42639593906249995 0.5947368421875 0.44162436562499996 0.5912280703125 0.4593908625 0.59298245625 0.49238578750000006 0.6017543859375001 0.517766496875 0.6122807015625 0.530456853125 0.617543859375 0.5431472078125 0.6140350875 0.5558375640625 0.6070175437499999 0.5558375640625
1 0.8192982453125 0.3578680203125 0.817543859375 0.39847715781250004 0.8052631578125 0.47969543124999997 0.8017543859374999 0.49746192968749997 0.8087719296874999 0.5025380703125 0.8140350875 0.4847715734375 0.8228070171875 0.469543146875 0.8315789468749999 0.4593908625 0.828070175 0.44670050781250004 0.8245614031249999 0.4340101515625 0.8315789468749999 0.43147208125000003 0.8438596484374999 0.42131979687500004 0.8578947375 0.413705584375 0.86491228125 0.40609137031250003 0.8684210531250001 0.39847715781250004 0.8684210531250001 0.380710659375 0.8684210531250001 0.3654822328125 0.86491228125 0.352791878125 0.8578947375 0.3375634515625 0.8473684203125 0.3197969546875 0.85087719375 0.304568528125 0.8421052625 0.29441624375000003 0.8403508765625001 0.28172588906249996 0.8298245609375 0.284263959375 0.8228070171875 0.2994923859375 0.817543859375 0.3071065984375 0.8157894734375001 0.3147208125 0.817543859375 0.324873096875 0.8192982453125 0.3578680203125
1 0.09298245625 0.352791878125 0.117543859375 0.3654822328125 0.1368421046875 0.373096446875 0.14385964843750002 0.3578680203125 0.1298245609375 0.34517766562499996 0.12105263125000001 0.3375634515625 0.1192982453125 0.3172588828125 0.1087719296875 0.3096446703125 0.0982456140625 0.304568528125 0.089473684375 0.3147208125 0.08771929843750001 0.3401015234375 0.09298245625 0.352791878125
0 0.8842105265625 0.3781725890625 0.8684210531250001 0.3883248734375 0.8684210531250001 0.3959390859375 0.8842105265625 0.38324873125000003 0.8842105265625 0.3781725890625
0 0.8421052625 0.3578680203125 0.8614035093749999 0.3401015234375 0.8614035093749999 0.33502538125000003 0.8438596484374999 0.35025380781250004 0.828070175 0.3629441625 0.8263157890624999 0.370558375 0.8421052625 0.3578680203125
0 0.85087719375 0.3629441625 0.86491228125 0.352791878125 0.8684210531250001 0.3477157359375 0.8543859656249999 0.35532995 0.8403508765625001 0.3654822328125 0.8403508765625001 0.373096446875 0.85087719375 0.3629441625
0 0.8736842109375 0.3654822328125 0.8631578953125001 0.3857868015625 0.8666666671875 0.3857868015625 0.875438596875 0.3680203046875 0.8736842109375 0.3654822328125
0 0.8017543859374999 0.4644670046875 0.768421053125 0.4847715734375 0.771929825 0.49238578750000006 0.803508771875 0.469543146875 0.8017543859374999 0.4644670046875
0 0.7701754390625 0.47715736093750005 0.8052631578125 0.4543147203125 0.803508771875 0.449238578125 0.7736842109375 0.469543146875 0.7438596484375 0.489847715625 0.7421052625 0.49746192968749997 0.7701754390625 0.47715736093750005
0 0.41228070156249996 0.7664974625000001 0.41228070156249996 0.776649746875 0.44561403437499997 0.7664974625000001 0.48596491249999996 0.743654821875 0.5315789468750001 0.723350253125 0.59298245625 0.695431471875 0.57894736875 0.6928934015625 0.5280701750000001 0.715736040625 0.482456140625 0.736040609375 0.44912280625 0.756345178125 0.41228070156249996 0.7664974625000001
0 0.6017543859375001 0.39847715781250004 0.624561403125 0.3883248734375 0.6280701750000001 0.380710659375 0.6122807015625 0.3857868015625 0.568421053125 0.4162436546875 0.575438596875 0.4187817265625 0.6017543859375001 0.39847715781250004
0 0.538596490625 0.558375634375 0.5438596484375 0.5634517765625 0.5666666671875 0.5558375640625 0.5807017546875 0.5406091375 0.6228070171875 0.5101522843749999 0.6526315796875 0.48223350312499996 0.671929825 0.4644670046875 0.668421053125 0.4593908625 0.638596490625 0.4873096453125 0.59298245625 0.5253807109374999 0.5701754390625 0.5431472078125 0.538596490625 0.558375634375
0 0.6 0.44162436562499996 0.6 0.4340101515625 0.561403509375 0.45685279218749997 0.5315789468750001 0.47208121875 0.5543859656250001 0.46700507656249995 0.56491228125 0.46192893437500004 0.6 0.44162436562499996
0 0.5017543859375 0.70558375625 0.5 0.695431471875 0.49824561406249995 0.6903553296875 0.5 0.6802030453125 0.49298245625000003 0.6903553296875 0.496491228125 0.695431471875 0.49824561406249995 0.70558375625 0.5017543859375 0.70558375625
0 0.50701754375 0.723350253125 0.5105263156250001 0.723350253125 0.5087719296875 0.7182741109374999 0.52105263125 0.708121828125 0.5280701750000001 0.70558375625 0.5315789468750001 0.7005076140625001 0.5263157890625 0.69796954375 0.5140350875 0.708121828125 0.49824561406249995 0.715736040625 0.5017543859375 0.7208121828125 0.50701754375 0.723350253125
0 0.603508771875 0.6243654828125 0.5912280703125 0.6370558374999999 0.596491228125 0.6421319796875 0.6070175437499999 0.6319796953125 0.603508771875 0.6243654828125
0 0.6087719296875 0.6725888328125 0.603508771875 0.6700507609375 0.5877192984375 0.7030456859374999 0.59298245625 0.708121828125 0.6087719296875 0.6725888328125
0 0.6157894734375 0.626903553125 0.6087719296875 0.64467005 0.6140350875 0.64467005 0.62105263125 0.6243654828125 0.6157894734375 0.626903553125
0 0.103508771875 0.3197969546875 0.0947368421875 0.3096446703125 0.09122807031249999 0.3172588828125 0.1017543859375 0.3274111671875 0.103508771875 0.3197969546875
0 0.682456140625 0.5025380703125 0.6807017546874999 0.49746192968749997 0.6491228062500001 0.5228426390625 0.59298245625 0.578680203125 0.603508771875 0.5913705578124999 0.6368421046875 0.550761421875 0.682456140625 0.5025380703125
0 0.710526315625 0.626903553125 0.7 0.6345177671875 0.7052631578125 0.654822334375 0.7122807015625 0.6345177671875 0.710526315625 0.626903553125
