0 0.113301996875 0.5782212140625 0.11385932031249998 0.574138996875 0.11120192656250001 0.5725629156250001 0.10854453593749999 0.57098683125 0.1035383 0.56978276875 0.0964917734375 0.570898828125 0.0906196671875 0.5718288796875 0.08678785312500001 0.57043880625 0.08209016875 0.571182846875 0.078875453125 0.5736889796875 0.07566073906250001 0.5761951125 0.0803584234375 0.575451071875 0.085364659375 0.5766551359375 0.0897537953125 0.5739629921875 0.0932770578125 0.5734049625 0.09797474375000001 0.5726609218750001 0.1018065578125 0.5740509953124999 0.10563837031250001 0.5754410671875 0.109470184375 0.5768311421875 0.112127575 0.5784072250000001 0.113301996875 0.5782212140625
0 0.2623954796875 0.7822620062500001 0.264187 0.7859722031249999 0.2648040984375 0.789868409375 0.2689444609375 0.7932065859375 0.2674017140625 0.7834660703125 0.2653016453125 0.7778077703124999 0.264375996875 0.771963459375 0.2598673109375 0.75869875625 0.25684159375000004 0.7471961484375 0.255607396875 0.739403734375 0.25233290625000004 0.7339314453125 0.251158484375 0.73411745625 0.24732667187500001 0.7327273828124999 0.24905841562500003 0.72845915625 0.24961573750000002 0.724376940625 0.2534475515625 0.7257670125 0.2551792953125 0.7214987875000001 0.2510389328125 0.7181606109375 0.25011328593750004 0.7123163 0.2491876375 0.706471990625 0.2465302453125 0.7048959078125 0.245913146875 0.7009997015625 0.245355825 0.7050819171875 0.2462814734375 0.7109262265625 0.246898571875 0.714822434375 0.2460326984375 0.716956546875 0.24541559999999998 0.7130603390625 0.2427582078125 0.7114842578125 0.240409365625 0.711856278125 0.23688610156249998 0.7124143078125 0.23935449531250003 0.7279991328125 0.243246084375 0.7373676296875 0.24478883125 0.7471081468749999 0.2506609375 0.746178096875 0.25239268125000003 0.74190986875 0.2548013 0.7495162718749999 0.256035496875 0.757308684375 0.2596185359375 0.764729078125 0.2611612828125 0.77446959375 0.2623954796875 0.7822620062500001
0 0.23509458125 0.7087041109375 0.237443425 0.708332090625 0.23503480625 0.7007256890625 0.23237741406249998 0.6991496046875 0.22854560156249998 0.6977595328125 0.2306456703125 0.70341783125 0.23330306093750003 0.7049939140625 0.23509458125 0.7087041109375
0 0.27198951875 0.7288211718750001 0.26729183437500004 0.7295652125000001 0.2622856 0.7283611484375 0.25758791406250003 0.7291051890625 0.2643856671875 0.7340194484375 0.2679089328125 0.7334614171875 0.269700453125 0.7371716140625 0.2703175515625 0.7410678203125001 0.2753237859375 0.742271884375 0.27767262812500004 0.741899865625 0.27822995 0.7378176484375001 0.27439813750000003 0.7364275734375 0.2737810390625 0.7325313671875 0.27198951875 0.7288211718750001
0 0.30134038125 0.7621149328125 0.30276357656249997 0.7558986015625 0.3044953203125 0.751630375 0.299797634375 0.7523744156250001 0.2968316953125 0.7488502296874999 0.279344596875 0.7296532140624999 0.2870679984375 0.740411784375 0.291825459375 0.747646165625 0.296274371875 0.7529324453124999 0.2933682046875 0.7573866828125 0.2898449421875 0.7579447125 0.28959616875 0.7639750328125 0.2913876875 0.7676852281250001 0.2972597953125 0.766755178125 0.2993000890625 0.7644350546875 0.30134038125 0.7621149328125
0 0.31926525 0.7612728843750001 0.3198225734375 0.7571906671875 0.318031053125 0.7534804703125 0.312158946875 0.7544105203125 0.308386909375 0.760998871875 0.30665516406250004 0.7652670968749999 0.30078305781250003 0.7661971484375 0.300842834375 0.7741755718750001 0.307023490625 0.7751936234375 0.3105467546875 0.77463559375 0.3164188609375 0.77370554375 0.3234653890625 0.7725894828125 0.3316863390625 0.7712874125 0.3319351109375 0.7652570921875 0.32544590625 0.7622909359375 0.31926525 0.7612728843750001
0 0.4074549828125 0.5655804921875001 0.40652933437499994 0.5597361828125 0.40065722812500004 0.560666234375 0.40275729531250004 0.5663245328125 0.4074549828125 0.5655804921875001
0 0.3908838609375 0.5901718 0.39440712499999997 0.5896137703125001 0.3991048109375 0.5888697296875 0.401145103125 0.58654960625 0.40231952499999996 0.5863635953124999 0.40170242656250005 0.5824673890625001 0.397004740625 0.5832114296875 0.38995821249999996 0.5843274890625 0.3908838609375 0.5901718
0 0.23453551093749997 0.47714383437499996 0.2310122453125 0.47770186406250004 0.2381185484375 0.484564228125 0.246956596875 0.48715836250000005 0.2566605171875 0.48761838593749995 0.2583922609375 0.48335015937500003 0.25746661406250004 0.47750585 0.25363480156249996 0.47611577499999996 0.2512859578125 0.47648779531249996 0.24603095000000003 0.48131405312500003 0.23836732343749997 0.47853390625000003 0.23453551093749997 0.47714383437499996
0 0.46895299062499995 0.5738129187500001 0.471242059375 0.565462475 0.465061403125 0.5644444234375 0.45888074687499997 0.56342636875 0.44243884843750003 0.5660305109375 0.43539231875000006 0.5671465703125 0.426862821875 0.5665005390625 0.420990715625 0.5674305890625 0.415118609375 0.5683606390625 0.4122124421875 0.5728148765625 0.41839309843750006 0.5738329281250001 0.42809701875000006 0.5742929515624999 0.4421900734375 0.57206083125 0.4536257375 0.5682526265625001 0.45220254375 0.5744689562499999 0.44898782812500004 0.576975090625 0.4539940640625 0.578179153125 0.46104059218750004 0.5770630921875 0.46456385468750006 0.5765050625 0.46895299062499995 0.5738129187500001
0 0.49955739374999997 0.53901106875 0.4871960796875 0.5369749625 0.4754518671875 0.5388350640625 0.460492940625 0.543201296875 0.4490572765625 0.5470095015625 0.43848748281249994 0.5486835921875 0.43088363281250003 0.55388186875 0.41944796875 0.5576900734375 0.41771622500000005 0.5619583 0.4341581234375 0.559354159375 0.44472791562499997 0.55768006875 0.45585502968749997 0.5519237609375 0.462901559375 0.5508077 0.47551164375 0.5468134859375 0.48373259218750003 0.5455114156249999 0.48960469843750004 0.544581365625 0.49430238437499996 0.5438373249999999 0.5016574609375 0.5446693687499999 0.49955739374999997 0.53901106875
0 0.462961334375 0.5587861234375 0.44917682656249996 0.5629663468749999 0.4553574828125 0.5639844 0.4635784328125 0.5626823296875 0.4753226453125 0.5608222281249999 0.48675830937500003 0.557014025 0.4961536796875 0.5555259453125 0.49788542343750003 0.5512577171874999 0.4920133171875 0.55218776875 0.4814435265625 0.553861859375 0.462961334375 0.5587861234375
1 0.6964030625000001 0.6036884640625 0.72285743125 0.6034924484374999 0.739299328125 0.6008883078125 0.7815283921875 0.5482695109375 0.7932225015625 0.5004869750000001 0.8123314625000001 0.46151490624999997 0.8156156250000001 0.4290431828125 0.8201339828125 0.4043638734375 0.8417711140625 0.388955053125 0.8611191781249999 0.3818966765625 0.839989265625 0.3473008453125 0.820153325 0.32847585 0.793708628125 0.2907278546875 0.7489610671875 0.2818393890625 0.6903692234375 0.269152728125 0.6687224203125 0.32250555937500003 0.6436218 0.3464508328125 0.637252146875 0.359441525 0.635580178125 0.3716881734375 0.6423682609375 0.41454644375000005 0.6500819921875001 0.4632490265625 0.665698453125 0.5466454453125 0.6721779875 0.5875556109375 0.6964030625000001 0.6036884640625
1 0.8510970375 0.4174325625 0.8525896796874999 0.38125064218750004 0.8454236015625 0.3664098578125 0.8261353124999999 0.381446659375 0.7977602015625 0.3999196421875 0.76017871875 0.40587196406250003 0.7320523828125001 0.418314628125 0.713998290625 0.4411438421875 0.700830884375 0.4492202734375 0.6890866703125 0.4510803734375 0.664732371875 0.4569346875 0.642478140625 0.46844730312499994 0.6291217359375 0.4905324765625 0.6192288171875 0.5040811953125 0.6079127046874999 0.5238462453125 0.590356159375 0.5346148203125 0.5636530203125 0.5408411546874999 0.5401645921875 0.54456135625 0.5131529015625 0.5488395875000001 0.4737799 0.5510817125 0.4441108171875 0.5537838609375 0.412650215625 0.5527758140625 0.375874828125 0.5486156 0.3606073515625 0.55103373125 0.292809134375 0.5258264046875001 0.276367234375 0.5284305453125 0.2673401890625 0.539845153125 0.2525008125 0.5601682328125 0.25576563124999996 0.603584534375 0.25717915625 0.6353122171875001 0.2564328359375 0.653403175 0.243384978125 0.6774364515625 0.23497503125 0.692747265625 0.2507207125 0.75415651875 0.27011888125 0.7930205765625 0.308506459375 0.7769557171875 0.4322488015625 0.7753296109375001 0.5362844234375 0.7328913406249999 0.5931541953125 0.7119022187499999 0.6617681796875 0.6890529953125 0.736204165625 0.6193512875 0.81786600625 0.5724687875 0.814471965625 0.5510396531249999 0.8291416875 0.46883729062499996 0.8510970375 0.4174325625
1 0.19013693125 0.5540699203125 0.20459831093749997 0.5617643265625001 0.20929599687499997 0.5610202859375 0.216342525 0.559904225 0.2036128875 0.54794159375 0.19681513281250002 0.5430273328124999 0.1897686046875 0.54414339375 0.18185620625 0.5473935671875 0.19013693125 0.5540699203125
1 0.6078511796875 0.280225328125 0.6205711453125 0.330131971875 0.6443083453125 0.3203814515625 0.684745890625 0.2640524578125 0.7039242984375 0.1951148 0.6986789609375 0.1619970453125 0.64781051875 0.1600689515625 0.6199329546875 0.166481296875 0.6048448046875 0.1928346953125 0.5995203499999999 0.22762654218749998 0.6078511796875 0.280225328125
1 0.155700715625 0.5874816968750001 0.15996063124999998 0.6067767203125001 0.17979657031250001 0.6256017140625 0.21620363125000003 0.619835403125 0.2136754625 0.5962721531249999 0.1927846515625 0.593590015625 0.155700715625 0.5874816968750001
0 0.3864560390625 0.744639990625 0.3721142109375 0.75290243125 0.358638253125 0.7590307593750001 0.348685559375 0.76460105625 0.35455766718750004 0.76367100625 0.3674763015625 0.7616248953125 0.3838584234375 0.7510423312500001 0.3958514109375 0.7431519109375 0.415199475 0.7360935328125 0.418105640625 0.7316392953124999 0.40636142656249996 0.733499396875 0.3987575765625 0.7386976734374999 0.3864560390625 0.744639990625
0 0.35099396875 0.6803625890625 0.357731946875 0.677298425 0.3412302734375 0.6719241421875 0.3288689625 0.6698880359375 0.3312775796875 0.6774944406250001 0.33510939375 0.6788845125 0.35099396875 0.6803625890625
1 0.7093102765625 0.40394387031249995 0.6716786906250001 0.3639737578125 0.6541318171875 0.3367983203125 0.6449852203125 0.3322560796875 0.631698259375 0.324375665625 0.616122234375 0.32484569375 0.6150673624999999 0.34098854843750004 0.6259263625 0.417150584375 0.6284545328125 0.440713834375 0.6340084187499999 0.47577969218750005 0.6586114921874999 0.46389505781249996 0.692978259375 0.4604488703125 0.7234534375 0.447634184375 0.7233936625 0.4396557609375 0.7093102765625 0.40394387031249995
0 0.4222653453125 0.6590894484375001 0.40965526093750004 0.6630836625 0.40118553593749995 0.6704160531250001 0.39772204843750003 0.6789525046875 0.4024197328125 0.678208465625 0.4091577125 0.6751443015625 0.422325121875 0.6670678718749999 0.4322778140625 0.6614975750000001 0.44223050781250006 0.6559272765624999 0.4474855171875 0.6511010203125001 0.437781596875 0.6506409984375 0.4222653453125 0.6590894484375001
1 0.21885135312499998 0.6593554968750001 0.20062760625 0.62030543125 0.1741829078125 0.5825574328124999 0.1489724078125 0.5526018500000001 0.11220669375 0.5104976234375 0.0824083890625 0.5351869375 0.07806935781249999 0.583801515625 0.1158899421875 0.6097628859374999 0.134800234375 0.6227435703124999 0.1552532734375 0.6454647718750001 0.171376953125 0.678856540625 0.184345690625 0.7227328625 0.19428871406249998 0.7551065796875001 0.21535885000000002 0.7817239859375 0.2227332703125 0.7066680046875 0.21885135312499998 0.6593554968750001
1 0.31103288125 0.5648764734375 0.33798479531250003 0.5526198171875001 0.3761236015625 0.542585278125 0.38416522343750004 0.5173479390625 0.3543765890625 0.5040932437500001 0.3387407890625 0.4965848453125 0.31290351875 0.5006770671874999 0.29299813124999996 0.5118176625 0.280875921875 0.5416952484374999 0.31103288125 0.5648764734375
1 0.27556288906250004 0.7741855765625 0.2638186734375 0.7760456765625 0.2600466359375 0.7826340265625 0.2657297453125 0.79571271875 0.27389091875 0.7864322265625 0.27556288906250004 0.7741855765625
0 0.7291686000000001 0.44688260468749996 0.7677131234375 0.43063927656249995 0.754485940625 0.43073728281249996 0.7374867187499999 0.43742364062499994 0.7291686000000001 0.44688260468749996
0 0.70206508125 0.4570126859375 0.6841999875 0.46583315625 0.714406865625 0.45310345625000004 0.70206508125 0.4570126859375
0 0.87043543125 0.44831819531250006 0.86319990625 0.46344299843750003 0.87525266875 0.46353100156249993 0.88279674375 0.45035430156249995 0.880945446875 0.43866568125 0.87043543125 0.44831819531250006
0 0.8873748765625 0.4336534140625 0.892570109375 0.4208487359375 0.8945506265625 0.41055018906249996 0.8831747390625001 0.42233681562500003 0.8873748765625 0.4336534140625
0 0.8258478531250001 0.539253025 0.8207123984375 0.5600361281249999 0.81811478125 0.5664384671875 0.8152683906249999 0.5788711265625001 0.8071072171875 0.5881516203125 0.801852209375 0.5929778781249999 0.798080171875 0.5995662281249999 0.8069182203124999 0.6021603640625 0.8165623640625 0.5946419640625 0.8241064390625 0.5814652625 0.827201603125 0.5630022828125 0.8317797375 0.546301396875 0.8348749 0.5278384171875 0.8362383187500001 0.5136436640625 0.8218367140625 0.5139276828125 0.818562225 0.50845539375 0.8216477171875001 0.527936425 0.8258478531250001 0.539253025
