0 0.2123214796875 0.37048195625 0.21388726406249997 0.3636997984375 0.21374960468749998 0.35652436718749997 0.209683128125 0.3508231171875 0.20443513593749998 0.3424678734375 0.1998467328125 0.339027340625 0.1948740578125 0.34502295781250003 0.195533646875 0.349937665625 0.194489790625 0.35445910625 0.1963308953125 0.36202780625000003 0.19765006875 0.37185722656250003 0.2044638453125 0.3734303109375 0.2123214796875 0.37048195625
0 0.3085116 0.404595275 0.3078520125 0.39968056406249997 0.3060109078125 0.3921118640625 0.3009005765625 0.3909320515625 0.295927903125 0.3969276671875 0.29554363437500003 0.4063638171875 0.29227440625 0.41275270312499995 0.29634088125 0.4184539546875 0.304336175 0.4226810296875 0.307083475 0.4185528625 0.308649259375 0.411770703125 0.3085116 0.404595275
0 0.272739271875 0.3963365828125 0.267628940625 0.39515676875 0.26606315625 0.40193892656249997 0.269991971875 0.40046475 0.272739271875 0.3963365828125
0 0.3469222796875 0.43251280625 0.34181194531250003 0.43133299375 0.33972423281249997 0.4403758703125 0.3465380109375 0.4419489546875 0.3469222796875 0.43251280625
0 0.2466943921875 0.423660671875 0.2494416921875 0.419532503125 0.25375477812499997 0.408622178125 0.2524356015625 0.3987927578125 0.25059449843750004 0.3912240578125 0.2487533953125 0.383655359375 0.2390546578125 0.3790350125 0.2339443265625 0.3778552 0.2276524765625 0.3740213953125 0.2187509875 0.3814911890625 0.21666327500000002 0.390534065625 0.2133940453125 0.396922953125 0.21523515 0.404491653125 0.219301625 0.41019290625 0.22729691875000002 0.4144199796875 0.2347702828125 0.420907775 0.242765575 0.42513484999999995 0.2466943921875 0.423660671875
1 0.47886190781250004 0.5915591359375 0.510183490625 0.603552725 0.5463400875 0.6023752703125 0.5527408859375 0.582422065625 0.5536470828125 0.570725196875 0.5455141296875 0.5593226921875 0.5329304328125 0.5516550859375 0.512489103125 0.5469358343749999 0.500180725 0.553619084375 0.47886190781250004 0.5915591359375
1 0.39428597656250003 0.36724866562499997 0.37568575000000004 0.3700981125 0.34936555 0.3830713453125 0.3285399515625 0.387788240625 0.3046917328125 0.3822824453125 0.2910641796875 0.37913627656250004 0.2763927703125 0.3805115453125 0.2685351375 0.3834599015625 0.2546609734375 0.3969253109375 0.2521889921875 0.41540433749999994 0.2672733828125 0.4355553546875 0.2911216 0.4410611484375 0.314832159375 0.439391515625 0.38398507187500003 0.4196384828125 0.39904075 0.40882706406249997 0.4067607234375 0.39870327968749997 0.4093703640625 0.38739968281250003 0.4080511890625 0.37757026250000003 0.40280319843749995 0.36921502031250003 0.39428597656250003 0.36724866562499997
1 0.4876485578125 0.460239596875 0.504929609375 0.44756072968750005 0.5081988375 0.44117184218750005 0.512896190625 0.4208253671875 0.5020159375000001 0.41355103125000003 0.49127334375 0.4134521234375 0.472151190625 0.418562290625 0.4552544078125 0.421805009375 0.44124258593750004 0.428094990625 0.4045640625 0.431533165625 0.3803315734375 0.43546351874999994 0.36343479218749997 0.43870623750000004 0.345878421875 0.437034246875 0.3284597125 0.44253768437499996 0.31628899375 0.456396365625 0.34486327499999997 0.47251812187500003 0.377228715625 0.47999027187500004 0.4219025328125 0.48077917187499997 0.43998083125000004 0.4801904421875 0.46028450000000004 0.4777342671875 0.47377439531250004 0.4737050046875 0.4876485578125 0.460239596875
1 0.1884732609375 0.3649761609375 0.20630495 0.3809990109375 0.2141625828125 0.3780506546875 0.2150687796875 0.36635378749999997 0.21858461875000001 0.343353321875 0.212814696875 0.33725879999999997 0.1981432890625 0.33863406875 0.18871987031249998 0.34836458124999997 0.1884732609375 0.3649761609375
1 0.222788753125 0.35623000312499997 0.22267980468749998 0.3800170109375 0.25647336875 0.373531575 0.27545786250000004 0.36124597812500003 0.2734791 0.3465018484375 0.259851546875 0.3433556796875 0.247405509375 0.3428635015625 0.2327341 0.344238771875 0.222788753125 0.35623000312499997
1 0.20322490937499998 0.30885144531250003 0.201659125 0.3156336046875 0.210835934375 0.32251467031250003 0.23218346093750003 0.3155370546875 0.2619105484375 0.303350365625 0.26504211875 0.2897860484375 0.2510302953125 0.296076028125 0.2302046984375 0.300792925 0.21108254375 0.3059030921875 0.20322490937499998 0.30885144531250003
