0 0.7842272328125001 0.39022060625 0.8084437187500001 0.39314625937500003 0.8175797890625001 0.3822583140625 0.7951363578125 0.3707703390625 0.7528149015625 0.36270290312500003 0.6939943609375 0.367849034375 0.6614553390625 0.3706958296875 0.655406228125 0.3880394609375 0.705382678125 0.3971186109375 0.73387521875 0.39126295624999996 0.7576537359375 0.3891826046875 0.7842272328125001 0.39022060625
0 0.746160653125 0.40195820156249995 0.767790553125 0.41856167343750006 0.7807435296875 0.42247275625 0.8082765500000001 0.420063928125 0.8086521125000001 0.4099424296875 0.7834137015625 0.3953361015625 0.75948919375 0.395747784375 0.746160653125 0.40195820156249995
0 0.8323882703125 0.46503475312500003 0.818913740625 0.469576503125 0.8253796375 0.4858252125 0.8417951390624999 0.4860704828125 0.8596081312500001 0.487874928125 0.8822811359375 0.4875727375 0.8719147453125 0.4699838359375 0.854101753125 0.468179390625 0.8323882703125 0.46503475312500003
0 0.7936541484374999 0.4835565125 0.773046175 0.478633715625 0.7586121234375 0.48662229218749997 0.7749440390625 0.5003263984374999 0.800558015625 0.5048112265625 0.8199144859375 0.509843515625 0.8311779937500001 0.5088580859375 0.8247120953125 0.4926093765625 0.8102156390624999 0.48547045000000005 0.7936541484374999 0.4835565125
0 0.839564071875 0.417326625 0.8260895406250001 0.42186837343750005 0.80996601875 0.4249604390625 0.7988485 0.42761453749999995 0.77690544375 0.43626006562499997 0.7933833484374999 0.45163283906249996 0.8181213875 0.44610566093750004 0.8389589328125 0.43923829062499997 0.854498496875 0.42947155312499996 0.839564071875 0.417326625
0 0.6426616453125 0.40092454999999994 0.6288951359375 0.4021289640625 0.610560590625 0.4087773484375 0.630647009375 0.4221529765625 0.6456650203125001 0.42083907031249995 0.6669405359375 0.4189777046875 0.6567201328125 0.40305747187499996 0.6426616453125 0.40092454999999994
0 0.66752449375 0.42565237656250005 0.6550094843750001 0.4267472984375 0.6362369703125 0.42838968125 0.6224704609375 0.42959409375 0.6161293734375 0.4436003890625 0.630479840625 0.449070646875 0.6441003609375 0.446197565625 0.6664813875 0.442558040625 0.6782664484375001 0.43311977968750004 0.66752449375 0.42565237656250005
0 0.7555251640625 0.4801666046875 0.7453671671875 0.47937387343750004 0.7378581609375 0.48003082656249996 0.72563513125 0.484463084375 0.7437401015625 0.48960486562499994 0.7525006078125 0.48883842031249997 0.7598636234375 0.4865128 0.7613446984375 0.4746131421875 0.7555251640625 0.4801666046875
0 0.68907080625 0.455714684375 0.680456290625 0.458149796875 0.671695784375 0.4589162421875 0.657929275 0.46012065468749996 0.6497527265625 0.467561771875 0.66285169375 0.47314152031249995 0.6728637 0.472265584375 0.6852327203125 0.46950199374999996 0.6950987375000001 0.4669573890625 0.68907080625 0.455714684375
0 0.5505063234375001 0.6881061796875 0.5622078 0.6921267531249999 0.5519873984375 0.6762065203125001 0.5365314203125 0.6725144234375 0.54212138125 0.678751125 0.5505063234375001 0.6881061796875
0 0.5267278078125 0.69018653125 0.51627783125 0.6860564640625 0.5104582953125 0.691609928125 0.5253927218750001 0.70375485625 0.5333396953125 0.7081039062500001 0.5397431890625 0.7092251140625 0.5373237718749999 0.6959852640624999 0.5267278078125 0.69018653125
0 0.3605713046875 0.6071998046875 0.3934647109375 0.6228178484375 0.410610159375 0.6314064578125 0.41870312343749994 0.637424175 0.43232364375000004 0.6345510937500001 0.427255234375 0.619861559375 0.4229167734375 0.613515365625 0.41092331875 0.60615745625 0.3995138203125 0.6054742171874999 0.3803033390625 0.6021105953125 0.371918396875 0.592755540625 0.36242794218749996 0.585178646875 0.34976694375 0.5846049 0.3495373703125 0.5963950687499999 0.3605713046875 0.6071998046875
0 0.3289293984375 0.5914722703125 0.3320163578125 0.5979279578125001 0.3355412859375 0.609389646875 0.34724276249999997 0.6134102234375 0.35754674999999997 0.6158716203125 0.367037203125 0.6234485140625 0.3591738140625 0.605640628125 0.3512268390625 0.601291578125 0.345636878125 0.5950548765625 0.3289293984375 0.5914722703125
0 0.28675393125 0.5850735046875 0.2771174890625 0.5758279421875 0.2647484703125 0.5785915312500001 0.2671678875 0.59183138125 0.2805588328125 0.6007484671875 0.287108315625 0.6035383421875 0.31411978125 0.6095823453125 0.32119081875 0.603919390625 0.3134734203125 0.587780171875 0.2972039078125 0.5892035703125 0.28675393125 0.5850735046875
0 0.4902482015625 0.5470927796875 0.4856177625 0.5374092484374999 0.480987321875 0.5277257171875 0.478546725 0.5430722046875001 0.4855341765625 0.550868084375 0.4902482015625 0.5470927796875
0 0.42172994687500004 0.4269793296875 0.41223949531250004 0.4194024359375 0.4009759875 0.42038786406249995 0.392069490625 0.41948564218750006 0.3876474453125 0.42659828125 0.39434291875 0.43105682500000003 0.40979889687500004 0.43474892187499997 0.4188513828125 0.4373198140625 0.42967692187499995 0.4313283796875 0.42172994687500004 0.4269793296875
0 0.429488571875 0.48683238749999996 0.4227931 0.48237384375000003 0.41528409374999997 0.48303079687499995 0.415576071875 0.48636813281249996 0.42775265312500005 0.4921126546875 0.429488571875 0.48683238749999996
0 0.4255044953125 0.49895102968750005 0.4366220140625 0.496296934375 0.42775265312500005 0.4921126546875 0.4255044953125 0.49895102968750005
0 0.65283628125 0.776677003125 0.6632862562499999 0.7808070703125 0.652481896875 0.7582121640625 0.630622425 0.7533988593750001 0.63193633125 0.7684168703124999 0.65283628125 0.776677003125
0 0.5538262625 0.38011215468750004 0.5399137640625 0.37964790000000004 0.5257092859375 0.375846309375 0.51534289375 0.3582574078125 0.5116719765625 0.34512705 0.5010760109375 0.3393283171875 0.505622865625 0.36247068125 0.5136322453125 0.381947234375 0.5254797109375 0.387636478125 0.538578678125 0.3932162265625 0.5501341656250001 0.3955681328125 0.5574971796875 0.3932425125 0.5538262625 0.38011215468750004
0 0.5397666390625 0.4788657484375 0.538598721875 0.4655164046875 0.5389742859375 0.4553949046875 0.549945815625 0.451072140625 0.558706321875 0.45030569531250003 0.5685723390625 0.44776109062499997 0.55791396875 0.4268348546875 0.5459205140625001 0.41947694375 0.5294426078125001 0.404104171875 0.512297159375 0.39551556250000003 0.5141950234375 0.41720824375000004 0.5219748281250001 0.4484749640625 0.527543609375 0.4832980046875 0.5421024703125 0.5055644312500001 0.5432915687500001 0.49032743749999996 0.5397666390625 0.4788657484375
0 0.55599265625 0.6355015390625 0.5424557203125 0.6249157859375 0.532151734375 0.6224543875 0.5194907359375 0.6218806406249999 0.504326734375 0.621525878125 0.5213886 0.643573321875 0.543248071875 0.6483866265625 0.560915075 0.6485224046875 0.55599265625 0.6355015390625
1 0 0.1817388265625 0.0574418328125 0.19822716875 0.1545997515625 0.21326711562499998 0.265878565625 0.24556748750000001 0.40235456718749996 0.248760346875 0.48620512656250003 0.24142437343749998 0.4743788390625 0.20714879375 0.392322515625 0.1773361078125 0.2842554703125 0.1817464265625 0.19675517343749999 0.14736570468750002 0.10239223593749999 0.135444109375 0 0.11883110937500001 0 0.1817388265625
