0 0.7472641859375 0.700250234375 0.7527246562500001 0.689797346875 0.738638703125 0.690622771875 0.7296507203125 0.6977748234375001 0.7284909453124999 0.7060270562500001 0.7472641859375 0.700250234375
0 0.724987525 0.7167549890625 0.7332023249999999 0.715104428125 0.732791640625 0.703826403125 0.7202761468750001 0.70767761875 0.71404249375 0.7236319953125 0.70466791875 0.7335347921875 0.712496125 0.734634975 0.7074222453125001 0.742337115625 0.7191645546875 0.743987390625 0.726195484375 0.73656029375 0.730085496875 0.7230816156250001 0.7242143421875 0.7222564796875 0.724987525 0.7167549890625
0 0.7418037140625 0.7107031203124999 0.737913703125 0.7241817984375001 0.7480855531249999 0.72280628125 0.7488346453125 0.703276025 0.7418037140625 0.7107031203124999
0 0.7312693640625 0.72885815 0.7301095890625 0.737110384375 0.7383243859374999 0.7354598218749999 0.7484962359375 0.73408430625 0.7653124234375001 0.7280324375 0.7606010453125001 0.7189550671875 0.745741909375 0.72528198125 0.7312693640625 0.72885815
0 0.7516371546875 0.7401358874999999 0.7442196328125 0.750313728125 0.749317603125 0.7566403546875 0.756348534375 0.7492132578125 0.7516371546875 0.7401358874999999
0 0.6953415281249999 0.7714951250000001 0.7051267859375 0.772870353125 0.72155638125 0.7695692281250001 0.726654353125 0.77589585625 0.7387591625 0.7607666156249999 0.7332505078125 0.7431619640625 0.7215322890625 0.7555404593749999 0.7203725140625 0.7637926953124999 0.7125443078125 0.7626925124999999 0.713704084375 0.7544402765625 0.7027349593750001 0.747288515625 0.69413356875 0.7516898203125 0.7008019984375 0.7610422375 0.6953415281249999 0.7714951250000001
0 0.7157827171875 0.597648121875 0.7224511484375 0.6070005375 0.7376968765624999 0.5979228796875 0.7372861937499999 0.5866448546874999 0.729844578125 0.582793928125 0.7192861374999999 0.5869201890625 0.7157827171875 0.597648121875
1 0.256334478125 0.5723479546875 0.2751318109375 0.5805999 0.270009746875 0.56024450625 0.25196150781250004 0.5324623015625 0.250825825 0.5547433046875 0.256334478125 0.5723479546875
1 0.75410238125 0.5805929859375001 0.7649992296875 0.5456584421875 0.769638334375 0.5126495078125 0.7547791968750001 0.5189764203125 0.7195763625 0.52805436875 0.696502428125 0.5360318453125 0.687127853125 0.545934640625 0.6950042437499999 0.5750923609374999 0.7165318093749999 0.5781178625 0.7380593765625 0.581143365625 0.75410238125 0.5805929859375001
0 0.20187432031250002 0.761049440625 0.215162996875 0.7516967359375 0.199071809375 0.7241895765625 0.190881103125 0.7398689078125 0.195205890625 0.7516970234375 0.20187432031250002 0.761049440625
