1 0.4003067484375 0.48974943125000003 0.3941717796875 0.46241457812500003 0.3527607359375 0.4578587703125 0.34969325156250003 0.4988610484375 0.3665644171875 0.5056947609375 0.4003067484375 0.48974943125000003
0 0.5598159515625001 0.54897494375 0.5828220859375 0.5421412296875 0.6150306750000001 0.5261959 0.6564417171875 0.51025056875 0.6763803687500001 0.48974943125000003 0.6809815953125 0.4738041 0.6641104296875 0.47835990937500006 0.625766871875 0.49658314375 0.60122699375 0.50341685625 0.570552146875 0.507972665625 0.5628834359375 0.5148063781250001 0.5352760734374999 0.5193621875 0.5368098156250001 0.5353075171875 0.5414110421875 0.54897494375 0.5598159515625001 0.54897494375
0 0.6840490796875 0.5148063781250001 0.7085889578125 0.5125284734375 0.7147239265625001 0.48974943125000003 0.6947852765625 0.492027334375 0.6733128828125 0.49658314375 0.6671779140625 0.5056947609375 0.6641104296875 0.5148063781250001 0.6840490796875 0.5148063781250001
0 0.5981595093750001 0.5990888375 0.6273006140625 0.5876993171875 0.6334355828125 0.539863325 0.5935582828125 0.539863325 0.5628834359375 0.5535307515625 0.5414110421875 0.5671981781250001 0.5582822078125 0.6127562640625001 0.5766871171875 0.60820045625 0.5981595093750001 0.5990888375
0 0.6809815953125 0.5330296125 0.7315950921875001 0.5261959 0.739263803125 0.5261959 0.733128834375 0.51025056875 0.7177914109375 0.51025056875 0.6733128828125 0.5148063781250001 0.659509203125 0.5239179953125 0.6503067484375 0.5261959 0.6518404906249999 0.537585421875 0.6625766875 0.537585421875 0.6809815953125 0.5330296125
0 0.739263803125 0.544419134375 0.75613496875 0.5353075171875 0.7377300609375 0.5307517078124999 0.7254601234375 0.5330296125 0.705521471875 0.5330296125 0.6809815953125 0.537585421875 0.6625766875 0.551252846875 0.671779140625 0.5580865609375001 0.7009202453125 0.551252846875 0.739263803125 0.544419134375
0 0.8880368093750001 0.373576309375 0.907975459375 0.355353075 0.9064417171875 0.3348519359375 0.8972392640625 0.343963553125 0.8849693249999999 0.355353075 0.8773006140625 0.3576309796875 0.8726993859375 0.3644646921875 0.8773006140625 0.373576309375 0.8880368093750001 0.373576309375
0 0.85889570625 0.492027334375 0.874233128125 0.4738041 0.875766871875 0.45102505624999994 0.8558282203124999 0.4578587703125 0.8558282203124999 0.4692482921875 0.8481595093750001 0.47835990937500006 0.8435582828125 0.48747152656250003 0.8466257671875 0.49430523906249996 0.85889570625 0.492027334375
0 0.8220858890624999 0.5125284734375 0.8358895703125 0.49430523906249996 0.8266871171875 0.48974943125000003 0.8128834359375 0.492027334375 0.7898773 0.51025056875 0.7898773 0.5216400906249999 0.7975460125 0.5216400906249999 0.8220858890624999 0.5125284734375
0 0.8558282203124999 0.3211845109375 0.8466257671875 0.32574031875 0.8481595093750001 0.3394077453125 0.8650306750000001 0.330296128125 0.875766871875 0.3280182234375 0.874233128125 0.3120728921875 0.8558282203124999 0.3211845109375
0 0.37116564375 0.4282460140625 0.39110429375 0.4145785875 0.4003067484375 0.403189065625 0.39570552187499997 0.40546697031249995 0.375766871875 0.4145785875 0.35889570625 0.43280182187499994 0.35429447812500003 0.44191343906249997 0.35889570625 0.44874715312499996 0.3634969328125 0.44419134375 0.37116564375 0.4282460140625
0 0.820552146875 0.43507972656250005 0.8328220859375 0.419134396875 0.7914110421875 0.42369020468749996 0.7714723921875 0.43280182187499994 0.7714723921875 0.44191343906249997 0.780674846875 0.44191343906249997 0.820552146875 0.43507972656250005
0 0.7760736203125 0.5148063781250001 0.773006134375 0.50341685625 0.73619631875 0.50341685625 0.7377300609375 0.5125284734375 0.746932515625 0.5170842828125 0.7760736203125 0.5148063781250001
1 0.9064417171875 0.3166287015625 0.9125766875 0.3280182234375 0.9217791406250001 0.3280182234375 0.9325153374999999 0.3211845109375 0.9371165640625 0.2938496578125 0.9340490796875001 0.2801822328125 0.9279141109375001 0.277904328125 0.9171779140625 0.28929385 0.9095092031249999 0.300683371875 0.9064417171875 0.3166287015625
