0 0.5594563984375001 0.6964285718750001 0.5356738390625 0.683928571875 0.5368063421875 0.691071428125 0.5605889015625001 0.7053571421875 0.5651189125 0.708928571875 0.5651189125 0.703571428125 0.5594563984375001 0.6964285718750001
0 0.5719139296875 0.775 0.563986409375 0.775 0.5651189125 0.7821428578125 0.5673839187499999 0.783928571875 0.5673839187499999 0.7875 0.5605889015625001 0.7875 0.568516421875 0.791071428125 0.5696489234375 0.7857142859375 0.5741789359375 0.7821428578125 0.5719139296875 0.775
0 0.52774631875 0.6232142859375001 0.520951303125 0.6321428578125 0.5198188 0.6357142859375 0.5254813140625 0.6303571421874999 0.5334088328125 0.6321428578125 0.531143828125 0.625 0.52774631875 0.6232142859375001
0 0.4382785953125 0.521428571875 0.42015855 0.5125 0.4348810875 0.5232142859375 0.4450736125 0.5321428578125 0.45186862968749997 0.5321428578125 0.4382785953125 0.521428571875
0 0.3408833515625 0.5982142859375 0.33861834687500003 0.5892857140625 0.336353340625 0.5857142859375 0.33861834687500003 0.5803571421875 0.33748584375 0.575 0.3352208375 0.5732142859375 0.3340883359375 0.5696428578125 0.33748584375 0.5678571421874999 0.33861834687500003 0.5625 0.33748584375 0.558928571875 0.3352208375 0.5625 0.3352208375 0.5642857140624999 0.33069082656250004 0.5642857140624999 0.33069082656250004 0.5714285718750001 0.3318233296875 0.578571428125 0.3318233296875 0.5857142859375 0.3340883359375 0.5946428578125 0.33861834687500003 0.5982142859375 0.33975085 0.6053571421874999 0.3408833515625 0.6178571421875 0.3442808609375 0.621428571875 0.34767836875 0.6267857140624999 0.3442808609375 0.6125 0.34314835781249997 0.6053571421874999 0.3408833515625 0.5982142859375
0 0.3182332953125 0.5196428578125001 0.3454133640625 0.5178571421875 0.348810871875 0.516071428125 0.3216308046875 0.5178571421875 0.3182332953125 0.5196428578125001
0 0.35107587812499996 0.5732142859375 0.34767836875 0.5714285718750001 0.34767836875 0.5821428578125001 0.348810871875 0.596428571875 0.349943375 0.6017857140625 0.3533408828125 0.6107142859375 0.361268403125 0.621428571875 0.359003396875 0.6 0.3556058890625 0.5875 0.35107587812499996 0.5732142859375
0 0.349943375 0.5482142859375 0.349943375 0.5535714281249999 0.35220838125 0.558928571875 0.35220838125 0.5642857140624999 0.3556058890625 0.566071428125 0.359003396875 0.5767857140625 0.361268403125 0.5732142859375 0.359003396875 0.566071428125 0.3567383921875 0.558928571875 0.3556058890625 0.5535714281249999 0.35220838125 0.5482142859375 0.349943375 0.5482142859375
1 0.315968290625 0.46785714218749996 0.30011325 0.46428571406249997 0.30237825625000003 0.49464285781250006 0.3182332953125 0.5017857140624999 0.3352208375 0.5089285718750001 0.34314835781249997 0.516071428125 0.3420158546875 0.5303571421875 0.3442808609375 0.5428571421874999 0.3567383921875 0.5571428578125001 0.3601359 0.5642857140624999 0.363533409375 0.566071428125 0.3691959234375 0.5053571421874999 0.36693091718750004 0.4571428578125 0.3442808609375 0.44285714218749994 0.3442808609375 0.4767857140625 0.336353340625 0.4857142859375 0.315968290625 0.46785714218749996
1 0.38958097343750003 0.47321428593750003 0.3997735 0.4857142859375 0.42355605937499996 0.5232142859375 0.43261608125000006 0.541071428125 0.45073612656249995 0.5392857140625 0.45639864062499996 0.541071428125 0.47904869687499996 0.5553571421875 0.49490373749999994 0.5696428578125 0.5141562859375 0.608928571875 0.518686296875 0.596428571875 0.5141562859375 0.583928571875 0.5096262734375 0.575 0.503963759375 0.5375 0.5028312578125 0.5107142859375 0.49943374843750005 0.4875 0.4892412234375 0.46428571406249997 0.47225368124999995 0.4357142859375 0.469988675 0.42142857187500005 0.45186862968749997 0.3982142859375 0.4292185734375 0.375 0.42015855 0.3642857140625 0.409966025 0.35535714218750003 0.3952434875 0.3625 0.38731596874999996 0.3803571421875 0.383918459375 0.3982142859375 0.383918459375 0.41071428593750003 0.373725934375 0.4267857140625 0.3657984140625 0.45357142812499995 0.38958097343750003 0.47321428593750003
1 0.43148357812500004 0.541071428125 0.42015855 0.5142857140625 0.3918459796875 0.47321428593750003 0.3657984140625 0.4517857140625 0.3691959234375 0.491071428125 0.3680634203125 0.5303571421875 0.37485843750000003 0.5517857140625 0.37938844843749997 0.5678571421874999 0.3918459796875 0.5821428578125001 0.40430351093750005 0.566071428125 0.409966025 0.55 0.42015855 0.541071428125 0.43148357812500004 0.541071428125
1 0.3850509625 0.716071428125 0.38731596874999996 0.6982142859375 0.38731596874999996 0.6821428578125001 0.386183465625 0.675 0.3771234421875 0.6785714281249999 0.3680634203125 0.683928571875 0.3657984140625 0.7017857140625 0.37485843750000003 0.7142857140625 0.37938844843749997 0.7142857140625 0.3850509625 0.716071428125
0 0.169875425 0.47321428593750003 0.15288788281250001 0.46428571406249997 0.1494903734375 0.46607142812499996 0.1891279734375 0.4875 0.1879954703125 0.48392857187500005 0.1744054359375 0.47321428593750003 0.169875425 0.47321428593750003
0 0.3069082671875 0.5125 0.303510759375 0.5089285718750001 0.30011325 0.5107142859375 0.301245753125 0.516071428125 0.3046432609375 0.5142857140625 0.3069082671875 0.5125
0 0.3533408828125 0.6446428578125001 0.35220838125 0.641071428125 0.348810871875 0.6339285718750001 0.34767836875 0.6357142859375 0.349943375 0.6428571421875 0.349943375 0.6446428578125001 0.3420158546875 0.65 0.33975085 0.6553571421875 0.3408833515625 0.6571428578125 0.3454133640625 0.65 0.348810871875 0.6482142859375 0.3544733859375 0.6482142859375 0.3533408828125 0.6446428578125001
1 0.388448471875 0.6446428578125001 0.3816534546875 0.646428571875 0.3805209515625 0.6642857140625 0.386183465625 0.671428571875 0.38958097343750003 0.653571428125 0.388448471875 0.6446428578125001
1 0.383918459375 0.6125 0.3850509625 0.6 0.37485843750000003 0.5875 0.37259343125 0.603571428125 0.3805209515625 0.6178571421875 0.383918459375 0.6125
