0 0.09332236875 0.598186684375 0.10537584687499998 0.605718534375 0.11752300156249999 0.60807145 0.12251300937500001 0.601762109375 0.10678728125 0.5950780640625 0.08381073125 0.5849106984375 0.09332236875 0.598186684375
0 0.1497217625 0.5576602203125 0.148308228125 0.5459528453125 0.135690596875 0.547146753125 0.12278983750000001 0.541529615625 0.11770615312499999 0.553017890625 0.1150706359375 0.5639409609375 0.10678518125 0.5727302203125 0.09416755 0.5739241265625 0.082867675 0.5696565 0.0923793125 0.5829324859375 0.10584422499999999 0.579823865625 0.120533221875 0.57643264375 0.1256169046875 0.56494436875 0.12740514218750001 0.555936009375 0.1314541921875 0.556720315625 0.1497217625 0.5576602203125
0 0.241349034375 0.6362143359375 0.2477525765625 0.6416123703125 0.2582988453125 0.6426157765625 0.24643271718749998 0.6247260609375 0.215355965625 0.5906422375 0.1905890796875 0.567135384375 0.1613026640625 0.546391046875 0.168366134375 0.5602322375 0.184658115625 0.580538371875 0.1941697515625 0.5938143578124999 0.1858842984375 0.602603615625 0.1942655265625 0.6109832703125 0.21724207812500002 0.6211506359375 0.241349034375 0.6362143359375
0 0.42505725937500005 0.6109929734375 0.4320249546875 0.6076652515625 0.428916859375 0.5997873 0.4215723609375 0.6014829109375001 0.42072508124999997 0.603397625 0.42505725937500005 0.6109929734375
0 0.0898374703125 0.5886766234375 0.069025959375 0.5711330078125 0.0629055453125 0.5725460171875 0.0579155375 0.5788553578125 0.05490321875 0.58814631875 0.06281396875 0.6000727968749999 0.0719488046875 0.6117166734375 0.08193091875 0.6214458375 0.0927603140625 0.6292602875 0.11234774218750002 0.6470865046875 0.132684575 0.6234812515625 0.1295764796875 0.6156033 0.119688040625 0.6006952015625 0.11243721874999998 0.5972118796875 0.105186396875 0.59372855625 0.096711490625 0.5905278359375 0.0898374703125 0.5886766234375
0 0.5115903484375 0.5892961328124999 0.5180875671875 0.5895152359375 0.5186517203125 0.580789478125 0.5081054515625001 0.5797860703125 0.5076349734375001 0.5833328953125 0.5115903484375 0.5892961328124999
0 0.1615878890625 0.5755499390625001 0.15640843124999998 0.5698693015625 0.1491576078125 0.566385978125 0.14689889375 0.5789411609374999 0.160930059375 0.589454628125 0.1746781 0.593157053125 0.1840002859375 0.5944430625 0.185788521875 0.585434703125 0.1789145015625 0.5835834906249999 0.17043959687500002 0.5803827703125 0.1615878890625 0.5755499390625001
0 0.24153638593750001 0.62585646875 0.2275052203125 0.6153429984375001 0.21789990625 0.607245946875 0.21224997031249998 0.6051121312500001 0.20509282343750002 0.596449875 0.19859560625 0.5962307734375 0.1928519921875 0.59927589375 0.208860846875 0.61277098125 0.22176160625 0.61838811875 0.2309901171875 0.6248530609375 0.2401249515625 0.6364969375 0.2545329203125 0.6486425171875 0.25236578125000003 0.6336709203125 0.24153638593750001 0.62585646875
0 0.25311308593750004 0.569891603125 0.241059609375 0.562359753125 0.22900612968749998 0.554827903125 0.21638849843750002 0.5560218124999999 0.2190261140625 0.5674465859375 0.22910190625000001 0.571996815625 0.2376704859375 0.5700186031250001 0.24859355781249998 0.5726541203125 0.2553739015625 0.5796842671875 0.2606470359375 0.5801859703125001 0.25311308593750004 0.569891603125
0 0.3945362609375 0.4787920109375 0.38031774375 0.47863640781249994 0.3681705890625 0.47628349375 0.3612028953125 0.47961121562500003 0.3740099765625 0.4904072859375 0.385686653125 0.496307025 0.39943469375 0.5000094484375001 0.400469325 0.48773686875 0.3945362609375 0.4787920109375
0 0.395389840625 0.5439208343749999 0.4050888296875 0.5468389546875 0.4097978109375 0.5560664140625 0.42194496406250004 0.55841933125 0.41365531093749996 0.5225128953125 0.40565088281249995 0.5157653515625 0.39792958437500003 0.5158288515625 0.389454678125 0.51262813125 0.388513721875 0.5197217765625 0.392469096875 0.5256850156249999 0.38267643281249997 0.5279458296875 0.3817354765625 0.5350394781250001 0.3844667703125 0.54128531875 0.395389840625 0.5439208343749999
0 0.5333344171875 0.5103547171875 0.559042259375 0.5267679265625 0.5615841015624999 0.5210237875 0.5366298640625 0.507874803125 0.5333344171875 0.5103547171875
0 0.4323954578125 0.542253825 0.4270265484375 0.524583209375 0.42476573437500004 0.5147905453125 0.4232585234375 0.5082621031250001 0.4201504296875 0.5003841515625 0.41487729375000004 0.49988244843749996 0.41111137031249995 0.5059091875 0.41290170625 0.5192486749999999 0.417140209375 0.5320229578125 0.41977782656249996 0.5434477328125 0.422038640625 0.5532403953125 0.42712442343749996 0.5640999671875 0.43173762968749996 0.556158515625 0.4323954578125 0.542253825
0 0.5539564765625 0.5159083546875001 0.5587591328125 0.51995688125 0.561960903125 0.5226558984375 0.53728769375 0.4939701109375 0.5306031234375 0.5041088765625 0.535688909375 0.5149684484375 0.54209245 0.5203664828125001 0.5493432703125001 0.52384980625 0.55659409375 0.5273331296875 0.543597559375 0.5045470812499999 0.54877701875 0.5102277171875 0.5539564765625 0.5159083546875001
0 0.522600796875 0.5197091796875 0.5161972546875 0.51431114375 0.50687506875 0.5130251359375 0.5070645203125 0.5250151125 0.5154457515625 0.5333947671875 0.5242974578124999 0.5382276 0.530701 0.5436256359375 0.535974134375 0.5441273375 0.5433186328125 0.5424317265624999 0.5325829125 0.5294383421875 0.522600796875 0.5197091796875
0 0.48955685468750004 0.5943829671875 0.4945468625 0.588073625 0.4991600671875 0.5801321734375 0.48776651875 0.581043478125 0.481646103125 0.5824564875 0.47627929375000005 0.58713371875 0.47251336874999994 0.5931604578125 0.4675233625 0.5994697984374999 0.46978417656250004 0.6092624640625 0.4772223484375 0.6023879171875001 0.48541412812500007 0.5987775937500001 0.48955685468750004 0.5943829671875
0 0.3787294578125 0.611373975 0.39238382031249996 0.6202553328125 0.3951151140625 0.626501175 0.40443729843750004 0.6277871828125 0.3981274328125 0.6172102140625 0.392947975 0.6115295765625001 0.38447306875 0.60832885625 0.3787294578125 0.611373975
0 0.48153982968750003 0.4535483453125 0.491709296875 0.45291964218749997 0.5031028453124999 0.45200833749999997 0.4971697828125 0.443063478125 0.48944848125 0.443126978125 0.48087989999999997 0.445105190625 0.4756067671875 0.44460348906249997 0.48153982968750003 0.4535483453125
0 0.5967972828125 0.4836694453125 0.60442490625 0.488784878125 0.6112989265625 0.49063609062499997 0.6090381125000001 0.4808434265625 0.5969846328124999 0.47331157656249995 0.588132925 0.4684787453125 0.5731608031250001 0.46505892343750005 0.5563046671875 0.453478546875 0.530126346875 0.4406121640625 0.5150605484375 0.442371275 0.5230649765625001 0.44911881875 0.5360594109375 0.4495570203125 0.5436870359375 0.45467245468749995 0.5585654828125 0.4632712109375 0.572219846875 0.47215257031249996 0.5806010765625 0.480532225 0.58709829375 0.48075132500000006 0.5967972828125 0.4836694453125
0 0.625985821875 0.464897021875 0.6050806359374999 0.45253234062500003 0.58492905625 0.4434318828125 0.5732523796875 0.43753214375000005 0.5554552890625 0.4330454140625 0.5681686953125 0.44902041875 0.5771140796875 0.44867431562500004 0.5839880984375 0.450525528125 0.595287971875 0.45479315624999994 0.6029155984375001 0.4599085890625 0.6141217953125 0.46935515156249996 0.6202422109375 0.4679421421875 0.625985821875 0.464897021875
0 0.6175088171875001 0.43934845468750006 0.6091275890625 0.43096880156250006 0.5977340390625 0.43188010625000006 0.6040439046875 0.442457075 0.614119696875 0.44700730625 0.6222177984374999 0.44857591562500004 0.6277740609375 0.45588866406250006 0.6366257671875 0.4607214953125 0.633517671875 0.45284354374999997 0.6279614109375 0.44553079531249995 0.6175088171875001 0.43934845468750006
0 0.5986812953125 0.4918299984375 0.587570871875 0.4995523484375 0.573258678125 0.50457568125 0.5670445875000001 0.5111676234375 0.559983215625 0.5196742796875 0.55085048125 0.5303782499999999 0.54501319375 0.538602303125 0.557066671875 0.546134153125 0.5680834203125 0.5435907359375001 0.5719430187500001 0.5323850625000001 0.577026703125 0.5208967875 0.58521848125 0.5172864640625 0.5951048203125 0.509846715625 0.6016957140625 0.5048868828125 0.62165784375 0.5019973656250001 0.6290960171875 0.4951228203125 0.6366278671875001 0.4830693421875 0.64651420625 0.4756295921875 0.6531051 0.4706697609375 0.6650628046875 0.4610326984375 0.6728777796875 0.45579026406249995 0.67221785 0.447347109375 0.6547975609375001 0.44449249062499996 0.6433103359375 0.450582728125 0.6325767156250001 0.459937190625 0.6247617390625 0.46517962500000004 0.6164762859375 0.47396888125 0.613463965625 0.48325984218749996 0.604801709375 0.4904169890625 0.5986812953125 0.4918299984375
0 0.16930499062499998 0.5307907468749999 0.166480021875 0.5297238390625 0.15066061875 0.5282187296874999 0.1306048140625 0.53628718125 0.10772403906250001 0.5432887265625 0.11290349687500001 0.5489693640625 0.1279692953125 0.547210253125 0.1422814890625 0.5421869203125 0.16026593125 0.53631578125 0.16930499062499998 0.5307907468749999
0 0.6757069484375 0.5015528625 0.680509603125 0.5056013890625 0.6778719859375 0.4941766140625 0.6699612359375 0.4822501359375 0.65772040625 0.4850761546875 0.6645007484375001 0.4921063015625 0.6757069484375 0.5015528625
1 0.1668589234375 0.5537037953125 0.1410574046875 0.542469521875 0.11770615312499999 0.553017890625 0.10669150624999998 0.577909153125 0.0993491078125 0.601952609375 0.098597603125 0.621036234375 0.11413597812500001 0.6380781468750001 0.1310836890625 0.6221317421875 0.144265475 0.612212078125 0.16629897031250002 0.60712524375 0.182495175 0.610262465625 0.20029226718749998 0.61474919375 0.211402690625 0.6070268453125001 0.1956748625 0.5779949546875 0.1668589234375 0.5537037953125
0 0.6778698859375 0.47182876875 0.6699591359375 0.459902290625 0.6725030765625 0.476506 0.6778698859375 0.47182876875
1 0.40922735781249997 0.497748634375 0.42824853125000006 0.5019527609375001 0.44350168125 0.48983578281250006 0.43963788125000003 0.4563457640625 0.43087985 0.4463339984375 0.401878659375 0.45474855312500007 0.40140818125 0.45829537656249997 0.40922735781249997 0.497748634375
0 0.679187646875 0.46636723281250003 0.6793770953125 0.4783572109375 0.68286199375 0.48786727343749997 0.6893592109375 0.48808637499999996 0.68672159375 0.4766616 0.686061665625 0.4682184453125 0.6766437046875 0.449763525 0.679187646875 0.46636723281250003
1 0.37438468125 0.46969155 0.3418985921875 0.46859604218750006 0.3244804046875 0.48808927031250005 0.3184578640625 0.5290190375 0.32665174375 0.547756559375 0.360740815625 0.572549421875 0.3892715265625 0.567681690625 0.41083244218750004 0.543793834375 0.40772224843749993 0.5135680359375 0.3944425859375 0.48397094375 0.37438468125 0.46969155
0 0.68380715 0.52546931875 0.6754259203124999 0.5170896640625 0.672317825 0.5092117125 0.659417065625 0.5035945765625 0.667987746875 0.5239642078125 0.6710021671875 0.5370210953125001 0.6705316890625 0.5405679171875 0.6694033796875 0.55801943125 0.6803264515625 0.5606549484375 0.6889887078125 0.5534978015625 0.687198371875 0.540158315625 0.68380715 0.52546931875
1 0.4983127875 0.5820468859375 0.4928502015625 0.5695552046875 0.45452682656250004 0.57668375 0.4601788640625 0.6011654109375 0.47693922187500004 0.5955768734375 0.4983127875 0.5820468859375
0 0.88409048125 0.527365134375 0.8904003484375 0.537942103125 0.889080490625 0.52105579375 0.8860660703125 0.5079989078125 0.876648109375 0.4895439875 0.8703382421875 0.47896701875 0.8616738875 0.46377631875 0.8533863328125 0.45021773125 0.840485575 0.44460059375 0.84726591875 0.4516307390625 0.8351187640625 0.4492778234375 0.83775638125 0.46070259843750005 0.8485857765624999 0.46851705 0.8577206109375 0.480160925 0.8677027265625 0.4898900890625 0.8759902796875 0.503448678125 0.8786278968750001 0.514873453125 0.88409048125 0.527365134375
1 0.5072497734375 0.4923094 0.5169508609375 0.5175753656250001 0.5441659140625 0.540517015625 0.5567835453125001 0.53932310625 0.5758026203125 0.5211793890624999 0.57184514375 0.492868303125 0.5612031 0.4746959859375 0.5512209859375 0.46496682187499994 0.5072497734375 0.4923094
1 0.538788603125 0.433455015625 0.506962446875 0.4408026625 0.47598356875 0.4462355984375 0.462048178125 0.4528910421875 0.452538640625 0.46196289999999995 0.4620502765625 0.47523888750000004 0.49312493125 0.48697486406249996 0.5299431953125 0.495665721875 0.5484917921875 0.4810688265625 0.5554573875 0.45539325937499997 0.5538544015625 0.43169590468749997 0.538788603125 0.433455015625
1 0.8274890390625 0.42181454531250007 0.8120464390625 0.42194154531250005 0.7912370281250001 0.426745775 0.7850229359374999 0.4333377203125 0.78803735625 0.4463946046875 0.8127084671875 0.452732546875 0.8317296421875 0.45693667343750005 0.8439704718750001 0.45411065625 0.8394488421874999 0.434525328125 0.8274890390625 0.42181454531250007
1 0.75357568125 0.4646653234375 0.75188111875 0.468494746875 0.773161009375 0.46014369374999997 0.7728778828125 0.45333265 0.7776784390625 0.43503333125 0.76506080625 0.4362272375 0.7531031031250001 0.44586430000000005 0.75357568125 0.4646653234375
