1 0.3497715140625 0.661314821875 0.32428806875 0.7165811171875001 0.3395055515625 0.7469667203125 0.38446650937500004 0.7674090328125 0.4259315109375 0.7496974546875 0.46031068125 0.681557909375 0.4430314734375 0.653236459375 0.3497715140625 0.661314821875
1 0.6467452734375 0.5147389265625 0.621543578125 0.4923657765625 0.5952747281249999 0.5027973921875 0.5837836984375 0.5341371796875001 0.5805395703125 0.5572203515624999 0.592282428125 0.587117628125 0.6160712234375 0.606938296875 0.6404875140625 0.58447676875 0.64611778125 0.5570211265625 0.6467452734375 0.5147389265625
0 0.20790946875 0.7378877390625 0.210829184375 0.7171128828125 0.2177571015625 0.680423971875 0.20091755625 0.6615799546875001 0.18532440781249998 0.734713615625 0.20790946875 0.7378877390625
0 0.2405726609375 0.70716959375 0.2282962265625 0.6936747015625 0.2150892171875 0.7624358906250001 0.2335294953125 0.73207275625 0.2405726609375 0.70716959375
0 0.256345053125 0.758818378125 0.273927340625 0.7471659453124999 0.2778202953125 0.7194661390625 0.264570621875 0.7128961984375 0.24645475625 0.7409510140625 0.256345053125 0.758818378125
0 0.312032965625 0.7407517890624999 0.2945445921875 0.72652440625 0.2659109359375 0.778994059375 0.288171584375 0.7844765 0.312032965625 0.7407517890624999
0 0.16227835468750001 0.6843964953125 0.13828039375 0.6786698906249999 0.1464547109375 0.73395865625 0.1574121625 0.7190212515625001 0.16227835468750001 0.6843964953125
0 0.1955817828125 0.825603790625 0.19708859843749998 0.8022764562500001 0.1803643 0.7952181890625 0.1955817828125 0.825603790625
0 0.1625088515625 0.70796799375 0.146569959375 0.7457444046874999 0.1630850921875 0.7668967390625 0.2202072375 0.7890481953124999 0.23146777031250002 0.734136909375 0.221368309375 0.7303636140624999 0.193571309375 0.726457 0.1625088515625 0.70796799375
0 0.13774681718749998 0.695072275 0.1238483171875 0.69311896875 0.1249581359375 0.73564533125 0.1447173984375 0.73371449375 0.13774681718749998 0.695072275
1 0.517505409375 0.640163984375 0.543565096875 0.643826434375 0.582643959375 0.6304873265625 0.5784991765624999 0.5969500703125 0.5703461921875 0.5793268703125001 0.5518845812500001 0.5720244390625 0.54363768125 0.5802810546875 0.5213983640625 0.612464178125 0.5025184234375 0.6333498796875 0.517505409375 0.640163984375
