1 0.7054926171875 0.53111238125 0.7220102093749999 0.543621925 0.742219065625 0.530794878125 0.7639307625 0.48905575 0.790466521875 0.45640472968749995 0.8216833265625001 0.41451153906249993 0.8307593843750001 0.35936665 0.8236038828125001 0.3283727703125 0.8004256828124999 0.292916559375 0.7719103578125 0.29337874375 0.76374690625 0.29934415625 0.75040751875 0.3065045296875 0.7042054671875 0.366139896875 0.6954336109375 0.404891628125 0.6884506296875 0.45139182812499995 0.6897264453124999 0.5041468 0.7054926171875 0.53111238125
1 0.6640079484375 0.4753981609375 0.6491180453125 0.5053605234375 0.6485096421875001 0.538146840625 0.67203971875 0.563319984375 0.688014746875 0.5616722249999999 0.6941986328125 0.5235179734375001 0.6952542578124999 0.49266877343750004 0.6850635703125 0.46033525781250006 0.6640079484375 0.4753981609375
0 0.7011816140625 0.4770177734375 0.7012292875 0.48312786562500004 0.7089931921875 0.48133542656249995 0.7330840000000001 0.46761216250000004 0.7317423437499999 0.46180081093750003 0.725272421875 0.463294509375 0.714521003125 0.4698574015625 0.7011816140625 0.4770177734375
0 0.7463757156249999 0.454341696875 0.7364710624999999 0.4586687328125 0.73781271875 0.464480084375 0.748164590625 0.4620901671875 0.7463757156249999 0.454341696875
0 0.7537400734374999 0.45672223437500004 0.76538593125 0.4540335765625 0.7700669765625 0.44479140624999997 0.76359705625 0.44628510468749993 0.7571271359375 0.447778803125 0.7498104484375 0.4515083609375 0.7537400734374999 0.45672223437500004
0 0.7945573312499999 0.42689516562499996 0.785547115625 0.43509643750000004 0.777783209375 0.4368888765625 0.7722077265625 0.44225681093749997 0.7761373515625001 0.4474706828125 0.7821600531249999 0.44403986562500003 0.8174495 0.42569082500000005 0.8217309984375 0.42062163124999996 0.8174018265624999 0.41958073437500004 0.8083439390624999 0.4216719125 0.7945573312499999 0.42689516562499996
0 0.5951997625 0.5728984234375 0.57713165625 0.5831908718750001 0.5758853453125 0.5895997046875 0.58579 0.5852726671874999 0.626654928125 0.56155569375 0.6348183796875 0.55559028125 0.632182740625 0.5500776671875001 0.6106798999999999 0.5632034546875 0.5951997625 0.5728984234375
1 0.58087059375 0.5639643765625 0.5759035140625001 0.5365459921875 0.5649614046875 0.5186685171875001 0.55460953125 0.5210584359375 0.5499761578125 0.5364106953125 0.546684440625 0.5575743078125 0.5441441453125 0.56428188125 0.531651521875 0.5692063968750001 0.518759353125 0.5783038859375 0.508550496875 0.5990240796874999 0.5073995296875 0.617653096875 0.5127184828125 0.6347884140625 0.522318934375 0.6468545359375 0.5297786375 0.66145525625 0.5424619500000001 0.6809711093749999 0.5512156359375 0.6952730890625001 0.56161518125 0.6989932640625 0.5723666015625 0.6924303703125 0.5800351625 0.678417746875 0.5790453796875 0.6623233296875 0.571138459375 0.6457854921874999 0.5721940812499999 0.614936290625 0.58087059375 0.5639643765625
1 0.0788705828125 0.6329317921875 0.0674154140625 0.6600608171875 0.07720655625 0.696567309375 0.1021259609375 0.7336618968749999 0.1323166453125 0.7817817109375 0.1470453625 0.7865427828125 0.1480533140625 0.749583490625 0.139603828125 0.7188883515625 0.11995570468750001 0.6928189890625001 0.1305164359375 0.661815728125 0.1211248421875 0.6211362625 0.110391590625 0.5746454421875 0.0938444953125 0.5029721 0.0805232765625 0.45707875937500003 0.054804778124999995 0.428330121875 0.040523279687500004 0.425506165625 0.0157468921875 0.4067418546875 0.0151384890625 0.43952817031249997 0.0198490375 0.48944980625 0.033474459375 0.5189499843750001 0.035006803125 0.5492017078125 0.0488229140625 0.6031422546874999 0.06672983437499999 0.6275732406250001 0.0788705828125 0.6329317921875
1 0.5402213546875 0.3937967828125 0.5177287328125 0.39082815000000004 0.5030953609375 0.3982872625 0.497615221875 0.4158753796875 0.5047230515625001 0.4407591671875 0.517358690625 0.45416492656249996 0.5324392812500001 0.4486429328125 0.5539897921875 0.4416272390625 0.566482415625 0.43670272499999996 0.58156300625 0.4311807296875 0.5775380375 0.4137466734375 0.570972771875 0.4030201875 0.55624405625 0.3982591140625 0.5402213546875 0.3937967828125
0 0.519188403125 0.6332947140625 0.5546503703125001 0.6924397515625 0.5558490109374999 0.6799208296875 0.521233809375 0.6185399328125001 0.519188403125 0.6332947140625
0 0.8215039734375 0.5022886859375 0.7871566359375 0.530622053125 0.794121446875 0.5371755640625 0.82762201875 0.511078053125 0.8215039734375 0.5022886859375
