1 0.513207546875 0.527545909375 0.527044025 0.5191986640625 0.5421383640624999 0.51085141875 0.55471698125 0.4974958265625 0.567295596875 0.49248747968749995 0.5886792453125 0.49248747968749995 0.6012578609375 0.48747913125000003 0.612578615625 0.4791318859375 0.6150943390625 0.472454090625 0.6 0.4674457421875 0.5899371062500001 0.4674457421875 0.577358490625 0.46577629375 0.5660377359375001 0.47412353906250004 0.5484276734375 0.48247078437499996 0.53584905625 0.48580968281250003 0.527044025 0.48580968281250003 0.505660378125 0.4974958265625 0.494339621875 0.51252086875 0.4880503140625 0.5242070109375 0.513207546875 0.527545909375
1 0.9094339625 0.32053422343750004 0.8955974843750001 0.312186978125 0.9069182390625 0.380634390625 0.9245283015625001 0.3439065109375 0.91823899375 0.33055091875 0.9094339625 0.32053422343750004
1 0.9031446546874999 0.404006678125 0.9081761 0.3956594328125 0.9069182390625 0.38731218749999996 0.90062893125 0.3839732890625 0.8918239 0.390651084375 0.8905660375 0.39899833125 0.8981132078125 0.404006678125 0.9031446546874999 0.404006678125
1 0.786163521875 0.40233722812500006 0.7924528296875 0.39899833125 0.8 0.3856427375 0.8037735843749999 0.37395659375 0.7974842765625 0.368948246875 0.7886792453125 0.368948246875 0.7836477984375 0.37395659375 0.7798742140625 0.392320534375 0.781132075 0.40066777968749995 0.786163521875 0.40233722812500006
0 0.73710691875 0.4173622703125 0.7471698109375 0.41402337187500005 0.759748428125 0.4073455765625 0.7610062890625 0.404006678125 0.74591195 0.4073455765625 0.7295597484375 0.415692821875 0.7056603781249999 0.427378965625 0.7169811328125 0.42570951562500003 0.7257861640625001 0.4223706171875 0.73710691875 0.4173622703125
0 0.6654088046875 0.5208681140625 0.659119496875 0.5191986640625 0.6515723265625 0.5258764609375 0.641509434375 0.529215359375 0.6440251578125 0.5358931546875 0.650314465625 0.5342237062499999 0.6654088046875 0.5208681140625
0 0.8062893078125001 0.390651084375 0.82767295625 0.3789649421875 0.8553459125 0.3656093484375 0.8716981125000001 0.358931553125 0.88176100625 0.3489148578125 0.8591194968750001 0.358931553125 0.8301886796875 0.370617696875 0.8037735843749999 0.3823038390625 0.8062893078125001 0.390651084375
0 0.6654088046875 0.5475792984375001 0.6578616359375 0.550918196875 0.650314465625 0.55592654375 0.6477987421875 0.55759599375 0.6477987421875 0.5642737890625 0.676729559375 0.5459098499999999 0.6654088046875 0.5475792984375001
0 0.8352201265625 0.43238731250000007 0.86289308125 0.41903172031249997 0.86289308125 0.415692821875 0.8377358484374999 0.427378965625 0.8 0.44407345625000005 0.8025157234375 0.449081803125 0.8176100625 0.44240400625 0.8352201265625 0.43238731250000007
0 0.64528301875 0.45242070156249997 0.6352201265625 0.4574290484375 0.62767295625 0.460767946875 0.6301886796875 0.4674457421875 0.650314465625 0.45075125156249995 0.64528301875 0.45242070156249997
0 0.750943396875 0.4056761265625 0.7396226421875001 0.4106844734375 0.723270440625 0.41903172031249997 0.7308176093750001 0.42070116874999997 0.767295596875 0.40066777968749995 0.750943396875 0.4056761265625
0 0.7559748421875 0.4674457421875 0.74591195 0.4791318859375 0.750943396875 0.4774624375 0.8147191875 0.43862577968750005 0.813836478125 0.43906510781249997 0.8050314468750001 0.4407345578125 0.794968553125 0.4474123546875 0.781132075 0.45409015 0.7660377359375 0.460767946875 0.7559748421875 0.4674457421875
0 0.714465409375 0.55759599375 0.713207546875 0.5692821375 0.7207547171875001 0.5692821375 0.7194968546875 0.5592654421875001 0.714465409375 0.55759599375
0 0.74591195 0.437395659375 0.7396226421875001 0.43906510781249997 0.7396226421875001 0.4457429046875 0.7433962265625 0.449081803125 0.7433962265625 0.44240400625 0.74591195 0.437395659375
