0 0.58702225625 0.786768771875 0.5958915625000001 0.7853996203125 0.6004873859375001 0.762055859375 0.5856760234375 0.753144259375 0.582573103125 0.7698246531249999 0.58702225625 0.786768771875
0 0.5739670203125 0.7997438734375 0.543085615625 0.7818767203125 0.5233566515625 0.7694356453125 0.5024275640625 0.755273784375 0.49818307968750003 0.7685565640625 0.5090427375 0.7823667921874999 0.53003038125 0.794851821875 0.5592432125 0.8244128328125001 0.592934753125 0.8339837421875 0.599755153125 0.8191120406250001 0.5739670203125 0.7997438734375
0 0.5619959125 0.6734102015625 0.5443744125000001 0.6727948453125 0.5345392078125 0.6657358921875 0.530646059375 0.668957690625 0.5353879921875 0.6775176593750001 0.545340309375 0.6812229515625 0.5640448203124999 0.6869127515625 0.58298355625 0.6858952328125001 0.57698294375 0.6772913109375 0.5619959125 0.6734102015625
0 0.495725396875 0.6224086078125 0.4885246625 0.612083903125 0.48228982499999995 0.6101873015625 0.489373446875 0.6238656671875 0.4966327375 0.63251354375 0.5050921515625 0.642882203125 0.516186034375 0.6499851109375 0.5139614578125 0.64151305 0.504301921875 0.6294236078125001 0.495725396875 0.6224086078125
0 0.3652327140625 0.6060995765625 0.3279408046875 0.5913663140625001 0.3338243046875 0.603323896875 0.3649399328125 0.6144837296875 0.3652327140625 0.6060995765625
0 0.2914675640625 0.6975406453125 0.3208856203125 0.6851369453125 0.3186024890625 0.6783417171874999 0.2625765125 0.6948528734375 0.26617687968750003 0.700015225 0.2914675640625 0.6975406453125
0 0.453544325 0.7115948671875 0.4175110953125 0.6969055578125001 0.4185355484375 0.7036568328125 0.4495926203125 0.71649349375 0.453544325 0.7115948671875
0 0.368100290625 0.7405097203125 0.3419608203125 0.7312025359375001 0.3417851515625 0.736233025 0.3666659421875 0.7454962578125001 0.368100290625 0.7405097203125
0 0.5820460984375 0.7849161265625 0.564775934375 0.7742397875 0.5603557796875 0.7925530578125 0.58409500625 0.7984186765625 0.5820460984375 0.7849161265625
0 0.5873747125000001 0.6323245734375 0.5562005265625001 0.6228415703125 0.5312026234375 0.616932 0.5098636437499999 0.6145079499999999 0.510888096875 0.621259225 0.5208989703125 0.6232876890625 0.5432624046875 0.6324630124999999 0.5632841484375 0.6365199359375 0.5768368328125 0.6453875828125 0.5980587015625 0.6511652906250001 0.5873747125000001 0.6323245734375
0 0.3102021921875 0.59410461875 0.29395648125 0.5901795562500001 0.2897705515625 0.6017855062499999 0.307450609375 0.60072403125 0.3102021921875 0.59410461875
0 0.6058154390625 0.6816559140625 0.5957460125 0.68130428125 0.5955117875 0.688011603125 0.6067813375 0.6900840203125 0.6058154390625 0.6816559140625
0 0.6298468859375 0.7513289890625 0.625046396875 0.7444458515625 0.626597296875 0.8082972640625 0.6299929984375 0.78323271875 0.6298468859375 0.7513289890625
1 0.34573685625 0.7313343984375 0.3803357375 0.7510102437499999 0.41013413125 0.7638029515625 0.4410740921875 0.779993275 0.46835512812499996 0.792698075 0.5127306578125 0.8211097031250001 0.5461294203125 0.8390647640625 0.5967983453125 0.8676961640625 0.6096489140625 0.8244941640624999 0.6219724765625 0.7963836359375 0.623377825 0.7561397109375 0.6145966328125 0.7188978109375 0.6226757093749999 0.7040700640625001 0.624490953125 0.6520883265624999 0.6303170140625001 0.521339521875 0.6059046734375 0.49866164687500003 0.555908865625 0.4868425046875 0.5138164656249999 0.46522610468750003 0.45518557656249997 0.44806879374999997 0.400389278125 0.42936651406250004 0.3532041703125 0.3370595203125 0.30560860624999997 0.328681946875 0.27317574375000003 0.3191549890625 0.235473940625 0.3161595390625 0.182023878125 0.331081771875 0.2093316734375 0.6678103953125001 0.21401505156249997 0.67804719375 0.2289435265625 0.6836051328125 0.2538828734375 0.6911915343749999 0.2774464296875 0.7020876421875 0.317080028125 0.721939303125 0.34573685625 0.7313343984375
0 0.7953199078125001 0.6681270546875 0.79909594375 0.6682589171875 0.798247159375 0.6564771515625 0.789319296875 0.659523134375 0.7891436281249999 0.664553625 0.7953199078125001 0.6681270546875
1 0.80404254375 0.7070457828125 0.8287476671875 0.72133950625 0.8546529125 0.7373540125 0.8869686640625 0.7502346296875 0.9153327093750001 0.7680138734375 0.9414136234375 0.778997890625 0.9576593328125 0.782922953125 0.9752808343750001 0.783538309375 0.9750176109375 0.754988240625 0.9695440046874999 0.731292846875 0.9548497546875 0.7190275875000001 0.9414141828125 0.70680628125 0.9421168578125 0.6866843171875 0.933950225 0.6679315078125 0.9275692781249999 0.634131178125 0.9214515531249999 0.6288809171875 0.906698746875 0.6182924875 0.89273616875 0.6211626531250001 0.8824910718750001 0.6258415125 0.8660111374999999 0.628623771875 0.8455794984375 0.6363046578125 0.8085508125 0.6501214640625 0.791485315625 0.6696720234375 0.79593446875 0.6866161421875 0.80404254375 0.7070457828125
