0 0.658192090625 0.7638297875 0.629943503125 0.7191489359375 0.6214689265625 0.693617021875 0.5960451984375 0.6510638296875 0.5593220343749999 0.638297871875 0.5720338984375 0.702127659375 0.580508475 0.727659575 0.5875706218750001 0.7553191484374999 0.580508475 0.7851063828125 0.5847457625 0.8531914890625 0.629943503125 0.8702127656249999 0.6497175140625 0.8468085109375 0.6539548015625 0.8127659578124999 0.658192090625 0.7638297875
0 0.6073446328125 0.6212765953125 0.601694915625 0.6085106390624999 0.601694915625 0.593617021875 0.577683615625 0.5787234046874999 0.5649717515625 0.5659574468749999 0.5522598875 0.5468085109375 0.5409604515625 0.5212765953125 0.5395480218750001 0.5042553187500001 0.549435028125 0.506382978125 0.5621468921874999 0.5106382984375 0.57062146875 0.5148936171875 0.5649717515625 0.49574468125 0.5056497171875 0.47234042499999995 0.5098870062499999 0.4893617015625 0.5155367234375 0.49574468125 0.5155367234375 0.5042553187500001 0.5240113 0.5148936171875 0.5225988703125 0.529787234375 0.5367231640625 0.5659574468749999 0.5550847453125 0.6191489359375 0.5720338984375 0.629787234375 0.5748587578125 0.625531915625 0.5819209046875 0.6191489359375 0.6073446328125 0.6212765953125
0 0.478813559375 0.4170212765625 0.483050846875 0.42127659531250006 0.48163841874999996 0.434042553125 0.49152542343750005 0.44468085156250003 0.49293785312500005 0.4489361703125 0.5042372875 0.46382978750000003 0.516949153125 0.47021276562500003 0.5225988703125 0.46595744687499996 0.51836158125 0.45957446874999996 0.5127118640624999 0.44468085156250003 0.5155367234375 0.434042553125 0.532485875 0.43829787187499997 0.532485875 0.434042553125 0.5084745765625 0.42127659531250006 0.5127118640624999 0.4106382984375 0.51836158125 0.4106382984375 0.5155367234375 0.4 0.48728813593750003 0.3787234046875 0.48022598906249997 0.3851063828125 0.4774011296875 0.39574468125 0.478813559375 0.40425531875000004 0.478813559375 0.4170212765625
0 0.4844632765625 0.37234042500000003 0.5014124296875 0.3765957453125 0.5014124296875 0.361702128125 0.49576271250000004 0.3574468078125 0.4844632765625 0.37234042500000003
0 0.190677965625 0.5489361703125 0.17796610156249998 0.5212765953125 0.190677965625 0.5085106390624999 0.17372881406250001 0.49574468125 0.1709039546875 0.5170212765625 0.186440678125 0.5510638296875 0.190677965625 0.5489361703125
0 0.2259887 0.53191489375 0.224576271875 0.5212765953125 0.214689265625 0.534042553125 0.2090395484375 0.5808510640625 0.214689265625 0.593617021875 0.21892655312499998 0.5574468078125 0.2259887 0.53191489375
0 0.2090395484375 0.39574468125 0.210451978125 0.361702128125 0.1977401125 0.3510638296875 0.19491525468749998 0.2468085109375 0.190677965625 0.24255319218750002 0.190677965625 0.3148936171875 0.190677965625 0.3851063828125 0.2090395484375 0.39574468125
0 0.23022598906249997 0.34042553125 0.22740112968749998 0.3446808515625 0.24011299375 0.3553191484375 0.23587570625 0.36808510625 0.22881355937499998 0.37234042500000003 0.21892655312499998 0.3914893609375 0.23022598906249997 0.40212765937499995 0.24011299375 0.374468084375 0.25 0.3468085109375 0.23022598906249997 0.34042553125
0 0.2485875703125 0.29574468125000003 0.26129943437500003 0.2914893609375 0.289548021875 0.306382978125 0.282485875 0.3085106390625 0.266949153125 0.3 0.26129943437500003 0.3085106390625 0.26977401093750003 0.3191489359375 0.25423728749999996 0.33404255312500003 0.257062146875 0.3361702125 0.282485875 0.3170212765625 0.299435028125 0.3106382984375 0.31920903906250003 0.3085106390625 0.3177966109375 0.30425531875 0.306497175 0.302127659375 0.21892655312499998 0.261702128125 0.2132768359375 0.274468084375 0.22740112968749998 0.28723404218750004 0.2485875703125 0.29574468125000003
0 0.40536723124999996 0.25957446875 0.3827683609375 0.24042553125000002 0.3573446328125 0.22765957499999998 0.3347457625 0.2212765953125 0.31073446250000003 0.2170212765625 0.29519774062500004 0.2212765953125 0.2980225984375 0.22553191562500002 0.3079096046875 0.2234042546875 0.3220338984375 0.22553191562500002 0.3220338984375 0.24042553125000002 0.3262711859375 0.25531914843750003 0.3319209046875 0.25744680781249996 0.33050847499999997 0.24255319218750002 0.33050847499999997 0.23404255312500002 0.3403954796875 0.23191489375000002 0.35593220312499996 0.23617021249999998 0.3686440671875 0.24255319218750002 0.365819209375 0.2765957453125 0.3827683609375 0.29574468125000003 0.398305084375 0.306382978125 0.3997175140625 0.28936170156249996 0.40112994375 0.274468084375 0.4025423734375 0.265957446875 0.4251412421875 0.28723404218750004 0.4491525421875 0.3127659578125 0.4774011296875 0.3468085109375 0.4717514125 0.3510638296875 0.45480225937499996 0.3531914890625 0.45621468906249996 0.3574468078125 0.467514125 0.361702128125 0.4774011296875 0.3638297875 0.467514125 0.3808510640625 0.467514125 0.3872340421875 0.49293785312500005 0.35957446875 0.47033898281250003 0.327659575 0.4350282484375 0.28723404218750004 0.40536723124999996 0.25957446875
0 0.36299435 0.28723404218750004 0.3531073453125 0.28936170156249996 0.3361581921875 0.2851063828125 0.33050847499999997 0.274468084375 0.31920903906250003 0.270212765625 0.3220338984375 0.2765957453125 0.327683615625 0.28297872343749997 0.31920903906250003 0.28085106406250004 0.29519774062500004 0.265957446875 0.271186440625 0.25531914843750003 0.271186440625 0.25957446875 0.2838983046875 0.26808510625 0.282485875 0.270212765625 0.29661016875 0.28085106406250004 0.3177966109375 0.28936170156249996 0.3361581921875 0.30425531875 0.351694915625 0.3127659578125 0.37288135625 0.3234042546875 0.3926553671875 0.3361702125 0.422316384375 0.3638297875 0.422316384375 0.3574468078125 0.41949152500000003 0.3425531921875 0.39406779687500004 0.3085106390625 0.36299435 0.28723404218750004
0 0.2485875703125 0.265957446875 0.2627118640625 0.25957446875 0.25564971718749996 0.2531914890625 0.26129943437500003 0.2468085109375 0.28813559375 0.25531914843750003 0.289548021875 0.261702128125 0.29237288125 0.2638297875 0.29519774062500004 0.2531914890625 0.33050847499999997 0.265957446875 0.3319209046875 0.25957446875 0.3262711859375 0.25744680781249996 0.323446328125 0.25957446875 0.3149717515625 0.2531914890625 0.29237288125 0.2446808515625 0.29237288125 0.24042553125000002 0.27966101718749997 0.22978723437499998 0.29661016875 0.23191489375000002 0.30367231562499997 0.22978723437499998 0.289548021875 0.2234042546875 0.26977401093750003 0.22553191562500002 0.2485875703125 0.23617021249999998 0.23163841875000002 0.2489361703125 0.190677965625 0.21914893593749998 0.190677965625 0.23404255312500002 0.21610169531249998 0.2468085109375 0.2485875703125 0.265957446875
0 0.40536723124999996 0.22765957499999998 0.3587570625 0.20212765937500002 0.35593220312499996 0.2106382984375 0.40395480156249997 0.23617021249999998 0.40536723124999996 0.22765957499999998
0 0.18361581875 0.2212765953125 0.18502824843750001 0.3234042546875 0.1892655375 0.3234042546875 0.1892655375 0.2170212765625 0.18361581875 0.2212765953125
0 0.033898304687500005 0 0 0.002127659375 0.144067796875 0.093617021875 0.15536723125000002 0.0808510640625 0.1497175140625 0.061702128125 0.033898304687500005 0
0 0.45621468906249996 0.1085106390625 0.48022598906249997 0.12127659531249999 0.48163841874999996 0.11489361718749999 0.45762711874999995 0.1 0.45621468906249996 0.1085106390625
1 0 0.35957446875 0.134180790625 0.4553191484375 0.1567796609375 0.48510638281249996 0.190677965625 0.5085106390624999 0.1892655375 0.374468084375 0.1878531078125 0.206382978125 0.1525423734375 0.20212765937500002 0.1172316390625 0.2170212765625 0.06355932187499999 0.2127659578125 0.03813559375 0.1829787234375 0 0.174468084375 0 0.35957446875
1 0.21186440625 0.41914893593749997 0.22740112968749998 0.425531915625 0.23163841875000002 0.39361702187500003 0.242937853125 0.35957446875 0.24011299375 0.3127659578125 0.190677965625 0.21914893593749998 0.1892655375 0.3148936171875 0.1920903953125 0.3808510640625 0.21186440625 0.41914893593749997
1 0.37005649687500003 0.3191489359375 0.384180790625 0.29574468125000003 0.3813559328125 0.2446808515625 0.3262711859375 0.2234042546875 0.3262711859375 0.2638297875 0.337570621875 0.297872340625 0.37005649687500003 0.3191489359375
1 0.422316384375 0.3638297875 0.46045197812499994 0.397872340625 0.49011299375000006 0.35957446875 0.45338983125 0.3106382984375 0.4025423734375 0.261702128125 0.39406779687500004 0.293617021875 0.3997175140625 0.325531915625 0.422316384375 0.3638297875
1 0.08615819218750001 0.0148936171875 0.052259887500000005 0.012765957812500001 0.04661016875 0.029787234375 0.08615819218750001 0.061702128125 0.1242937859375 0.0787234046875 0.1242937859375 0.04042553125 0.08615819218750001 0.0148936171875
1 0 0.0574468078125 0.01836158125 0.06808510625 0.0282485875 0.0574468078125 0.0282485875 0.03191489375 0 0.0106382984375 0 0.0574468078125
1 0.193502825 0.07659574531249999 0.19491525468749998 0.012765957812500001 0.17231638437500002 0.012765957812500001 0.1497175140625 0.03191489375 0.1638418078125 0.093617021875 0.1822033890625 0.106382978125 0.193502825 0.07659574531249999
