0 0.6751080171875 0.5826144375 0.6850849875 0.584238603125 0.687130484375 0.5744417265624999 0.6897308859375 0.5607820625 0.6778825312500001 0.563300509375 0.674281303125 0.5528314609375 0.6711259984375 0.5703539109375 0.6751080171875 0.5826144375
0 0.6788069453125 0.6323835109375 0.6842469921875 0.6256099359375 0.6840403140625 0.618164190625 0.6768704249999999 0.61032610625 0.6727468609375 0.6168198515625 0.6723986375 0.62812838125 0.6788069453125 0.6323835109375
0 0.7063979828125 0.7557157421875 0.7119031640625 0.775142184375 0.7211185515625 0.77318339375 0.727113503125 0.762547034375 0.7385810687500001 0.758237109375 0.7357088546874999 0.7382510124999999 0.7246220796875 0.744352415625 0.714851790625 0.7501739921875 0.7063979828125 0.7557157421875
0 0.6744328562499999 0.6894858109374999 0.6632809484375 0.6693871984374999 0.6604087359374999 0.6494011000000001 0.6464497484375 0.63551640625 0.62781229375 0.6319882453125001 0.6238954078125001 0.6459277359375 0.632588459375 0.6609317375 0.6459925453124999 0.6786792171875 0.656208759375 0.7008491375 0.6744328562499999 0.6894858109374999
1 0.4446369 0.521129884375 0.4521550140625 0.5176594406249999 0.45981467187499997 0.49543472499999996 0.458193809375 0.44896878124999995 0.45795456406249996 0.42842303125000003 0.440013559375 0.40227781093750004 0.429405275 0.44947071875000005 0.4195260046875 0.48714657656250004 0.41882955624999996 0.5097636359375 0.4217343359375 0.542849740625 0.43212466093749996 0.559365396875 0.44601851718749996 0.5470500734375 0.4446369 0.521129884375
1 0.400452634375 0.6110355421875 0.40118164843750004 0.601518490625 0.402465565625 0.5881386562500001 0.3968188390625 0.5874664859375 0.39252116406250004 0.599614496875 0.3951866984375 0.6121548515625 0.400452634375 0.6110355421875
1 0.40840539218750005 0.7067109015625 0.42007963437500007 0.709846721875 0.41852390625 0.689580796875 0.41603248437499996 0.671386178125 0.414683434375 0.658565996875 0.413889284375 0.6418830296875 0.41572810625 0.6246404078125 0.4179477171875 0.609189265625 0.4211030203125 0.5916668171875 0.422006146875 0.5764955031250001 0.41989551562500005 0.5600923640625 0.4116158203125 0.5599798484375 0.41071269531250004 0.5751511625 0.40641501875 0.5872991734374999 0.40606679375 0.598607703125 0.401040103125 0.620272765625 0.396568315625 0.638075040625 0.3937938015625 0.6573889687500001 0.391574190625 0.6728401109375 0.39049695156249997 0.6936656906249999 0.39427229218750004 0.6984804734375001 0.40840539218750005 0.7067109015625
1 0.46889979375 0.44107589999999997 0.4811940734375 0.46654894999999996 0.49775346249999997 0.4667739796875 0.5143128515625001 0.4669990109375 0.5303173390625 0.4710868265625 0.5485740015625 0.47282350781250004 0.5509351578125 0.43861809375 0.5625117015625001 0.4024538875 0.544809940625 0.39685441875 0.5150857125 0.3994276625 0.4970357265625 0.4051367234375 0.4709127265625 0.4181790140625 0.46889979375 0.44107589999999997
1 0.46392695625 0.5600952859375 0.4802796671875 0.5528745703125 0.4802471 0.5397745625 0.478691371875 0.5195086375 0.45987980625 0.5216347406249999 0.45201346718749996 0.5364137125 0.450348759375 0.5480020703124999 0.440959259375 0.5556151265625 0.4319505515625 0.5650196609375 0.4329188109375 0.5760483640625 0.442308309375 0.5684353078125 0.46392695625 0.5600952859375
1 0.5842054890624999 0.5757225046875 0.5875349062499999 0.5525457921875 0.5872956609375 0.5320000390625 0.595336109375 0.5115668015625 0.58269360625 0.49740227968750006 0.56596010625 0.502831515625 0.5545251062500001 0.5202414484375 0.547039559375 0.5368119 0.5240718625 0.532331740625 0.5054344093750001 0.5288035796874999 0.48398987499999996 0.5314893374999999 0.48422911874999996 0.5520350890625 0.49666494375000003 0.558753865625 0.5175545765625 0.5599308953125 0.5448850828125 0.578463059375 0.572596378125 0.598786703125 0.58066939375 0.5914534734375 0.5842054890624999 0.5757225046875
0 0.3991248703125 0.6824696765625 0.40626219218750004 0.677207753125 0.40602294843750003 0.656662003125 0.3982655890625 0.63958669375 0.400202109375 0.661644096875 0.3991248703125 0.6824696765625
0 0.400626746875 0.6053812781250001 0.4019106625 0.5920014421875 0.39962591875000003 0.5812525671875 0.3930760671875 0.5957517125 0.3955674890625 0.6139463296875001 0.400626746875 0.6053812781250001
0 0.6695477109375 0.6923966 0.661093903125 0.6979383484375 0.666011615625 0.7081275687499999 0.6786541203125 0.722292090625 0.6742587437500001 0.6951400750000001 0.6695477109375 0.6923966
