0 0.302272671875 0.692775403125 0.31577315 0.681760796875 0.28933586875 0.67996279375 0.26964882968750004 0.6726574875 0.243212259375 0.6564790078125 0.22183810624999997 0.641562728125 0.19146434375000002 0.6196090437499999 0.1942763203125 0.6298972515625 0.2021507078125 0.641447659375 0.21621237031249999 0.65693750625 0.23308672187499999 0.66833508125 0.2522111546875 0.6778968890625 0.2763979984375 0.6887208984375001 0.302272671875 0.692775403125
0 0.3641468390625 0.7034088140625 0.3585225296875 0.6900226375 0.3444594421875 0.703293746875 0.3225219640625 0.7050144484375 0.33602173125 0.70838031875 0.345583946875 0.713161221875 0.33545840937500004 0.725017296875 0.32477061875 0.7319396359375 0.337145525 0.7326282703125 0.3489585328125 0.721192928125 0.3641468390625 0.7034088140625
0 0.2375875953125 0.6502830671875001 0.22802395468749997 0.67426311875 0.228023240625 0.688643596875 0.2336489765625 0.67326881875 0.2426500078125 0.65154526875 0.2432133296875 0.634908290625 0.2375875953125 0.6502830671875001
0 0.2122748203125 0.6583525406249999 0.217337946875 0.6452342640625 0.21733865937500002 0.6308537859375 0.20946284375 0.6480643328125 0.20777430468750002 0.6692143140625 0.2122748203125 0.6583525406249999
0 0.2375858140625 0.6862342625 0.2465857765625 0.6860814296875 0.25614835 0.68367209375 0.2538996953125 0.65674690625 0.2488376390625 0.6482944671875 0.241524078125 0.67043875 0.2375858140625 0.6862342625
0 0.17008983125 0.611883003125 0.17121433749999998 0.621750478125 0.17909015156250002 0.6045399312499999 0.17008983125 0.611883003125
0 0.1076548359375 0.5675548984375001 0.10934337499999999 0.5464049171875 0.107094009375 0.5338602078125 0.1025931359375 0.551912221875 0.1014668484375 0.5779959406249999 0.1076548359375 0.5675548984375001
0 0.16277840937500002 0.590885853125 0.15715231875 0.6134508703125 0.1577138578125 0.632765084375 0.16615263593750002 0.6061077984375001 0.16277840937500002 0.590885853125
0 0.0840320265625 0.5257134328124999 0.08740768125000001 0.512174421875 0.0840330953125 0.5041427171875 0.076719534375 0.5262870000000001 0.0744687421875 0.542503246875 0.0840320265625 0.5257134328124999
0 0.25559892500000003 0.41988976093749997 0.249974259375 0.4136938234375 0.2291623578125 0.40371128125 0.23759935625 0.41300518750000004 0.24716157187499999 0.4177860921875 0.25559892500000003 0.41988976093749997
1 0.20834974218750002 0.408109215625 0.2347863109375 0.424287696875 0.260098015625 0.43778894218750003 0.2882224109375 0.44719791718749996 0.2741607484375 0.431708071875 0.2617862 0.423829196875 0.24716157187499999 0.4177860921875 0.2280371390625 0.40822428437499997 0.2173500609375 0.40076614531250004 0.21228764843749998 0.39950394375 0.1999127453125 0.398815309375 0.20834974218750002 0.408109215625
