1 0.20938245625000002 0.39667736875 0.1724954234375 0.4282913421875 0.1516169375 0.457804115625 0.161323484375 0.47767416875 0.1861469359375 0.5209633796875 0.231497653125 0.5912208531250001 0.2792054015625 0.5667050859375 0.34059799375 0.5601681609375 0.3682235328125 0.5341811609375 0.32360397343749997 0.5058116609375001 0.2606854890625 0.4249302078125 0.20938245625000002 0.39667736875
1 0.18207019687499998 0.67041976875 0.18951815624999999 0.637497884375 0.215457315625 0.5915008375 0.196457484375 0.5754365406249999 0.1709013359375 0.5667737703125 0.160207778125 0.5669604265625 0.1399984078125 0.558204328125 0.12666325 0.560258865625 0.109127271875 0.5514561 0.1083945765625 0.586082540625 0.11599994375 0.63878115 0.1179406390625 0.6733609265625 0.145501059375 0.72024590625 0.1801279640625 0.71235440625 0.18207019687499998 0.67041976875
1 0.1081417984375 0.4949983984375 0.1062631453125 0.54057546875 0.1359247453125 0.554631890625 0.1775530203125 0.5648358921875001 0.21389809531249998 0.57877565625 0.20139100000000001 0.5516674015625 0.1901888109375 0.5227146 0.12628331406249999 0.4618898578125 0.1081417984375 0.4949983984375
0 0.154829209375 0.5652325390625 0.140125565625 0.5654891906249999 0.1442945984375 0.5745252765625 0.16167163125 0.574221959375 0.17230161093750002 0.5703928703125001 0.154829209375 0.5652325390625
0 0.28840331875 0.55743568125 0.27630948593750004 0.5540032375 0.24562908593750002 0.5581823078125 0.24534298125 0.5417913609375 0.22287348593749998 0.5567577375 0.23238929531250002 0.56570049375 0.24575624375 0.5654671718750001 0.25925034999999996 0.5725187171874999 0.27662738125 0.5722153999999999 0.29384546562499997 0.5628059999999999 0.3070534671875 0.5534665999999999 0.298906140625 0.5463217265625 0.28824437187499996 0.5483296 0.28840331875 0.55743568125
0 0.2116712953125 0.527804934375 0.2250064546875 0.525750396875 0.2233200765625 0.5057403515625001 0.20868001249999998 0.5096394375 0.2116712953125 0.527804934375
0 0.340025784375 0.5273862703125001 0.3189247734375 0.5441505296875 0.32306201562500003 0.5513653984375 0.3378292359375 0.554751178125 0.3457540359375 0.5491475359375 0.3522785625 0.53992479375 0.3643088171875 0.5397148046875 0.3748752171875 0.532243284375 0.3507193421875 0.5271996140625 0.340025784375 0.5273862703125001
0 0.14744636718749998 0.5252824421875 0.144486871875 0.5089381609375 0.1401271046875 0.48897477968749997 0.1333482625 0.48362779062500005 0.13630775625 0.499972071875 0.1419088515625 0.514448475 0.14744636718749998 0.5252824421875
1 0.4629699140625 0.5234185015625 0.4891633890625 0.4919911828125 0.5113785703125 0.4624550796875 0.5216906546875 0.44041382812499996 0.4678096015625 0.41767130156250004 0.40224797656250005 0.4151721421875 0.4419975984375 0.4709532125 0.4629699140625 0.5234185015625
1 0.3971206484375 0.581042809375 0.4416145875 0.52561303125 0.41835035625000005 0.495049 0.37837666875 0.503033828125 0.3971206484375 0.581042809375
1 0.426655090625 0.5878143671875 0.44180378593749997 0.613054740625 0.47082806093749996 0.667201253125 0.4874088171875 0.6978819421875 0.50774534375 0.7139229078125 0.5211758718749999 0.71733201875 0.54927825 0.7186632609375 0.5800222296875 0.718126621875 0.60541943125 0.7176833125 0.624133159375 0.7173566640625 0.64014170625 0.7152554624999999 0.6354958328125 0.678901134375 0.626458403125 0.620762209375 0.618853034375 0.5680636 0.616912340625 0.5334838234375 0.6136031625 0.49710616406249997 0.6077477515624999 0.4680600328125 0.5861698984375 0.45750605 0.540881221875 0.46740542031250004 0.498424884375 0.48636421093750004 0.4508760828125 0.5199860578125 0.43664928124999997 0.547560953125 0.426655090625 0.5878143671875
