0 0.217016840625 0.36052101875 0.21881836406250002 0.3537976375 0.2189312078125 0.346621775 0.215066178125 0.340782078125 0.21011297812500002 0.332248771875 0.2056474421875 0.328650203125 0.20046855312499998 0.3344686234375 0.2009562203125 0.33940335781250003 0.199755203125 0.3438856125 0.2013310421875 0.35151395625 0.202306371875 0.3613834265625 0.20906109687500002 0.36319335 0.217016840625 0.36052101875
0 0.3119578265625 0.39797054374999996 0.3114701625 0.39303580781249997 0.309894321875 0.385407465625 0.304828278125 0.3840500234375 0.299649390625 0.3898684421875 0.2989360390625 0.3992854328125 0.2954458328125 0.40555633281250003 0.29931086093750003 0.4113960296875 0.3071537609375 0.4158995609375 0.310043459375 0.41186978906249994 0.311844984375 0.40514640625 0.3119578265625 0.39797054374999996
0 0.2764955140625 0.38846844687500004 0.27142947031250003 0.387111003125 0.2696279453125 0.39383438437499996 0.27360581562499997 0.3924982203125 0.2764955140625 0.38846844687500004
0 0.34937079843749996 0.4272115828125 0.344304753125 0.4258541390625 0.3419027203125 0.43481864843749995 0.348657446875 0.43662857187500004 0.34937079843749996 0.4272115828125
0 0.249512903125 0.4148669375 0.2524026015625 0.41083716406250004 0.2570938234375 0.4000840078125 0.25611849375 0.3902145375 0.2545426546875 0.3825861953125 0.2529668171875 0.374957853125 0.2434352359375 0.37000184062499997 0.23836919218750002 0.36864439843749996 0.2322149734375 0.364593346875 0.223058215625 0.37174793125 0.2206561828125 0.380712440625 0.21716597499999998 0.3869833421875 0.2187418140625 0.394611684375 0.2226068421875 0.4004513828125 0.23044974218749997 0.40495491250000004 0.23769213281249998 0.411699571875 0.24553503124999998 0.416203103125 0.249512903125 0.4148669375
1 0.47567941718749995 0.5907656515624999 0.5065633484375 0.6038450421875 0.5427390125 0.6039301515625 0.54983226875 0.5842124859375 0.551146128125 0.57255436875 0.5434160718750001 0.560874975 0.5311076359375 0.5527728749999999 0.5108434578125001 0.5473431046874999 0.49830933593750004 0.553592728125 0.47567941718749995 0.5907656515624999
1 0.3989833296875 0.3636401671875 0.3802949890625 0.365838740625 0.3535380640625 0.37788550781249997 0.332560534375 0.38187272656250004 0.3089189921875 0.3755379953125 0.295409540625 0.3719181484375 0.280699071875 0.3727805546875 0.27274332968750004 0.3754528875 0.25840768281250004 0.3884258921875 0.2552922984375 0.40680739062500004 0.26966423906250003 0.4274725703125 0.2933057796875 0.43380730156249997 0.31706016406250004 0.43296617187499997 0.386860321875 0.4156385734375 0.4022841421875 0.4053591765625 0.4103527265625 0.39551098281249997 0.41335526875 0.384305346875 0.4123799375 0.3744358765625 0.40742673749999997 0.365902571875 0.3989833296875 0.3636401671875
1 0.4890437 0.45983275937499996 0.5067567093750001 0.44776471406249996 0.510246915625 0.4414938140625 0.5156514890625 0.42132366875000005 0.5050317359375 0.4136740484375 0.4942991375 0.413200290625 0.47501029062500005 0.417639990625 0.45801063124999997 0.42029104375 0.44378782812499995 0.4260881890625 0.40701165625 0.42824420781250006 0.3826567640625 0.43132646562500004 0.36565710625 0.43397751875 0.3481697828125 0.4316938375 0.330569615625 0.43658601875 0.31792265 0.4500115046875 0.345916884375 0.46712066874999997 0.378001834375 0.47571780625000004 0.42262090468749997 0.47806531874999997 0.4407087359375 0.478107871875 0.46108575781249994 0.4763617796875 0.474708053125 0.4728057625 0.4890437 0.45983275937499996
1 0.1933752984375 0.35418628750000003 0.2106369359375 0.37082169375 0.218592678125 0.3681493609375 0.2199065375 0.3564912453125 0.2242229390625 0.3336274921875 0.218669228125 0.3273353140625 0.20395876093749998 0.32819772187499996 0.19420149375 0.337593434375 0.1933752984375 0.35418628750000003
1 0.22797512343749998 0.34664305156249997 0.22703608593750002 0.370411765625 0.261035403125 0.365109659375 0.28043709375 0.3534940953125 0.2789740984375 0.33868988906249997 0.26546464687500004 0.33507004218750003 0.2530433671875 0.3341438046875 0.2383328984375 0.3350062125 0.22797512343749998 0.34664305156249997
1 0.2100766859375 0.29861058749999997 0.20827516093749998 0.3053339703125 0.217206234375 0.312531109375 0.2387842703125 0.3063027625 0.268918559375 0.29516095781249996 0.272521609375 0.28171419375 0.2582988046875 0.2875113359375 0.2373212765625 0.29149855625 0.21803242812499998 0.2959382578125 0.2100766859375 0.29861058749999997
