0 0.30673424531250004 0.82243373125 0.3258403859375 0.8278185046875001 0.3379667859375 0.8330814468750001 0.3294183984375 0.822829684375 0.31380212812499997 0.8175058265624999 0.3034206625 0.81227334375 0.28950525625 0.8095048125 0.2809568671875 0.7992530515625 0.2741534140625 0.789031746875 0.2605024375 0.7711140078125001 0.24859639531250002 0.753226728125 0.23812678593749997 0.7530439796875 0.24278865781249998 0.7859586359375 0.24968025468750002 0.7911302046875 0.26001764843749997 0.79888755625 0.2686982515625 0.8015647140625 0.282525515625 0.8093829796875 0.296352778125 0.817201246875 0.30673424531250004 0.82243373125
0 0.20623316875 0.780269284375 0.195763559375 0.7800865359375 0.1990330703125 0.7927717921874999 0.202434796875 0.7978824437500001 0.21107132812499999 0.8030844687500001 0.22145279375000002 0.8083169515625 0.226775740625 0.803358590625 0.21657056406250003 0.788026634375 0.20623316875 0.780269284375
0 0.45242734218749997 0.8754895578124999 0.459098578125 0.8932854640624999 0.46437745625 0.890851971875 0.46128423124999995 0.86806724375 0.44933411874999996 0.8527048296874999 0.4284830421875 0.8472896000000001 0.41648885625 0.8344520546874999 0.411077765625 0.8444601515624999 0.40571074375 0.8519433812500001 0.41081333437499995 0.859609359375 0.4230278796875 0.8598225656249999 0.438688221875 0.8626215546875 0.44911375937500003 0.8653291703124999 0.45242734218749997 0.8754895578124999
0 0.5170780765625 0.8715667671875 0.5065203234375 0.8764337546875 0.501241446875 0.8788672484375001 0.4925167734375 0.8787149578125 0.489115046875 0.8736043062500001 0.48388024218750003 0.8735129328125 0.47690050156249997 0.8733911015625001 0.4815623734375 0.9063057578124999 0.4886302578125 0.9013778546875001 0.490551478125 0.891308840625 0.5045109578125 0.8915525046875 0.5150687109375001 0.8866855156250001 0.52213659375 0.8817576109375 0.524057815625 0.8716885984375 0.5170780765625 0.8715667671875
1 0.44878885156250004 0.4839522828125 0.437658165625 0.5216425546875 0.4369089453125 0.5645653078125 0.43266985625 0.607427146875 0.428783340625 0.6300900421875 0.4531242875 0.6355661890625 0.46341760781249997 0.645848409375 0.47894573593749995 0.6562220015625 0.49796373281250006 0.6666565125 0.5101782765625 0.6668697171875 0.531205640625 0.6621854765624999 0.5451210468750001 0.6649540078125 0.5590364546875 0.667722540625 0.573304434375 0.650292128125 0.5858274828125001 0.6328312578124999 0.5983064578125 0.61789525625 0.6160202359375 0.6030506296875 0.6319890796875 0.5881755421875 0.6514477953125 0.573361371875 0.66907343125 0.56356648125 0.681596478125 0.546105609375 0.693899165625 0.5412690796875 0.7096035796875 0.5415432015625 0.7202935484374999 0.529101609375 0.7344293125 0.519245803125 0.74154126875 0.5117930296875 0.7503540859375 0.506895584375 0.7524956671874999 0.48420223125 0.7525838109375 0.47915249531250004 0.754549103125 0.4665586140625 0.758303403125 0.451470321875 0.7604449828125001 0.42877696875 0.7607534859375 0.41110289218749996 0.734976109375 0.38792221250000003 0.6838553828125 0.37985177187499997 0.6688889421875001 0.374140471875 0.6402818296875 0.368755290625 0.7526278828125 0.47662762656249996 0.6251158 0.356959765625 0.6203833375000001 0.35308870468750003 0.6193720125 0.3515693203125 0.5826117734375 0.317070478125 0.5952390421875 0.325506146875 0.5758083218750001 0.3068491765625 0.5476690046875 0.3189861890625 0.53174423125 0.33133640625 0.5087075046875 0.351139396875 0.489160646875 0.3710033015625 0.47301551562500005 0.39597785937499996 0.46223740312499995 0.41346918749999995 0.45472880312499997 0.44364576875 0.44878885156250004 0.4839522828125
0 0.742422703125 0.461295671875 0.7267182890624999 0.46102155156249996 0.7264979296875 0.473645890625 0.7420260578125 0.4840194828125 0.742422703125 0.461295671875
0 0.7412506999999999 0.42844193124999996 0.732658240625 0.42071503750000006 0.725810715625 0.41301860156250003 0.7256344296874999 0.4231180734375 0.7290361546875 0.42822872656250005 0.7341828171875 0.4333698359375 0.7391972625000001 0.44608554843750003 0.7477456499999999 0.456337309375 0.748054153125 0.438663234375 0.7412506999999999 0.42844193124999996
0 0.7451812875 0.4032541671875 0.7399464828125 0.40316279374999997 0.7397701953125 0.41326226562499996 0.7467499359375 0.41338409687500005 0.7451812875 0.4032541671875
0 0.7028621328125 0.42777185624999997 0.6977595421875 0.42010587812500005 0.6925247390625 0.4200145046875 0.690603515625 0.4300835171875 0.69579425 0.43269976093749996 0.6991959765625 0.4378104125 0.7043426375 0.44295152031249996 0.707876578125 0.44048757031249997 0.7028621328125 0.42777185624999997
0 0.545817990625 0.425030640625 0.5845591328124999 0.405501771875 0.557609753125 0.34946735 0.5381510390625001 0.3642815203125 0.545817990625 0.425030640625
0 0.5627466828125 0.6551591171875 0.54802978125 0.498312725 0.5407415390625 0.5158649703125 0.5505321390625 0.6549459109375 0.5627466828125 0.6551591171875
