0 0.520974928125 0.67247195625 0.5207450625 0.6441117875 0.5147736265625 0.6260662453125 0.5053921421875 0.6148752296875 0.497176415625 0.6019541671875 0.4967956953125 0.6186636578125 0.506002728125 0.6265259078125001 0.510459496875 0.63964396875 0.51258475 0.6562221296875 0.513457015625 0.672865953125 0.5143292828125 0.6895097796874999 0.520974928125 0.67247195625
0 0.42969785937499994 0.5370634562500001 0.43575652031249995 0.5567733828125 0.4443529671875 0.5529849546875 0.43721577187499994 0.536669459375 0.4338375359375 0.5201569671875 0.4266131140625 0.5021770890624999 0.418484615625 0.490920409375 0.40758846406250004 0.4748019125 0.3953521015625 0.4570847015625 0.3833774171875 0.44436063593749997 0.3716644140625 0.43662971875 0.377461396875 0.451346496875 0.3855898953125 0.462603178125 0.398904790625 0.47692595937500004 0.408373503125 0.48978135624999997 0.4153362453125 0.502768084375 0.423726425 0.5190179140625 0.42969785937499994 0.5370634562500001
0 0.43726297187499996 0.6334663140625 0.4362716671875 0.6385251265624999 0.4366205734375 0.6451826578125 0.44020507656249996 0.64165689375 0.4437023546875 0.6364667468749999 0.443440675 0.6314735984375 0.44076025 0.6282761671875 0.43726297187499996 0.6334663140625
0 0.3275328515625 0.3137710125 0.32904751718749997 0.31869849375000003 0.3314662625 0.316902778125 0.33181516875 0.323560309375 0.334408365625 0.3250933609375 0.3369143375 0.32496202812499997 0.336739884375 0.3216332609375 0.3364782046875 0.31664011406250003 0.33388500625 0.315107065625 0.33111735625 0.31024525000000003 0.3321086609375 0.3051864359375 0.3281752515625 0.30205466875 0.32735839843750003 0.3104422484375 0.3275328515625 0.3137710125
1 0.5214603421875 0.2502011796875 0.5078837671875001 0.23088525 0.4864085578125 0.22867280937499998 0.446780965625 0.21572901875 0.420468265625 0.2171080078125 0.3856781640625 0.2005727875 0.362513834375 0.1901041015625 0.3498967515625 0.18909638125 0.332323140625 0.2133827296875 0.3271049328125 0.23368365156249998 0.3201976046875 0.24572832656250002 0.3165812875 0.27262111093749997 0.31217992968749997 0.2845344546875 0.30480465625000003 0.31162423906250003 0.3062002828125 0.338254359375 0.31088691874999996 0.3797325921875 0.31630318125 0.41115886250000006 0.3363509515625 0.41010820312499996 0.3470726484375 0.4228979328125 0.3762084109375 0.45141216406250007 0.398175165625 0.4869779203125 0.4045827328125 0.5133453765625 0.41151366093749997 0.549699128125 0.41835736093750003 0.584388496875 0.42598610312499996 0.6340573093749999 0.46349561718750004 0.8223522640625 0.4848281859375 0.7978689171875 0.5006254515624999 0.7636619390625 0.4991508140625 0.6636019859375 0.63366358125 0.856826940625 0.48375069374999996 0.5375685765625 0.4781917921875 0.47944651875 0.48574151875 0.45568549999999997 0.4901746875 0.420405134375 0.5171615984375 0.3839427796875 0.5364561421875 0.3445456546875 0.5305165203125 0.3031330890625 0.5214603421875 0.2502011796875
1 0.3626328765625 0.16840146250000002 0.3710230546875 0.18465129062500002 0.400103403125 0.188134115625 0.43364052343750004 0.204735003125 0.4561942640625 0.20355301250000002 0.48422789374999997 0.187063246875 0.51278488125 0.1805597765625 0.526393271875 0.1765086828125 0.5460049078125 0.1671361109375 0.582111625 0.136871621875 0.5505253046874999 0.1335201296875 0.50667080625 0.1358184453125 0.4596997546875 0.1265974171875 0.42837511250000004 0.128239071875 0.4142115515625 0.1456708921875 0.4022922828125 0.15797823125 0.371229321875 0.1646130328125 0.3626328765625 0.16840146250000002
0 0.5785414671875 0.5242560328125 0.58238765 0.5257234171875 0.586233834375 0.5271908015625 0.589992790625 0.526993803125 0.5897311109375 0.5220006546875 0.5893822046875 0.5153431234375 0.589120525 0.5103499765625 0.587605859375 0.5054224953124999 0.587256953125 0.49876496406250004 0.5869952734375 0.49377181718749996 0.5844020750000001 0.4922387671875 0.578224375 0.49423147968750003 0.5758056296875 0.4960271953125 0.5809047984375 0.4974289140625 0.5823322375 0.5006920125 0.5827683703125001 0.509013925 0.5817770640625 0.5140727375 0.5770268015625 0.51932855 0.5785414671875 0.5242560328125
0 0.546233734375 0.45919105312499997 0.541483471875 0.464446865625 0.5392391796875 0.4695713453125 0.5420068328125 0.4744331609375 0.5456785609375 0.4725717796875 0.5492630640625 0.46904601562500003 0.5501671453125 0.46232281875 0.546233734375 0.45919105312499997
0 0.542300325 0.4560592859375 0.53720115625 0.45465756874999996 0.5346951843750001 0.45478890156249996 0.5351313171875 0.4631108140625 0.537724515625 0.4646438640625 0.5415706984375 0.466111246875 0.5438149890624999 0.4609867671875 0.542300325 0.4560592859375
0 0.52907265625 0.4434008875 0.5250520187500001 0.4386047390625 0.5212930625000001 0.43880173750000007 0.5202145296875 0.4421961671875 0.519223225 0.44725498124999996 0.5207378890625 0.4521824625 0.5256626046874999 0.45025541718750006 0.5267411375 0.44686098437500005 0.52907265625 0.4434008875
0 0.5739102453125 0.5078092062499999 0.5922924953125001 0.5469007265625 0.6006272609375001 0.53811915 0.58743140625 0.5020937296875 0.5739102453125 0.5078092062499999
0 0.569127128125 0.8001268125 0.5668828359375 0.8052512921874999 0.569737715625 0.811777490625 0.5734094453125 0.8099161078125 0.5757409625000001 0.8064560109375 0.5754792828124999 0.8014628640625 0.5727116328124999 0.7966010484375 0.569127128125 0.8001268125
