1 0.3675685109375 0.51730276875 0.39979271562499996 0.4984772765625 0.39129870312500004 0.4717811390625 0.349648175 0.47085187812499996 0.35016594843750004 0.511965478125 0.3675685109375 0.51730276875
0 0.6748157921875 0.47441587500000004 0.6780097828125 0.4581301984375 0.66159988125 0.464139090625 0.6249904921875 0.48563484062500006 0.6011395937499999 0.49458134062500003 0.5709785375 0.501793303125 0.5639346062499999 0.5092693828125 0.5368293625 0.516213996875 0.5397469953125 0.531964975 0.5455219078125 0.5451793687500001 0.5638567812499999 0.543575275 0.5861797734375 0.5347624484375 0.6168760718749999 0.5160706328125 0.6567398046874999 0.49657676874999995 0.6748157921875 0.47441587500000004
0 0.6723555765625 0.4814909328125 0.6670380828125 0.49110257500000004 0.6647764015625001 0.50044686875 0.6846391781250001 0.49870910156250003 0.7088871421875 0.4943010734375 0.7130134406249999 0.4710740140625 0.6933491968750001 0.4750810171875 0.6723555765625 0.4814909328125
0 0.5673096578125 0.5478463984374999 0.5471101671875 0.563333259375 0.5678877828125 0.6072475640625 0.5858255906250001 0.6011049984375 0.6064221437499999 0.5901566093749999 0.6344596953125 0.576270615625 0.6364021375 0.52808195625 0.5966765828125 0.531557490625 0.5673096578125 0.5478463984374999
0 0.7178560453125 0.491229790625 0.6739438359375 0.49964482187500003 0.6609868125 0.5099248375000001 0.652017909375 0.5129961203125 0.6545384765625 0.5242086265625 0.66523381875 0.52327290625 0.6831716265625001 0.5171303390624999 0.7329969265625 0.5059113749999999 0.7406364546875001 0.5052430015625 0.7331351046875 0.4898930453125 0.7178560453125 0.491229790625
0 0.7076181203125 0.5149915484375 0.683568690625 0.5216688125 0.6664250140625 0.536888321875 0.676188046875 0.5428939859375 0.7046226625 0.5335464609375 0.7422247140625 0.5233968921875001 0.75823755 0.5128495281250001 0.7395056140625 0.5099151484375 0.7274809 0.5132537796875 0.7076181203125 0.5149915484375
0 0.870897590625 0.3223512125 0.86345659375 0.32528882187499997 0.8594684718750001 0.33249755312499996 0.8648463203125001 0.341173475 0.8755416609375001 0.340237753125 0.8938161796875 0.3203460953125 0.89050148125 0.30005664374999996 0.8821281765625001 0.3099356359375 0.870897590625 0.3223512125
0 0.8517939984374999 0.4383528390625 0.8449485984375 0.44809815625000005 0.8411590109375 0.45757612343750004 0.8448104203125 0.46411648281250006 0.8568351359375 0.4607778515625 0.870525934375 0.44128721718749997 0.8700685171875 0.4184611796875 0.8508013359375 0.4270066578125 0.8517939984374999 0.4383528390625
0 0.789667625 0.48494709062499997 0.7906602875 0.49629327187500005 0.79829981875 0.4956249 0.8219521828125 0.4844091640625 0.8341150781250001 0.4650522046875 0.824550578125 0.4613157796875 0.8109979562499999 0.464788084375 0.789667625 0.48494709062499997
0 0.859347765625 0.295922425 0.85643013125 0.2801714453125 0.8388893890625001 0.290852484375 0.8301190203125 0.296193003125 0.8328381203124999 0.30967474687499996 0.8488509562500001 0.2991273828125 0.859347765625 0.295922425
0 0.36879465 0.425731271875 0.35357594375 0.44535558125 0.3497863546875 0.4548335484375 0.35496567031250004 0.4612402359375 0.3591523234375 0.45630073906249996 0.365402125 0.4397477140625 0.3840737078125 0.424394528125 0.3922484828125 0.41224629999999995 0.387863296875 0.41491655937500005 0.36879465 0.425731271875
0 0.7653767796875 0.4184740984375 0.7745442171875 0.4176720515625 0.813674175 0.4073888078125 0.8245076953125 0.390434759375 0.7836512984375 0.398582440625 0.76458265 0.409397153125 0.7653767796875 0.4184740984375
0 0.7474818562500001 0.49549768437499997 0.7763135375 0.490688634375 0.7722650625 0.4796098015625 0.73559531875 0.4828179890625 0.7379173546875 0.49176125937500004 0.7474818562500001 0.49549768437499997
1 0.9174860171875 0.256536903125 0.9132390109375 0.2431888359375 0.9069288546875001 0.24145429687500003 0.8972261749999999 0.25373619999999997 0.8905793078125 0.26575075312499996 0.888913221875 0.28190275468750003 0.8960175093749999 0.2927142390625 0.9051849437499999 0.2919121921875 0.9152846890624999 0.2841687625 0.9174860171875 0.256536903125
