0 0.378732025 0.5621258796874999 0.3573180234375 0.5574989015625 0.35524530468750004 0.5825388890625 0.3534634625 0.6242430046874999 0.35115804375000004 0.6359516890625 0.35144891718750004 0.65261581875 0.36160138124999996 0.6591062890625 0.3725429578125 0.63891225625 0.3746447640625 0.6155386796875 0.37537570468750003 0.5855213515625 0.378732025 0.5621258796874999
0 0.37222675625 0.548904065625 0.387280925 0.5486412953124999 0.394720746875 0.5435106703125 0.40464050937499996 0.5366698375000001 0.40067335625 0.525070640625 0.38311015937500004 0.5253772062500001 0.368259603125 0.5373048687499999 0.37222675625 0.548904065625
0 0.496085871875 0.3117063 0.5034384328125 0.30157643749999996 0.49824585312499997 0.2916655515625 0.4845043734375 0.29523925 0.47706455156249994 0.3003698734375 0.484795246875 0.311903378125 0.496085871875 0.3117063
0 0.578713034375 0.2285849296875 0.5599825859374999 0.2339126328125 0.55764808125 0.24395490468749997 0.575182190625 0.24198192500000001 0.5951962421875 0.2382987375 0.5925417765625001 0.23001047031250002 0.578713034375 0.2285849296875
0 0.5678587171875 0.25377820156249997 0.5565971796875 0.25564169375 0.5441683890625 0.2625263203125 0.54941914375 0.2757700328125 0.558317090625 0.28228240000000004 0.5746839484375 0.2853305578125 0.5858291375 0.27680141406250003 0.59957061875 0.2732277140625 0.6105994578125 0.25803292031249997 0.595458028125 0.25329645312500004 0.57789483125 0.25360302031250004 0.5678587171875 0.25377820156249997
1 0.32550105 0.3163507890625 0.3354752296875 0.3845204328125 0.35504921093749997 0.4275187015625 0.40058985312499995 0.44839375312499996 0.4227057078125 0.42133699062499996 0.4114770140625 0.35318924687500003 0.3955793125 0.3051260453125 0.366463703125 0.29063197500000004 0.32550105 0.3163507890625
0 0.64073688125 0.259173790625 0.65952550625 0.2571789125 0.672041559375 0.2552935234375 0.6871248140625 0.256697165625 0.6931937734375 0.24492278750000002 0.6793359437500001 0.24183083593750002 0.6630272625 0.2421155046875 0.6467767546875 0.2457329984375 0.64073688125 0.259173790625
0 0.487234825 0.5235597046875 0.499605440625 0.5133422515625 0.4978564421875 0.48503513125 0.4883185734375 0.44186168124999997 0.46506831249999997 0.4039283421875 0.47329725156249997 0.3721132171875 0.48546425624999995 0.35023087343750003 0.47995171562500005 0.32198944687500003 0.469711990625 0.3104997375 0.42705851250000004 0.31124425625 0.4108080046875 0.31486175 0.4174296234375 0.334749215625 0.42545119375 0.36294685000000004 0.43116734531249995 0.4028531671875 0.43300360624999995 0.436159525 0.4346944296875 0.46113382031250005 0.43623981875 0.4777760515625 0.43793064218750005 0.5027503453125 0.44073054375 0.519370678125 0.4559301484375 0.527439971875 0.4735806078125 0.53213264375 0.487234825 0.5235597046875
0 0.78745685 0.2532789421875 0.798718390625 0.2514154515625 0.792242209375 0.23986005000000002 0.78465695 0.2366586109375 0.772111809375 0.2368775859375 0.76090844375 0.24207390312500002 0.77117725625 0.255230025 0.78745685 0.2532789421875
0 0.81486284375 0.6011869640625 0.8112738265624999 0.611251134375 0.808968409375 0.6229598171874999 0.8052921296875001 0.62802475 0.809084759375 0.6296254703125 0.8127028656249999 0.6212277125 0.8162627953125 0.6094971296875 0.81486284375 0.6011869640625
0 0.7216075281250001 0.2911005984375 0.7193311984374999 0.304475696875 0.7343853671875 0.30421292499999997 0.7431669656250001 0.30405964218750003 0.7607301625 0.30375307500000004 0.76554460625 0.2920005953125 0.7491777484375 0.2889524375 0.731614553125 0.2892590046875 0.7216075281250001 0.2911005984375
0 0.7579987312500001 0.6505202265625 0.761529575 0.63712323125 0.76506041875 0.6237262343750001 0.7636895546875 0.6170824828125 0.758875109375 0.6288349609375 0.755344265625 0.6422319578125 0.7541188390625 0.6439202671875 0.7579987312500001 0.6505202265625
0 0.7969947203125 0.29645239375 0.7893512874999999 0.2899181265625 0.7769224953125 0.2968027546875 0.779635134375 0.30842384843750004 0.7909257609375 0.3082267703125 0.7969947203125 0.29645239375
0 0.7308066453125 0.6743317531249999 0.7346865359375 0.6809317125 0.738479165625 0.6825324328125 0.743409959375 0.677445603125 0.7319157234375 0.6659777921875001 0.7242722890625 0.659443525 0.7166579421875 0.6545756734375 0.7231632125 0.6677974890625 0.7308066453125 0.6743317531249999
0 0.8755927953124999 0.27007665 0.8881088484375 0.2681912609375 0.89414871875 0.2547504703125 0.8666075859375001 0.25856504375 0.8603641015625 0.26034094531249996 0.8390373625 0.2607132046875 0.827834 0.265909521875 0.8178269734375 0.2677511140625 0.83051755 0.275864203125 0.841750003125 0.2723342984375 0.85426605625 0.2704489109375 0.8655566828125 0.27025183125 0.8755927953124999 0.27007665
0 0.6046533859375 0.7082052578125 0.6096132671875 0.7047848421875 0.6131441109375 0.6913878453125 0.6140495765625 0.67136899375 0.6105187328125 0.684765990625 0.6082133171875 0.6964746734375 0.6046533859375 0.7082052578125
0 0.853418765625 0.2938005875 0.8721492140624999 0.288472884375 0.883352578125 0.2832765671875 0.8907923999999999 0.2781459421875 0.8706620015625001 0.2751634796875 0.8606258875 0.27533866093750003 0.846797146875 0.273913121875 0.8231940796874999 0.287660478125 0.853418765625 0.2938005875
0 0.6932875734375 0.6816543328125 0.6846514125 0.69013968125 0.6786406265625 0.7052468843749999 0.6714044171875 0.7220423984375001 0.6788733265625 0.7185781875 0.6824623437499999 0.7085140171875 0.6897858171875 0.6967177421875 0.6946293484375 0.686631675 0.6932875734375 0.6816543328125
0 0.6782446796875 0.4668841578125 0.6772519515625001 0.4819037703125 0.6998622921875 0.4831760265625 0.7285997656250001 0.4760067296875 0.7472429515625 0.46567978906249996 0.774696825 0.4568659765625 0.7919691484375 0.43989528125 0.8029689 0.4230340734375 0.8214375640625 0.40270865625 0.83360456875 0.3808263140625 0.8507023671875 0.3538571421875 0.8667201765625 0.33690834375 0.8678001671875 0.32688796875000004 0.8762036296875 0.3050713203125 0.8734619015625 0.2917838109375 0.854760540625 0.298777928125 0.8424481 0.31232820625 0.8239212625000001 0.3293207984375 0.80043454375 0.34973380781249996 0.7831913078125 0.368370915625 0.7696534390624999 0.3836095046875 0.7486757484375001 0.40397871875 0.7276107953125 0.41934869375000006 0.7040077265625 0.4330960515625 0.690411684375 0.44500181406249995 0.6782446796875 0.4668841578125
0 0.6946875234375 0.6899645 0.7009310078125 0.6881885999999999 0.7082544796875 0.6763923234375 0.7206250953125 0.6661748703125 0.7254104531250001 0.652755978125 0.7191960578125001 0.656198290625 0.7130398359375001 0.66297343125 0.6970220281249999 0.6799222265625 0.6946875234375 0.6899645
0 0.728254475 0.38433212656250004 0.739428753125 0.377469396875 0.729189028125 0.3659796875 0.7078913765625 0.3680183609375 0.6879645890625 0.3767007859375 0.67670305 0.378564278125 0.6656160359375 0.3904262453125 0.6570089609374999 0.40057800625000006 0.6622888031249999 0.41548813124999995 0.677255709375 0.41022612187499996 0.695840721875 0.3965663546875 0.7083276875 0.393014553125 0.728254475 0.38433212656250004
0 0.7160180203125 0.6179145921875 0.72199971875 0.6011409750000001 0.7181780015625 0.5978738421875 0.712254478125 0.617980284375 0.7087527234375 0.63304369375 0.71126175 0.6329998984375 0.7160180203125 0.6179145921875
0 0.664673965625 0.5521339828125 0.6560378046875 0.5606193296875001 0.65011428125 0.580725771875 0.6378309265625 0.5959424640625001 0.625751184375 0.6228240453125 0.6384417609375 0.6309371328125 0.6495869515625 0.622407990625 0.66184121875 0.6055248859375 0.6691646921875 0.5937286109375 0.6763136390625 0.5719338578125 0.6747100781250001 0.5519588015625 0.664673965625 0.5521339828125
0 0.64305259375 0.6075197640625001 0.6345036953125 0.6210043484375001 0.6458234093749999 0.622473684375 0.659186753125 0.5972366171875 0.666306615625 0.573775453125 0.6661902656249999 0.5671098015625 0.6623394609375 0.56217625625 0.6540523484375 0.59065855625 0.64305259375 0.6075197640625001
0 0.6696010015625 0.6187248046875 0.6546631828125 0.625653225 0.6384999359375 0.634269959375 0.6248166312500001 0.6411764843750001 0.6124169265625 0.6497275250000001 0.5950573421875001 0.66169898125 0.5927810124999999 0.6750740796875 0.5955809140625 0.6916944125 0.5982353796875 0.6999826812500001 0.6058206375 0.703184121875 0.6109841296875 0.71142859375 0.6137258578125 0.724716103125 0.606373296875 0.734845965625 0.6053223953125 0.7465327515625 0.6092313734375 0.7547991234375 0.6205510890625 0.7562684578125001 0.6318126265624999 0.7544049671875 0.6568447328125 0.7506341875 0.887624659375 0.5999169015625 0.8783776624999999 0.5734075796875 0.8668543390625001 0.56027335625 0.8316988578125001 0.5592200765625 0.8042158984375 0.5663674750000001 0.78046739375 0.57178276875 0.7593151796875001 0.58215350625 0.7468282125 0.5857053078125001 0.7280686765625 0.5893665968749999 0.7131017703125 0.5946286062499999 0.6981930375000001 0.6032234437499999 0.6807752781249999 0.6118620734375 0.6696010015625 0.6187248046875
1 0.86507249375 0.6019774703125 0.860988990625 0.5837126234375 0.8485020249999999 0.587264425 0.8287206749999999 0.6042789156249999 0.8290697218749999 0.6242758687500001 0.849054684375 0.61892626875 0.86507249375 0.6019774703125
0 0.8978718984375 0.4680513125 0.90117004375 0.4413230140625 0.90814446875 0.409529784375 0.9076790718750001 0.3828671796875 0.9085845375 0.362848328125 0.8920722421875 0.35146810624999997 0.882414265625 0.3733066546875 0.8828796640625001 0.39996926093749996 0.8781524812500001 0.41672097812500003 0.8584002171874999 0.4354018828125 0.8573784015625 0.44875508125 0.8504621515625 0.48388113749999995 0.868316221875 0.5002386984375 0.8796359359375 0.5017080328125 0.8932610656250001 0.49146868125000004 0.8978718984375 0.4680513125
0 0.7500972703125 0.5573105968750001 0.7511190859375 0.5439573953125 0.739712109375 0.5374888234374999 0.7350140140625 0.5559069546875001 0.7240142609375 0.5727681625 0.74035203125 0.5741499046875 0.7500972703125 0.5573105968750001
0 0.7761802796875 0.54185303125 0.7623806234375 0.5420939046875 0.7516135703125 0.5722864140625 0.7666386515625 0.5703572296874999 0.771453096875 0.5586047484375001 0.7761802796875 0.54185303125
1 0.7347447109374999 0.6842645375 0.74472265 0.68075653125 0.7583477796875 0.6705171796875 0.765613078125 0.6553880796875 0.7675985328125 0.625348853125 0.767278571875 0.6070183124999999 0.75645334375 0.6338779953125 0.7469989781249999 0.667381434375 0.7347447109374999 0.6842645375
1 0.6822296453125001 0.6951827140625 0.6676699625 0.7237745046875 0.6875094875000001 0.7100928390625 0.7009019203125 0.6865221859374999 0.6956220765625 0.6716120609375 0.6822296453125001 0.6951827140625
1 0.6151004796875 0.6596822078125 0.6042752499999999 0.686541890625 0.5998971156249999 0.7232905625 0.61089686875 0.7064293562499999 0.6179585546874999 0.679635365625 0.6151004796875 0.6596822078125
1 0.45859588906250004 0.32069529218750004 0.43344743281250003 0.3178004203125 0.41713875 0.3180850890625 0.430760121875 0.3795233859375 0.44114528281250004 0.39934515937500004 0.45870847968749995 0.39903859218750004 0.4761262390625 0.3903999625 0.4834497125 0.3786036859375 0.484384265625 0.3602512484375 0.4840933921875 0.34358711875000003 0.4762172609375 0.3237215515625 0.45859588906250004 0.32069529218750004
