0 0.355656021875 0.52367285 0.40534466093750005 0.526863221875 0.4647637765625 0.5559539250000001 0.5094438828125 0.56648793125 0.5873087515625001 0.6071405125 0.6178678171875001 0.6274598421875 0.6642690625000001 0.6600386734375 0.696328528125 0.6859575718750001 0.7356471265625 0.712932190625 0.7777457859375 0.7346606953125 0.767441596875 0.7014120875 0.79793428125 0.6902407968750001 0.780966796875 0.673781615625 0.7669779890624999 0.6580247031249999 0.7388460125 0.641556240625 0.7146193953125 0.6240413375 0.675300796875 0.5970667171875 0.65014749375 0.581300521875 0.6268475640625 0.5620369140625 0.5966636000000001 0.5431174796875 0.573584409375 0.5402991265625 0.547526546875 0.536778509375 0.5240722578125 0.5325602640625 0.4978157796875 0.5230912625 0.47656783750000004 0.5062786296875 0.441573953125 0.500651209375 0.41829615000000003 0.491884475 0.3901862984375 0.48591288437499996 0.367482209375 0.4844944265625 0.350338240625 0.4725837359375 0.33751898593749996 0.4820202453125 0.3188967421875 0.475006859375 0.32602364375000004 0.501604815625 0.29809028125000003 0.49108473437500005 0.261794609375 0.485806128125 0.2698260703125 0.50015850625 0.2920449546875 0.5362161828125 0.319956190625 0.536239390625 0.355656021875 0.52367285
0 0.621175753125 0.34299783281249996 0.64257805625 0.3447651046875 0.666032346875 0.3489833484375 0.6538969109375 0.329729025 0.6302440078125 0.3195623984375 0.6084666046875 0.316395234375 0.5701410734375 0.319162528125 0.5398027484375 0.3152884546875 0.5143186 0.3191161125 0.47762570000000004 0.3019407390625 0.4534212109375 0.2949227109375 0.45737082500000004 0.31487001875 0.46613036093750004 0.321525309375 0.4769197546875 0.3201347 0.5029997453124999 0.334152190625 0.5441274640625 0.33663565625 0.5662799656249999 0.3412027109375 0.5930437765625001 0.32652936875 0.621175753125 0.34299783281249996
0 0.7191416671875 0.4742899734375 0.684147784375 0.468662553125 0.688847596875 0.49140964531250003 0.7088158796874999 0.5190679671875 0.71764179375 0.5572138765625 0.7296228703125001 0.5915135640625 0.7289390515624999 0.6202043984375 0.7399491859375 0.6352590453125 0.765609821875 0.6268828984375 0.778009721875 0.5950527484375 0.777722603125 0.5471168750000001 0.7783842953125 0.5079291671874999 0.7561875390624999 0.4823683640625 0.7191416671875 0.4742899734375
0 0.7622328671874999 0.43723691562500006 0.7825319953125 0.4453013828125 0.7919753484375 0.42326584062499994 0.79115876875 0.38897543749999997 0.7851350421875 0.356080284375 0.750096903125 0.32945911875 0.7221414125 0.308442165625 0.67653461875 0.29965686406250003 0.65215364375 0.297187325 0.5563287515625001 0.29885712343750004 0.5861154890625 0.3058797953125 0.6168289125 0.3111537609375 0.653698296875 0.32378064218749997 0.6783000140625 0.34269543593749996 0.7131395390625 0.36336821874999997 0.73588788125 0.3857804234375 0.7461699421875 0.40853215781249996 0.7622328671874999 0.43723691562500006
0 0.6366654890625 0.452877790625 0.5839981765625 0.4489851515625 0.51586378125 0.43423290156250005 0.465424940625 0.42824274375 0.4621154203125 0.44713433125 0.4919021578125 0.454157003125 0.5187102234375 0.4604774046875 0.566942715625 0.479061953125 0.6065921609375 0.48644271874999995 0.64401313125 0.495921003125 0.6797350890625 0.49385133437500006 0.674285075 0.46830445625 0.6366654890625 0.452877790625
0 0.697518096875 0.367553971875 0.6427987953125001 0.361210359375 0.5813719484375001 0.3506624296875 0.5445246906250001 0.3485324203125 0.506750746875 0.34815111718749997 0.49207811718750005 0.3610850375 0.5324777625 0.3712655875 0.5628160859375 0.3751396609375 0.5918526234375 0.37936254687500004 0.6149539390625 0.39267777187499997 0.665194165625 0.3927195453125 0.695333878125 0.390645234375 0.7230464999999999 0.384720059375 0.697518096875 0.367553971875
0 0.3536704140625 0.552712496875 0.33507030000000004 0.5561959828124999 0.343278246875 0.565999871875 0.3538911546875 0.569157753125 0.372314784375 0.5702227578125 0.386457953125 0.5709343062500001 0.3871639 0.5527403453125 0.37059364375000003 0.5481779312499999 0.3536704140625 0.552712496875
0 0.45088560156249996 0.5926813765625 0.42855661093749997 0.5926628109375 0.41388398281249994 0.60559673125 0.3937834671875 0.6034806484375 0.3725576515625 0.5971648859375 0.3837442734375 0.6076710421875 0.402366515625 0.6146844296875 0.422114059375 0.6258974921875 0.447620334375 0.632566709375 0.46509514999999996 0.624883546875 0.45501170156250004 0.6080801953125 0.45088560156249996 0.5926813765625
0 0.6297372015625 0.432228215625 0.624883028125 0.4245264875 0.6189035546875 0.41262507812500004 0.610364759375 0.42241504374999994 0.614062175 0.436213984375 0.62605258125 0.449719909375 0.6344148890625 0.4444784359375 0.6297372015625 0.432228215625
0 0.5855644296875 0.3975518671875 0.5836668015625001 0.38005553124999997 0.5617129125 0.38143685625 0.546841671875 0.3884223953125 0.5481877109375 0.409067328125 0.5568150125 0.44126485468750004 0.580644403125 0.4468829921875 0.59701604375 0.445497025 0.6109606000000001 0.440260190625 0.6096366875 0.43011213125000003 0.6053340984375 0.4192618046875 0.596574565625 0.4126065125 0.5855644296875 0.3975518671875
0 0.4331452640625 0.4744020640625 0.4354179921875 0.49329829218750004 0.44325084062500003 0.5017022890625 0.4502892328125 0.4863127546875 0.45417246718750004 0.47476944374999996 0.455077028125 0.462523865625 0.44929616718750004 0.456570840625 0.4334761109375 0.45480821093749996 0.4331452640625 0.4744020640625
1 0.17744240312499998 0.368871009375 0.183796978125 0.382172309375 0.1847457921875 0.3909204765625 0.1853195046875 0.39826875156249997 0.1916740796875 0.4115700515625 0.194851365625 0.4182207015625 0.19674899375 0.4357170375 0.1981171625 0.46685884218749996 0.195932940625 0.4899501078125 0.17702410625 0.52352431875 0.2370611875 0.5809570453124999 0.3347615796875 0.5862867078125 0.36139315625 0.5971556015624999 0.38264109999999996 0.6139682375 0.4301233921875 0.629753 0.47595092499999997 0.65498355625 0.528640365625 0.6693730671875 0.5701653109375 0.683753296875 0.624730253125 0.705142271875 0.669233871875 0.7202247671875 0.7085303421875 0.7367025140625 0.7487535015625 0.7514315546875 0.7925069203125 0.7637142671875 0.8006484875 0.7420275375000001 0.781783378125 0.7080720203124999 0.79475699375 0.6835901484375 0.736794025 0.6391052671875 0.75073858125 0.633868434375 0.77728165 0.6027498359375 0.77871566875 0.5768587875 0.7771046359375 0.5187748531249999 0.7796418296875001 0.48658660937500003 0.7849369562499999 0.438655375 0.784164628125 0.4253587171875 0.7915559953125 0.40087220312499994 0.7836567671875 0.3609775875 0.7685647859375 0.35151786875 0.74526485625 0.3322542625 0.7232667125 0.3126418421875 0.702592484375 0.3031774828125 0.665370125 0.29964758125 0.630927828125 0.29087156406250003 0.5767822406249999 0.29187622812499997 0.560035496875 0.291862303125 0.5366033359375 0.29814093124999996 0.5195036203125001 0.3072239875 0.506088525 0.29881535000000004 0.48598800937500003 0.296699265625 0.46346040625 0.290732315625 0.44501464999999996 0.2791704390625 0.4235902203125 0.2669062953125 0.403467578125 0.2542933375 0.3939357171875 0.2343413890625 0.3771889734375 0.2343274640625 0.3579050390625 0.2665017828125 0.33793675625 0.2388434625 0.32081491406249996 0.2374296453125 0.3068482328125 0.2321696046875 0.28604176875 0.24824748125 0.2820041765625 0.2748361546875 0.254490165625 0.2867097140625 0.2247255546875 0.290183915625 0.209876440625 0.30766632656250004 0.190746865625 0.3247952828125 0.16585855625 0.3464680875 0.17744240312499998 0.368871009375
