0 0.83783983125 0.575083596875 0.83155148125 0.5751933609375001 0.8304103546875 0.58189209375 0.8354701703125 0.583473478125 0.840588259375 0.5883932515625 0.84436126875 0.58832739375 0.8481342796875 0.5882615343750001 0.8518490171875 0.5848572875 0.8479594640625001 0.578246365625 0.8428996484375 0.5766649828125 0.83783983125 0.575083596875
0 0.8864470984375 0.62098685 0.8839608953125 0.62269995 0.8827906328124999 0.6277294875 0.8841357109375 0.63271511875 0.8891955265625 0.6342965031250001 0.8903366531250001 0.627597771875 0.8902492453124999 0.6225901859375 0.8864470984375 0.62098685
0 0.6549046078125 0.4012881859375 0.6547880640625 0.39461140625 0.6509567828125 0.39133887343749996 0.6447267046875 0.394787028125 0.6435855765625 0.40148575937500003 0.6449597921875 0.40814058593749997 0.64513460625 0.4181557546875 0.6502818296874999 0.42474472499999993 0.6513938203125 0.416376796875 0.6550794234375 0.411303353125 0.6550211515625 0.4079649640625 0.6549046078125 0.4012881859375
0 0.65493374375 0.4029573796875 0.6638539765625 0.409480490625 0.6739736093750001 0.41264325937499996 0.6841515125 0.41914441562500004 0.6917849421875 0.42402028437499995 0.6877788453125 0.4107325828125 0.6687681140625 0.4027159 0.6599061515625 0.39953117968749996 0.65493374375 0.4029573796875
0 0.1455530609375 0.3383817046875 0.1467233234375 0.3333521671875 0.14166350625 0.3317707828125 0.13914816562500001 0.3318146875 0.1354042921875 0.3335497421875 0.139264709375 0.3384914671875 0.1455530609375 0.3383817046875
0 0.1114745984375 0.404094978125 0.1089301234375 0.4024696890625 0.1090466671875 0.40914646718750003 0.10913407500000001 0.41415405312500003 0.1079929484375 0.42085278437499996 0.11056656093749999 0.42414726875 0.11299449375 0.419095778125 0.11290708593750001 0.41408819531249996 0.11156200624999998 0.40910256250000004 0.1114745984375 0.404094978125
0 0.7744608390625001 0.1153517484375 0.7958120953125001 0.11330935625 0.8133612031249999 0.109663628125 0.8247093703124999 0.11113524999999999 0.8273121171875 0.116098928125 0.8323427984375 0.11601111718749998 0.8410299453125001 0.10918066875000002 0.842141934375 0.1008127421875 0.8395391890624999 0.0958490640625 0.8308229046875001 0.1010103171875 0.82333515625 0.1044804234375 0.8120161265625001 0.10467799687499998 0.7919225421875 0.10669843593749999 0.7806035109375 0.10689601093750001 0.76551146875 0.10715944375 0.7593105265625 0.112276790625 0.7744608390625001 0.1153517484375
0 0.95316653125 0.1189112421875 0.955681871875 0.11886733593750001 0.9632861625 0.12207400937499999 0.9683459796875 0.1236553953125 0.9772079421875001 0.1268401140625 0.98346715625 0.12506115625 0.9783782046875 0.12181057656250001 0.975833728125 0.12018528906249999 0.9695453781250001 0.1202950515625 0.9631987546874999 0.117066425 0.9593674734375 0.11379389375 0.9529917156250001 0.1088960734375 0.951704909375 0.1072488296875 0.95316653125 0.1189112421875
0 0.255688921875 0.089343175 0.2607196015625 0.0892553640625 0.2568300484375 0.0826444421875 0.24805549531249999 0.08446730625 0.24305395000000002 0.0862243109375 0.24688523125 0.08949684375 0.255688921875 0.089343175
0 0.8537862875 0.04717898125 0.8563890359374999 0.052142659375 0.857559296875 0.0471131234375 0.85366974375 0.040502203125000004 0.8561559484375 0.0387891015625 0.856068540625 0.0337815171875 0.8584964734374999 0.028730028125 0.860953540625 0.025347732812500003 0.8583799296875 0.0220532484375 0.8533783843749999 0.023810253125 0.8521789859375 0.027170596875 0.8522663937500001 0.0321781796875 0.853728015625 0.0438405921875 0.8537862875 0.04717898125
1 0.208800671875 0.1419224171875 0.22637891875 0.1399458828125 0.22313518124999998 0.09825991875 0.231472696875 0.0713991328125 0.2219988796875 0.033161321875 0.2030755578125 0.030152221875000003 0.1680064765625 0.039112871874999997 0.1389635203125 0.03294100625 0.1383177046875 0.0680160484375 0.131441809375 0.10653924687500001 0.13383578125 0.1716158921875 0.1537254140625 0.157911090625 0.1698129015625 0.1426029515625 0.1761012515625 0.1424931875 0.208800671875 0.1419224171875
0 0.64673708125 0.5099614703124999 0.6526758 0.48982136875000004 0.653554703125 0.46809988281250003 0.6435516156250001 0.47161389531250003 0.64372643125 0.48162906406249995 0.637933390625 0.5101151390625 0.6380499328125 0.51679191875 0.6468827609375001 0.5183074453125001 0.64673708125 0.5099614703124999
1 0.14306685624999999 0.340094803125 0.1493260703125 0.33831584531250003 0.160615965625 0.3364490765625 0.1705025109375 0.3262582859375 0.1716727734375 0.3212287484375 0.17152709375 0.312882775 0.158309403125 0.276380015625 0.14006103125 0.23996506874999998 0.129446090625 0.20842598906249998 0.11397528125 0.1869898890625 0.0958386296875 0.22904905000000003 0.085014909375 0.2576229359375 0.081824615625 0.29107269062499996 0.0808874421875 0.3094557859375 0.09747024062500001 0.322523959375 0.1126496875 0.3272681109375 0.1253429328125 0.33372536406250003 0.14306685624999999 0.340094803125
0 0.8877192484374999 0.4055729078125 0.881430896875 0.405682671875 0.8764002171874999 0.4057704828125 0.8740305562499999 0.4141603609375 0.8765750328124999 0.41578565 0.8878940640625 0.41558807656249996 0.899154821875 0.41205211249999996 0.8978097437500001 0.4070664796875 0.8877192484374999 0.4055729078125
1 0.11647614375 0.40233797187500003 0.10746850156250001 0.390807278125 0.09454217031249999 0.3709964671875 0.0854471203125 0.3544581875 0.072637334375 0.34132415625 0.07284128437500001 0.35300851875 0.07816332499999999 0.36961265625 0.09223078125 0.3827247359375 0.10272918125 0.4075870359375 0.110595696875 0.4258164640625 0.11682577499999999 0.4223683109375 0.11647614375 0.40233797187500003
1 0.5287491828124999 0.5253785843750001 0.5417968828124999 0.48006884375 0.53463445625 0.43010276249999996 0.5263017671875 0.38516621875 0.49255345312500004 0.325645975 0.459096496875 0.28281768125 0.4158986765625 0.25852615156250003 0.41636485156249997 0.28523326875 0.395479771875 0.3139827765625 0.337364725 0.299969846875 0.30577729531250003 0.292172690625 0.3417495890625 0.33495708125 0.3966452078125 0.3807505703125 0.411149703125 0.4189005703125 0.43220477500000004 0.47196356093749997 0.4589946109375 0.4932020875 0.47616012812499997 0.53965415625 0.5053196265625 0.5525028015625 0.5287491828124999 0.5253785843750001
1 0.550901584375 0.3530124625 0.588189821875 0.3991132890625 0.6036314953125 0.4188801953125 0.6327618562499999 0.43005964687500003 0.656511909375 0.42129657031249995 0.663387803125 0.3827733734375 0.6274737796875 0.3433273734375 0.5858832609375 0.339044228125 0.550901584375 0.3530124625
1 0.0439148734375 0.35351343125 0.0466924359375 0.3684922796875 0.059502225 0.3816263109375 0.075764528125 0.37633334218750003 0.075531440625 0.362979784375 0.07284128437500001 0.35300851875 0.058890370312499996 0.3465732203125 0.05514649687499999 0.3483082734375 0.0439148734375 0.35351343125
1 0.48660007656250004 0.12872489375 0.5552474828125 0.0974719875 0.5645221734375 0.0522281046875 0.5425299296875 0.0175482109375 0.49207744687500005 0.01008034375 0.405385621875 0.0166026671875 0.31977665 0.013087865625 0.24697746562499998 0.0227070984375 0.24796808750000002 0.079459721875 0.2378144921875 0.1464250890625 0.3179217828125 0.1951179125 0.412620978125 0.286968321875 0.4841868015625 0.35083756875 0.5156576890625 0.35195794375 0.47910267500000003 0.275789659375 0.4188267453125 0.21005364375000002 0.36963676093750003 0.1307664953125 0.4073668625 0.1301079140625 0.48660007656250004 0.12872489375
0 0.5359067828125 0.64714199375 0.5345908421875001 0.6438255578125001 0.5307012890625 0.6372146375 0.5295601624999999 0.64391336875 0.5321920453125 0.6505462421875 0.5349113375 0.6621867015625 0.53502788125 0.6688634796875 0.5413453671874999 0.6704229109375001 0.5424573578125 0.662054984375 0.54108314375 0.6554001578124999 0.5384803953125 0.6504364781249999 0.5359067828125 0.64714199375
0 0.5002501578125 0.694516078125 0.5016826437499999 0.7045092937499999 0.5057178765625 0.7194661890625 0.5106902843750001 0.7160399890625 0.5079418578125 0.7027303359375 0.502707225 0.6911337828125 0.49747259374999997 0.6795372296875 0.5002501578125 0.694516078125
1 0.99105214375 0.41545715000000005 0.633558178125 0.3315332453125 0.633164934375 0.525225703125 0.9889010921875 0.6525925765625 0.99105214375 0.41545715000000005
