1 0.6074103390625 0.3744326953125 0.5459403578125 0.472302490625 0.5513699390625 0.4972378203125 0.5857805125 0.5369294765625 0.6143281546875 0.5302583671875001 0.6379080515625 0.4641850609375 0.6074103390625 0.3744326953125
1 0.33045389531249997 0.5042825859375 0.4049055328125 0.4323015953125 0.371606815625 0.3902842296875 0.347506596875 0.38765250625 0.326178896875 0.393180090625 0.29729912187499996 0.397754196875 0.266946871875 0.45845131562499997 0.274585921875 0.50668238125 0.2940220421875 0.5079032171875 0.33045389531249997 0.5042825859375
1 0.11511137499999999 0.471751659375 0.11191974843750001 0.41421776093749996 0.08370423906249999 0.4229858734375 0.0706798546875 0.480938528125 0.06731580000000001 0.543809959375 0.08441274843749999 0.5582989281249999 0.095415853125 0.5436585625 0.11174732031250001 0.5346230890625 0.11511137499999999 0.471751659375
1 0.3954349109375 0.708951353125 0.3809807796875 0.7391855609375 0.43563568124999996 0.7197810359375 0.4765292 0.6789104203125 0.511849196875 0.677615496875 0.5040946890625 0.6380011484375 0.48034084374999997 0.6095192734375 0.44144012187500004 0.6629719078125 0.3954349109375 0.708951353125
1 0.2729283 0.9261183828125 0.3663257375 0.9457194015624999 0.4136452359375 0.936075121875 0.45630063437499996 0.9250199546875001 0.45920285468750005 0.8966153921875 0.41013572031249995 0.8484970671875001 0.35581295156250003 0.8699985937499999 0.32182148593750004 0.879681528125 0.2729283 0.9261183828125
1 0.24689073437500003 0.584155521875 0.24579312031249997 0.558534078125 0.2313532328125 0.56082113125 0.2195704046875 0.5798842078125 0.2165669703125 0.588958334375 0.22521665937500002 0.61553325625 0.24154812812499998 0.606497784375 0.248768071875 0.6053542578125 0.24689073437500003 0.584155521875
1 0.20526021718749998 0.5456073906250001 0.17562920312500002 0.4987099046875 0.156871590625 0.4737359203125 0.1419698703125 0.5104898421875 0.1470673171875 0.5333281671875 0.1579264765625 0.583198825 0.1770304640625 0.5823226578125 0.2095637 0.6008155828125 0.2055781078125 0.575651546875 0.20526021718749998 0.5456073906250001
0 0.342614621875 0.8333960687499999 0.3303984453125 0.8310317062499999 0.3467227921875 0.8359698109375 0.342614621875 0.8333960687499999
0 0.3677112375 0.8423188015624999 0.3467227921875 0.8359698109375 0.3508309625 0.83854355 0.3564914609375 0.846245446875 0.3677112375 0.8423188015624999
0 0.39493035 0.827259678125 0.38659855 0.8307289140625 0.382815390625 0.844225753125 0.3677112375 0.8423188015624999 0.3817035359375 0.8465514609375001 0.396706471875 0.8291279765624999 0.4183663046875 0.8256973953125 0.39493035 0.827259678125
