0 0.1033274953125 0.44755244687499995 0.106830121875 0.4428904421875 0.1033274953125 0.4428904421875 0.0980735546875 0.4428904421875 0.0928196140625 0.4428904421875 0.094570928125 0.44755244687499995 0.09982486874999999 0.44755244687499995 0.1033274953125 0.44755244687499995
0 0.15061295937500002 0.552447553125 0.1523642734375 0.5571095578125 0.1576182140625 0.5617715624999999 0.1646234671875 0.5641025640625 0.1681260953125 0.5641025640625 0.1646234671875 0.559440559375 0.1593695265625 0.552447553125 0.15411558593750002 0.5477855484374999 0.148861646875 0.5431235437499999 0.14360770625 0.5361305359374999 0.14360770625 0.5431235437499999 0.14535901874999999 0.5454545453125 0.15061295937500002 0.552447553125
0 0.22241681249999998 0.384615384375 0.22416812656250001 0.3892773890625 0.227670753125 0.3892773890625 0.227670753125 0.384615384375 0.22241681249999998 0.384615384375
0 0.2679509625 0.46853146875 0.26619965 0.4638694640625 0.2679509625 0.4638694640625 0.2679509625 0.4615384609375 0.26619965 0.45687645625 0.2679509625 0.45221445156250006 0.26619965 0.44755244687499995 0.2626970234375 0.4428904421875 0.2591943953125 0.43589743593749997 0.2574430828125 0.4382284375 0.25569176875 0.4428904421875 0.2574430828125 0.44988345 0.2591943953125 0.45454545468749996 0.2626970234375 0.4638694640625 0.260945709375 0.4638694640625 0.2574430828125 0.4615384609375 0.2574430828125 0.46620046562499995 0.26619965 0.475524475 0.2679509625 0.47319347343749996 0.2679509625 0.46853146875
0 0.2084063046875 0.3892773890625 0.21190893125 0.3869463875 0.21015761875 0.384615384375 0.204903678125 0.3822843828125 0.19964973749999998 0.375291375 0.19964973749999998 0.3822843828125 0.2031523640625 0.3869463875 0.2084063046875 0.3892773890625
0 0.15411558593750002 0.4825174828125 0.1576182140625 0.4871794875 0.1628721546875 0.49417249375 0.16637478125 0.48951048906250005 0.16637478125 0.4871794875 0.1646234671875 0.4825174828125 0.161120840625 0.4825174828125 0.1646234671875 0.4801864796875 0.16637478125 0.475524475 0.1646234671875 0.47319347343749996 0.1576182140625 0.46853146875 0.1523642734375 0.46853146875 0.15061295937500002 0.47319347343749996 0.15061295937500002 0.47785547812500007 0.15411558593750002 0.4825174828125
0 0.1138353765625 0.48951048906250005 0.117338003125 0.49650349687500006 0.1190893171875 0.5011655015625001 0.1243432578125 0.5104895109375 0.127845884375 0.5128205125 0.1348511390625 0.5151515156250001 0.14535901874999999 0.5174825171874999 0.1558669 0.5174825171874999 0.1628721546875 0.5151515156250001 0.1593695265625 0.5104895109375 0.1593695265625 0.50582750625 0.15411558593750002 0.50582750625 0.148861646875 0.5081585078125 0.14535901874999999 0.5034965031249999 0.14360770625 0.5011655015625001 0.1366024515625 0.5034965031249999 0.133099825 0.4988344984375 0.1348511390625 0.49417249375 0.133099825 0.48951048906250005 0.127845884375 0.49184149218749995 0.1243432578125 0.4871794875 0.1190893171875 0.4801864796875 0.1190893171875 0.47319347343749996 0.12084063125 0.4638694640625 0.115586690625 0.47785547812500007 0.1120840625 0.4801864796875 0.1138353765625 0.48951048906250005
0 0.1015761828125 0.475524475 0.106830121875 0.4801864796875 0.11033275000000001 0.475524475 0.1138353765625 0.46853146875 0.1138353765625 0.4615384609375 0.1085814359375 0.46620046562499995 0.105078809375 0.4615384609375 0.1015761828125 0.46853146875 0.1015761828125 0.47086247031250006 0.1015761828125 0.475524475
0 0.148861646875 0.44755244687499995 0.1558669 0.44755244687499995 0.1558669 0.44055944062499997 0.1523642734375 0.4382284375 0.14535901874999999 0.4382284375 0.1366024515625 0.4382284375 0.13835376562499999 0.44988345 0.14185639218749999 0.44988345 0.148861646875 0.44755244687499995
0 0.15411558593750002 0.34965035 0.161120840625 0.35664335625 0.1681260953125 0.358974359375 0.173380034375 0.35664335625 0.1698774078125 0.3519813515625 0.1628721546875 0.347319346875 0.1558669 0.3426573421875 0.15061295937500002 0.3379953375 0.14535901874999999 0.3356643359375 0.13835376562499999 0.3333333328125 0.133099825 0.3263403265625 0.14185639218749999 0.340326340625 0.14711033281250002 0.3426573421875 0.15411558593750002 0.34965035
0 0.094570928125 0.3263403265625 0.09982486874999999 0.3333333328125 0.1015761828125 0.3426573421875 0.106830121875 0.3449883453125 0.106830121875 0.3379953375 0.106830121875 0.328671328125 0.1085814359375 0.31934731875 0.11033275000000001 0.3123543125 0.1120840625 0.3053613046875 0.11033275000000001 0.2983682984375 0.106830121875 0.2983682984375 0.1033274953125 0.29370629375 0.0980735546875 0.2890442890625 0.0910683015625 0.2867132859375 0.087565675 0.2960372953125 0.082311734375 0.3053613046875 0.084063046875 0.3146853140625 0.0893169875 0.31934731875 0.094570928125 0.3263403265625
1 0.22241681249999998 0.44755244687499995 0.25043782812500004 0.46620046562499995 0.2749562171875 0.5104895109375 0.2854640984375 0.4871794875 0.2574430828125 0.41724941718749997 0.23292469374999997 0.3799533796875 0.206654990625 0.3799533796875 0.194395796875 0.4265734265625 0.204903678125 0.49184149218749995 0.22241681249999998 0.44755244687499995
1 0.1120840625 0.49184149218749995 0.115586690625 0.4382284375 0.11033275000000001 0.3729603734375 0.106830121875 0.328671328125 0.1190893171875 0.291375290625 0.07705779375 0.2890442890625 0.061295971875 0.33100233125 0.073555165625 0.3986013984375 0.0858143609375 0.46620046562499995 0.1120840625 0.49184149218749995
1 0.1190893171875 0.45454545468749996 0.12259194375 0.49417249375 0.1366024515625 0.5268065265625 0.1681260953125 0.5664335671875 0.1908931703125 0.56876456875 0.18914185625 0.5081585078125 0.1856392296875 0.45687645625 0.1856392296875 0.42191142187499997 0.182136603125 0.3729603734375 0.12084063125 0.33100233125 0.1190893171875 0.3729603734375 0.1120840625 0.39393939375000003 0.1190893171875 0.45454545468749996
