1 0.26713532500000003 0.590163934375 0.256590509375 0.58548009375 0.24780316406249997 0.5878220140625 0.23022847031250002 0.590163934375 0.22319859375 0.6018735359375 0.23022847031250002 0.6065573765625001 0.2390158171875 0.6112412171875 0.253075571875 0.6182669796875 0.2601054484375 0.6252927406250001 0.26889279374999997 0.6323185015624999 0.27592267187499997 0.6346604218749999 0.2829525484375 0.6346604218749999 0.2917398953125 0.62997658125 0.298769771875 0.6276346609375001 0.3040421796875 0.6276346609375001 0.312829525 0.6206089 0.3163444640625 0.6135831375 0.3145869953125 0.6042154562500001 0.31107205625 0.5971896953125 0.300527240625 0.599531615625 0.2829525484375 0.599531615625 0.2741652015625 0.5971896953125 0.26713532500000003 0.590163934375
1 0.502636203125 0.5644028109375 0.49033391875000004 0.56674473125 0.4710017578125 0.5714285718750001 0.455184534375 0.5737704921875 0.435852371875 0.5761124125 0.42355008749999995 0.5784543328125 0.4007029875 0.5831381734375001 0.38312829531250003 0.5831381734375001 0.365553603125 0.5831381734375001 0.3479789109375 0.58548009375 0.335676625 0.58548009375 0.3321616875 0.6018735359375 0.335676625 0.608899296875 0.3514938484375 0.608899296875 0.3725834796875 0.6042154562500001 0.39894551875 0.6042154562500001 0.43936731093750003 0.6042154562500001 0.4710017578125 0.6018735359375 0.49033391875000004 0.6018735359375 0.50966608125 0.6018735359375 0.523725834375 0.6018735359375 0.546572934375 0.599531615625 0.5395430578125 0.5831381734375001 0.523725834375 0.5737704921875 0.502636203125 0.5644028109375
1 0.2970123015625 0.662763465625 0.2917398953125 0.672131146875 0.2829525484375 0.6744730671875 0.2741652015625 0.6768149890624999 0.26713532500000003 0.6814988296875 0.2583479796875 0.6861826703125 0.24604569375000002 0.6908665109375 0.23374340937500002 0.69320843125 0.2249560625 0.697892271875 0.2179261859375 0.7096018734375 0.231985940625 0.7142857140625 0.24780316406249997 0.716627634375 0.256590509375 0.721311475 0.26537785625 0.7142857140625 0.27592267187499997 0.7119437937499999 0.28822495625 0.707259953125 0.3040421796875 0.7049180328125 0.321616871875 0.7002341921874999 0.3409490328125 0.697892271875 0.3479789109375 0.6908665109375 0.34973637968750004 0.679156909375 0.3251318109375 0.672131146875 0.3145869953125 0.662763465625 0.3040421796875 0.658079625 0.2970123015625 0.662763465625
0 0.50966608125 0.580796253125 0.500878734375 0.58548009375 0.4920913890625 0.58548009375 0.48681898125 0.580796253125 0.4850615109375 0.5714285718750001 0.479789103125 0.5737704921875 0.48681898125 0.590163934375 0.4920913890625 0.5925058546875 0.500878734375 0.5925058546875 0.50966608125 0.590163934375 0.520210896875 0.590163934375 0.5289982421875 0.590163934375 0.5377855890625 0.5925058546875 0.5448154656249999 0.5925058546875 0.5377855890625 0.5878220140625 0.5289982421875 0.5831381734375001 0.5184534265625 0.5831381734375001 0.50966608125 0.580796253125
0 0.48681898125 0.7283372359375 0.49033391875000004 0.725995315625 0.48857644999999994 0.7189695546875 0.478031634375 0.7236533953125 0.47451669531249996 0.73067915625 0.479789103125 0.73067915625 0.48681898125 0.7283372359375
0 0.279437609375 0.5948477750000001 0.27065026406250003 0.5948477750000001 0.26362038593750003 0.5925058546875 0.2583479796875 0.5878220140625 0.253075571875 0.58548009375 0.24253075625 0.58548009375 0.23374340937500002 0.590163934375 0.2249560625 0.6018735359375 0.235500878125 0.599531615625 0.24077328593749997 0.5948477750000001 0.24780316406249997 0.5925058546875 0.2601054484375 0.5948477750000001 0.26537785625 0.599531615625 0.27065026406250003 0.6042154562500001 0.277680140625 0.6018735359375 0.2847100171875 0.6042154562500001 0.2934973640625 0.6042154562500001 0.30228470937499996 0.6042154562500001 0.30931458749999996 0.6018735359375 0.312829525 0.5948477750000001 0.30579964843749996 0.5948477750000001 0.2952548328125 0.5971896953125 0.28822495625 0.5971896953125 0.279437609375 0.5948477750000001
0 0.279437609375 0.6159250578125001 0.2847100171875 0.6229508203125 0.2917398953125 0.6252927406250001 0.2952548328125 0.6229508203125 0.3040421796875 0.6252927406250001 0.31107205625 0.6206089 0.3163444640625 0.6182669796875 0.3145869953125 0.608899296875 0.3075571171875 0.6112412171875 0.298769771875 0.6135831375 0.289982425 0.6159250578125001 0.279437609375 0.6159250578125001
0 0.21441124843749998 0.7049180328125 0.21265377812500003 0.7119437937499999 0.21616871718750003 0.7119437937499999 0.221441125 0.7049180328125 0.22319859375 0.6955503515625 0.2249560625 0.6908665109375 0.2249560625 0.6885245906249999 0.21968365625000003 0.6908665109375 0.21616871718750003 0.697892271875 0.21441124843749998 0.7049180328125
0 0.1810193328125 0.7049180328125 0.1845342703125 0.7025761125 0.175746925 0.697892271875 0.168717046875 0.6908665109375 0.1634446390625 0.6885245906249999 0.1634446390625 0.69320843125 0.168717046875 0.697892271875 0.1810193328125 0.7049180328125
0 0.300527240625 0.6674473062499999 0.30579964843749996 0.662763465625 0.30931458749999996 0.658079625 0.3075571171875 0.653395784375 0.298769771875 0.658079625 0.2934973640625 0.6674473062499999 0.2970123015625 0.6697892265625 0.300527240625 0.6674473062499999
0 0.2864674875 0.68384075 0.2811950796875 0.6861826703125 0.27592267187499997 0.6861826703125 0.26537785625 0.68384075 0.2513181015625 0.6885245906249999 0.24253075625 0.6885245906249999 0.23725834843750002 0.69320843125 0.23374340937500002 0.697892271875 0.2390158171875 0.697892271875 0.24428822499999997 0.697892271875 0.2513181015625 0.69320843125 0.256590509375 0.69320843125 0.26362038593750003 0.69320843125 0.27065026406250003 0.69320843125 0.277680140625 0.6908665109375 0.2811950796875 0.69320843125 0.28822495625 0.6908665109375 0.2934973640625 0.6908665109375 0.2970123015625 0.6908665109375 0.300527240625 0.6908665109375 0.31107205625 0.6908665109375 0.3145869953125 0.6861826703125 0.3075571171875 0.6861826703125 0.298769771875 0.68384075 0.2934973640625 0.6861826703125 0.2864674875 0.68384075
0 0.31107205625 0.679156909375 0.3163444640625 0.679156909375 0.323374340625 0.679156909375 0.33391915625 0.6768149890624999 0.3321616875 0.6744730671875 0.3268892796875 0.6744730671875 0.319859403125 0.6744730671875 0.3145869953125 0.6768149890624999 0.31107205625 0.679156909375
