1 0.8588850171875 0.5761124125 0.8623693375 0.5292740046875 0.8327526125 0.4613583140625 0.77003484375 0.43091334843749995 0.7073170734375 0.41451990624999996 0.639372821875 0.47775175625 0.7055749125 0.5386416859375001 0.7630662015625 0.6042154562500001 0.81358885 0.6018735359375 0.8588850171875 0.5761124125
0 0.5209059234375 0.7119437937499999 0.49303135937500003 0.6955503515625 0.45644599374999995 0.6861826703125 0.4808362375 0.7142857140625 0.5 0.7189695546875 0.5209059234375 0.7119437937499999
0 0.5801393734375 0.7634660421875 0.5696864109375 0.7447306796875 0.5348432062499999 0.7494145203125 0.5627177703124999 0.7822014046875 0.585365853125 0.7822014046875 0.5801393734375 0.7634660421875
0 0.55400696875 0.7868852453125 0.5261324046875 0.7775175640625 0.4965156796875 0.770491803125 0.5087108015624999 0.80093676875 0.5331010453125 0.8079625296874999 0.55400696875 0.7868852453125
0 0.6254355406250001 0.8079625296874999 0.6236933796875 0.77517564375 0.5905923343749999 0.7892271656250001 0.5627177703124999 0.7892271656250001 0.58362369375 0.8056206093749999 0.60278745625 0.81030445 0.6254355406250001 0.8079625296874999
0 0.6829268296875 0.8126463703125 0.6968641109375 0.8056206093749999 0.6829268296875 0.7985948484375001 0.668989546875 0.7985948484375001 0.6480836234375 0.80093676875 0.66202090625 0.8126463703125 0.6829268296875 0.8126463703125
0 0.5749128921875 0.8922716625 0.58362369375 0.868852459375 0.5696864109375 0.8524590156249999 0.55400696875 0.8571428578125 0.5627177703124999 0.8758782203125 0.5749128921875 0.8922716625
1 0.4912891984375 0.4402810296875 0.45818815312499994 0.4496487125 0.48432055781249994 0.4707259953125 0.5174216031250001 0.468384075 0.4912891984375 0.4402810296875
0 0.742160278125 0.8571428578125 0.722996515625 0.8524590156249999 0.693379790625 0.8594847781249999 0.7055749125 0.8735362999999999 0.722996515625 0.8735362999999999 0.742160278125 0.8571428578125
0 0.5574912890625 0.9484777515625 0.5383275265624999 0.9344262296875 0.5209059234375 0.9180327875 0.5 0.9086651046875 0.506968640625 0.9297423890625 0.5209059234375 0.9344262296875 0.5574912890625 0.9484777515625
0 0.8780487812500001 0.721311475 0.836236934375 0.7494145203125 0.8083623687499999 0.7892271656250001 0.747386759375 0.7658079625 0.747386759375 0.79391100625 0.7560975609375 0.843091334375 0.8466898953124999 0.7822014046875 0.8815331015625001 0.742388759375 0.8780487812500001 0.721311475
