0 0.372483221875 0.5942249234375 0.3657718125 0.588145896875 0.3467561515625 0.588145896875 0.351230425 0.5942249234375 0.36465324374999997 0.5972644375 0.372483221875 0.5942249234375
0 0.331096196875 0.49544072968749997 0.33780760625 0.4969604859375 0.344519015625 0.490881459375 0.3355704703125 0.483282675 0.331096196875 0.49544072968749997
1 0.43959731562500004 0.5440729484375 0.4709172265625 0.5121580546875 0.50111856875 0.48024316093749997 0.548098434375 0.46808510625000005 0.5570469796874999 0.4483282671875 0.54026845625 0.41641337343749996 0.520134228125 0.346504559375 0.48098434062499995 0.32066869374999996 0.4608501125 0.32066869374999996 0.41051454062500004 0.32370820624999996 0.385906040625 0.3358662609375 0.357941834375 0.379939209375 0.343400446875 0.41185410312500004 0.3534675609375 0.46656535000000005 0.3657718125 0.5091185406250001 0.38702460781250003 0.5273556234375001 0.43959731562500004 0.5440729484375
0 0.49776286406250003 0.655015196875 0.507829978125 0.661094225 0.5022371359375 0.6398176296875 0.494407159375 0.6306990875 0.49105145468750006 0.6474164140625 0.49776286406250003 0.655015196875
0 0.49888143124999995 0.6246200609375 0.5 0.6352583593750001 0.507829978125 0.6246200609375 0.5111856828125 0.6185410328125001 0.49888143124999995 0.6246200609375
0 0.546979865625 0.5911854109375 0.5514541390625001 0.6003039515624999 0.55480984375 0.588145896875 0.5570469796874999 0.57902735625 0.546979865625 0.5911854109375
0 0.68903803125 0.603343465625 0.67449664375 0.6170212765625 0.670022371875 0.6322188453125 0.67449664375 0.627659575 0.68903803125 0.603343465625
0 0.73042505625 0.6960486328125 0.7293064874999999 0.6823708203125001 0.7259507828125 0.6671732515625 0.7192393734375 0.67781155 0.7181208046875 0.6899696046875 0.7248322140625 0.6960486328125 0.73042505625 0.6960486328125
0 0.7270693515625 0.7462006078125001 0.7293064874999999 0.7386018234375 0.7259507828125 0.7249240125 0.7136465328125 0.7249240125 0.7002237140625 0.74012158125 0.7058165546875 0.7477203640625001 0.71588366875 0.749240121875 0.7270693515625 0.7462006078125001
0 0.6935123046875 0.8176291796875 0.6789709171875 0.8024316109375 0.6722595078125 0.797872340625 0.6655480984375 0.797872340625 0.6666666671875 0.814589665625 0.67673378125 0.82218845 0.6868008953125 0.8237082062500001 0.6935123046875 0.8176291796875
0 0.6387024609374999 0.8556231000000001 0.6342281875 0.8449848031249999 0.6319910515625 0.8525835859375 0.636465325 0.8662613984374999 0.6420581656250001 0.8662613984374999 0.6387024609374999 0.8556231000000001
0 0.5760626390625 0.8708206687500001 0.5782997765625 0.8632218843749999 0.5760626390625 0.8586626140625 0.5715883671875 0.872340425 0.5682326625 0.8844984796875 0.572706934375 0.879939209375 0.5760626390625 0.8708206687500001
0 0.521252796875 0.8571428578125 0.5167785234375 0.8601823703125 0.5167785234375 0.8662613984374999 0.521252796875 0.8708206687500001 0.5246085015624999 0.8601823703125 0.5302013421875 0.846504559375 0.5246085015624999 0.8510638296874999 0.521252796875 0.8571428578125
0 0.465324384375 0.72644376875 0.46196867968750005 0.7370820671875 0.4630872484375 0.749240121875 0.46644295312499995 0.74012158125 0.478747203125 0.735562309375 0.4753914984375 0.72644376875 0.465324384375 0.72644376875
0 0.4888143171875 0.655015196875 0.4888143171875 0.6489361703125 0.48322147656250003 0.6565349546875 0.4776286359375 0.6656534953125 0.47427293125 0.67629179375 0.4709172265625 0.685410334375 0.467561521875 0.6960486328125 0.465324384375 0.7036474171875 0.46979865781249996 0.7082066874999999 0.47203579375000004 0.6945288749999999 0.4776286359375 0.6823708203125001 0.4821029078125 0.668693009375 0.4888143171875 0.655015196875
0 0.553691275 0.879939209375 0.5570469796874999 0.8860182375000001 0.5592841156249999 0.878419453125 0.560402684375 0.8708206687500001 0.55480984375 0.8738601828125001 0.553691275 0.879939209375
0 0.5850111859375 0.5683890578125 0.57941834375 0.5699088140625 0.574944071875 0.5729483281250001 0.5805369125000001 0.5744680843750001 0.587248321875 0.5744680843750001 0.5917225953125 0.5699088140625 0.5850111859375 0.5683890578125
0 0.708053690625 0.620060790625 0.70357941875 0.6170212765625 0.70246085 0.627659575 0.708053690625 0.6306990875 0.7114093953125 0.627659575 0.708053690625 0.620060790625
0 0.7192393734375 0.6732522796875 0.710290828125 0.67629179375 0.7058165546875 0.6823708203125001 0.7125279640625 0.6808510640625001 0.7192393734375 0.6732522796875
0 0.7002237140625 0.7294832828125 0.7002237140625 0.7234042546875 0.6935123046875 0.7249240125 0.6923937359375001 0.732522796875 0.6968680093749999 0.734042553125 0.7002237140625 0.7294832828125
1 0.3344519015625 0.3753799390625 0.32997762812500003 0.3601823703125 0.305369128125 0.3677811546875 0.30313199062499996 0.39513677812500003 0.3199105140625 0.4072948328125 0.331096196875 0.40121580625000003 0.3344519015625 0.3753799390625
