1 0.6046890671875 0.5213136390625001 0.6273021234375 0.4891420484375 0.64263304375 0.47319678749999994 0.6619062421875 0.4597435703125 0.6426054437500001 0.43552581874999996 0.6329412453125001 0.40458145625 0.6176648390625 0.3805042375 0.609588453125 0.3425521984375 0.5968307421875 0.3232716859375 0.5958453453125 0.3514897796875 0.5946957140625 0.3844108890625 0.59398426875 0.4432454296875 0.5868939656250001 0.4924397140625 0.5795573125 0.5486885234375001 0.5953264171875 0.5586566937499999 0.6046890671875 0.5213136390625001
0 0.73585100625 0.4576170265625 0.7277201046874999 0.45968746562499996 0.7221078984375 0.466554609375 0.7259680578125 0.4713981609375 0.73141603125 0.46923403124999996 0.73820546875 0.4671167484375 0.7449127890625 0.4673509734375 0.7478420671875 0.46039014062500005 0.7438997921875 0.457898096875 0.73585100625 0.4576170265625
0 0.8208290343750001 0.5241526609375 0.8224989656249999 0.5147934765625 0.8200623859375 0.5076452609375 0.8158737609375001 0.5122077421875 0.8087558578125 0.52373105625 0.7990371421875 0.5328091734375 0.79334281875 0.542027825 0.79452005 0.5467776843750001 0.8065932281249999 0.5471992890624999 0.8176534078125 0.53816801875 0.8233477296875 0.5289493671875001 0.8208290343750001 0.5241526609375
0 0.7840892015625001 0.49932592343750004 0.7817347390625 0.48982620312499997 0.7721802578125 0.4942013046875 0.776451 0.487287315625 0.78105020625 0.4709672953125 0.7731656546875 0.46598320937500004 0.7636111718749999 0.47035831093749997 0.7616127765625 0.48912352812500004 0.7586013828125 0.49843586875 0.7531534093750001 0.5005999984375 0.7553436390625 0.514802734375 0.7672525828125 0.51992735625 0.776807065625 0.5155522546875 0.78367861875 0.5110834625 0.7840892015625001 0.49932592343750004
0 0.799255890625 0.4880836796875 0.8010079375 0.4763729859375 0.7973941265625 0.4644749109375 0.793616084375 0.457279853125 0.7885786921875 0.4476864421875 0.784472184375 0.449897415625 0.7866624140625 0.46410015156249995 0.7889347578125 0.47595138124999997 0.7928770359375 0.4784434234375 0.7925485703125 0.4878494546875 0.7870184796874999 0.492365090625 0.7867721296875 0.4994196140625 0.7949851484375 0.49499766875000006 0.799255890625 0.4880836796875
0 0.7924671390625 0.60556538125 0.7969021140625 0.593948378125 0.791864721875 0.584354965625 0.7880866796875 0.5771599078125 0.7975590453125 0.5751363140625 0.79386311875 0.565589746875 0.7899208437499999 0.56309770625 0.78313140625 0.5652149875 0.782036290625 0.5581136203125 0.7877306125 0.54889496875 0.7826111046875 0.541653065625 0.7745623203124999 0.5413719953125 0.7783403640625 0.5485670546875 0.7780940140625 0.555621578125 0.7778476640624999 0.5626761015625 0.7800378953125 0.5768788375 0.7840622875000001 0.577019371875 0.7862525171875 0.5912221093750001 0.7924671390625 0.60556538125
0 0.7944110203125 0.626822640625 0.7906329750000001 0.6196275828125 0.7825020734375 0.621698021875 0.7794906796875 0.6310103625 0.7846101875 0.638252265625 0.7883061140625001 0.6477988328125 0.7886345796875001 0.6383928 0.786198 0.6312445875 0.7902223921875 0.631385121875 0.7944110203125 0.626822640625
0 0.828686671875 0.6068301953125 0.83043871875 0.5951195015625 0.825154978125 0.5925806125 0.8183655406250001 0.594697896875 0.823320815625 0.6066428140625 0.828686671875 0.6068301953125
0 0.7860330828125 0.5205831859375001 0.7843631531249999 0.5299423703125 0.7925761703124999 0.5255204250000001 0.8008713046875 0.5187469703125 0.8051420468750001 0.5118329828125 0.8106721359375 0.5073173468750001 0.8123420671874999 0.4979581609375 0.8041290484375001 0.50238010625 0.7970932609375 0.5115519125 0.7860330828125 0.5205831859375001
0 0.762050275 0.3996725421875 0.7677445953124999 0.3904538890625 0.7717689875 0.390594425 0.7786405421875 0.3861256328125 0.7720974546875 0.38118839375 0.759531578125 0.39487583593750003 0.755342953125 0.3994383171875 0.7524957921875 0.4040476421875 0.7499770953125 0.3992509375 0.7461169359375 0.3944073859375 0.741928309375 0.3989698671875 0.748307165625 0.4086101234375 0.750661628125 0.41810984375000004 0.7516746265625 0.42756272031250003 0.7525233921875001 0.4417186125 0.7567941328125001 0.43480462343750004 0.757204715625 0.423047084375 0.7589567625 0.411336390625 0.762050275 0.3996725421875
0 0.5390125218749999 0.594360175 0.546979190625 0.596992753125 0.5500727015625 0.5853289046875 0.5369044093750001 0.5778059296875 0.527760509375 0.5704234921875 0.515523096875 0.574704903125 0.500931225 0.5694865921875001 0.49044586093750003 0.562057309375 0.47829056562499994 0.5639872140625 0.46991331562500005 0.573112175 0.47913933281250004 0.57814310625 0.48592877031250004 0.576025821875 0.49649625000000003 0.581103596875 0.50840519375 0.58622821875 0.515112515625 0.5864624421875 0.525679996875 0.59154021875 0.5390125218749999 0.594360175
0 0.5920686734375 0.575023559375 0.5923971390625 0.5656175265625001 0.5873597484374999 0.556024115625 0.5793109624999999 0.555743046875 0.5788182640625 0.56985209375 0.5852792359375 0.577140840625 0.5920686734375 0.575023559375
1 0.7873745453125001 0.5206300296874999 0.802787584375 0.5023332625 0.8073867921875 0.486013240625 0.8013364031249999 0.46696695312500003 0.7915079703125001 0.440725609375 0.7856218140625 0.4169763046875 0.7927397171874999 0.405452990625 0.8065649421875 0.3941639015625 0.7936429984375 0.3795864046875 0.779379590625 0.36496206249999996 0.7673064140625 0.3645404578125 0.7423388921875 0.387212328125 0.743872190625 0.42022712812499996 0.7235859953125 0.42422746718750004 0.7004526375 0.43283713593749995 0.6850396 0.451133903125 0.684464784375 0.4675944578125 0.691938753125 0.4843360828125 0.713594015625 0.5180535578125001 0.7316354656249999 0.53987295625 0.750689915625 0.5711452328125 0.75914928125 0.5596687640625 0.7731387390625 0.5436766578125 0.7873745453125001 0.5206300296874999
1 0.8329305 0.6776096546875 0.8361882421875 0.6612427890625 0.8407874515625 0.6449227703125 0.8509167484375 0.6240871140625 0.85316149375 0.5982673734375 0.8607720953125 0.5726350124999999 0.8616753765625 0.546768425 0.84741196875 0.5321440843749999 0.8453859734375 0.51323833125 0.8405128140624999 0.4989419046875 0.8216501984375 0.5006375828125 0.8083176734374999 0.497817625 0.801364003125 0.5046379234375 0.78001029375 0.5392078671875 0.7660208359375 0.5551999734375 0.754632190625 0.5736372765625 0.75950535 0.587933703125 0.7736045234375 0.6072610593750001 0.783761421875 0.6240963734375 0.7909069265625 0.6502440296875001 0.79520526875 0.6810010125 0.8100434921874999 0.6791647984375 0.8329305 0.6776096546875
0 0.85902005 0.5843457062499999 0.8613745109375 0.5938454265625001 0.8666582515625001 0.596384315625 0.8747070359375 0.5966653859375 0.8763769671875 0.5873061984375 0.8742688546874999 0.5707519546875 0.8661379531250001 0.5728223921875 0.85902005 0.5843457062499999
