0 0.5824359734375 0.625895653125 0.606038640625 0.68654833125 0.618818040625 0.7102207640625 0.6305759328125 0.7362337984375 0.6287935734375 0.7667948265625 0.6447893421875001 0.83310976875 0.6922561421875 0.84202395 0.707665634375 0.8155415375 0.7059271203125 0.78128036875 0.701602359375 0.7323518515624999 0.6660241828125 0.69325511875 0.653244784375 0.6695826859375 0.6208180140625 0.63209075625 0.5824359734375 0.625895653125
0 0.575438075 0.553673178125 0.5595941546875001 0.53702255 0.5440328125 0.5138406484375 0.5396861265624999 0.4973232296875 0.5497923921875 0.497701703125 0.5630500625 0.499684984375 0.57213481875 0.5024040609375 0.56324575625 0.484527103125 0.50076085 0.4717795734375 0.5078894796875 0.4878064609375 0.5145617578125 0.4931114046875 0.5160396140625 0.501492746875 0.5262327640625 0.51049783125 0.5274280421875 0.5254104468749999 0.547618646875 0.5585784953124999 0.5749378796875 0.6077734296874999 0.5934768578125 0.61530691875 0.5955198734375 0.6106257171875 0.6013663375 0.6031133796875 0.6267732859375 0.6007939312499999 0.6189926156250001 0.5892029812499999 0.6164063671875 0.5745356328125 0.590173603125 0.5640378015625 0.575438075 0.553673178125
0 0.4841780015625 0.45093827343750004 0.497892021875 0.46364349687499995 0.5115191578125 0.4677221109375 0.516344115625 0.4625503765625 0.5110628078125 0.45700016874999994 0.5029126734375 0.44331388125000004 0.5038472953124999 0.432346671875 0.5212778796875 0.43359415312499994 0.5205389515625 0.42940348124999994 0.494675653125 0.4210009859375 0.4970012453125 0.4097885109375 0.50256513125 0.40880744843750005 0.49793586718749994 0.3988213015625 0.4664217984375 0.38277326093749997 0.4605753328125 0.3902855953125 0.4596407109375 0.40125280625000004 0.4625095390625 0.4093888828125 0.464726325 0.42196089687500005 0.46963816718749996 0.4254157703125 0.47046398125 0.43823305 0.4820481015625 0.44699286875000005 0.4841780015625 0.45093827343750004
0 0.4625314625 0.376977784375 0.47996204843749996 0.3782252671875 0.4773757984375 0.36355791718749997 0.471072984375 0.3603483078125 0.4625314625 0.376977784375
0 0.1788593765625 0.5739096140625 0.2000714890625 0.6047370609375 0.2038749390625 0.601905928125 0.1865531625 0.57687395625 0.19685511875 0.5620945515625 0.177946678125 0.5524657265624999 0.1788593765625 0.5739096140625
0 0.2352802015625 0.6417384578124999 0.2331722234375 0.605381953125 0.23569351093750002 0.5790115984375 0.23245521875000003 0.568780184375 0.2249352046875 0.583069059375 0.22749953125000003 0.6301475062499999 0.2352802015625 0.6417384578124999
0 0.15067209374999999 0.3001775953125 0.1632338765625 0.37141900625 0.1754261953125 0.4405650828125 0.1953561453125 0.44785330625 0.19083568906249998 0.41408267031249996 0.17646962500000002 0.4058133828125 0.1555839375 0.30363246875 0.15067209374999999 0.3001775953125
0 0.2107656375 0.4213708921875 0.20435401562500002 0.4419457734375 0.217329109375 0.450460325 0.2222628734375 0.4215041015625 0.22719663906249998 0.39254787812499997 0.206614646875 0.38969559062500003 0.20457163125000002 0.39437679531250003 0.2189376953125 0.40264608125 0.2169815671875 0.4159538921875 0.2107656375 0.4213708921875
0 0.23576008437499998 0.3435073046875 0.23167405312499997 0.35286971093749997 0.24186720312499999 0.36187479375 0.2291527671875 0.3792400671875 0.23230417499999997 0.3808448703125 0.25401648125 0.357572065625 0.269599746875 0.3483428703125 0.28870388125 0.3428138140625 0.2865739828125 0.33886840625 0.275076746875 0.3387351984375 0.18181669843749998 0.31413030000000003 0.17846959843750002 0.3276833765625 0.1945960984375 0.3378027328125 0.21693852656249998 0.3425050890625 0.2287183390625 0.336107025 0.2591240171875 0.3458690578125 0.252538625 0.3491907234375 0.23576008437499998 0.3435073046875
0 0.2644710921875 0.254185975 0.24990933593750003 0.26107456875 0.25343020625 0.2647747109375 0.2627975421875 0.2609625125 0.2770767203125 0.2606051921875 0.2796629703125 0.275272540625 0.2864221328125 0.2892040921875 0.292355484375 0.2903183640625 0.2883782625 0.2758962828125 0.28690040625 0.2675149390625 0.296267740625 0.26370274375 0.31230735468750004 0.265195490625 0.325934490625 0.26927410625000003 0.329063975 0.3032900078125 0.349080809375 0.3192048390625 0.366228815625 0.3269835921875 0.3646640734375 0.3099756421875 0.3634687953125 0.2950630265625 0.3633819109375 0.28643641875000003 0.38933209375 0.30346552187500003 0.4174121796875 0.32444003125 0.451143034375 0.3530600859375 0.446318078125 0.3582318203125 0.42999588437499997 0.3632703453125 0.432125784375 0.36721575 0.443992484375 0.36944429687499997 0.4540987484375 0.369822771875 0.4473176625 0.3883023171875 0.4484260546875 0.3945883234375 0.4686605046875 0.3629341765625 0.44086299999999995 0.3354283953125 0.39906889375 0.3017486609375 0.36505546093749996 0.27965988125 0.33947473906250003 0.2647261109375 0.3122204703125 0.2565688828125 0.288856534375 0.2542071265625 0.2644710921875 0.254185975
0 0.28205352499999997 0.3050977703125 0.2859438609375 0.310893246875 0.2926161390625 0.316198190625 0.283900846875 0.31557445 0.257668084375 0.30507661875 0.2321742484375 0.29876945781250003 0.232913178125 0.3029601296875 0.2469097765625 0.3091340796875 0.24588826875 0.31147468125 0.26164530468749997 0.319498703125 0.2839877328125 0.32420105781249997 0.3046566109375 0.3356799515625 0.32143515312500004 0.341363371875 0.3441470453125 0.3481610609375 0.3658374296875 0.35729935468749996 0.3998508640625 0.3793881375 0.3987424703125 0.3731021296875 0.393374278125 0.3589253125 0.3624253671875 0.3298147265625 0.32812935312499997 0.3142572171875 0.31876201875 0.3180694125 0.30133143281249997 0.31682193125 0.2939202265625 0.307326315625 0.28205352499999997 0.3050977703125
0 0.24886590625 0.29582626875 0.25136526875 0.3018670109375 0.2545166765625 0.3034718140625 0.25545129843750003 0.2925046046875 0.29244236875 0.2989449734375 0.29272494843749997 0.2924137015625 0.286791596875 0.291299428125 0.2843791203125 0.293885296875 0.2749248984375 0.28907088281250004 0.2511914984375 0.28461379375 0.2504525703125 0.280423121875 0.23608650781249998 0.27215383593750003 0.2531476265625 0.2713059828125 0.2597330203125 0.26798431875 0.24471491250000002 0.26415096875 0.225610778125 0.2696800265625 0.20659352812499998 0.283835690625 0.19211865781249998 0.29935089375 0.14660798749999998 0.2771289015625 0.1491942359375 0.2917962515625 0.17644850781250002 0.29995348125 0.21176602656250001 0.3131703890625 0.2245673484375 0.30443172500000004 0.21650409843750001 0.29937204687499996 0.2209595921875 0.2921049765625 0.24886590625 0.29582626875
0 0.359513496875 0.24822984531249997 0.3091778703125 0.2311795875 0.307873784375 0.2400514625 0.3596003828125 0.256856453125 0.359513496875 0.24822984531249997
0 0.14002259374999998 0.2804505671875 0.15914784843750002 0.3807814109375 0.1633207625 0.38004561406250004 0.144847553125 0.2752788328125 0.14002259374999998 0.2804505671875
0 0 0.12904659375 0.07890754375 0.1615978703125 0.08781852812499999 0.14706373125 0.078929465625 0.1291867734375 0 0.10347058437500001 0 0.12904659375
0 0.38889847187500004 0.12206148125 0.414761771875 0.130463975 0.41504435156249997 0.123932703125 0.3888115875 0.11343487187500001 0.38889847187500004 0.12206148125
1 0 0.45654315468749995 0.1319796578125 0.519521790625 0.15940769999999999 0.5449322375000001 0.19685511875 0.5620945515625 0.172187903125 0.43033366875 0.141609259375 0.26504741875 0.106096046875 0.26698839375 0.0739080109375 0.2877873875 0.02031216875 0.29291681718749996 0 0.2761615109375 0 0.45654315468749995
1 0.21154841093750001 0.36073936875 0.14660798749999998 0.2771289015625 0.16184290625 0.371664271875 0.1760782390625 0.4361291453125 0.20220219374999998 0.47041146562499997 0.218611271875 0.47399955 0.2172422234375 0.4418337171875 0.22245856718749998 0.40634622187499997 0.21154841093750001 0.36073936875
1 0.287899990625 0.2975854359375 0.3049391890625 0.3291486796875 0.3406261734375 0.344460921875 0.35047178125 0.31895957343750003 0.3388226984375 0.2691620484375 0.2808801703125 0.25777405781249996 0.287899990625 0.2975854359375
1 0.3626429828125 0.28224574687500004 0.3598391171875 0.3151473765625 0.370944965625 0.3455963484375 0.3998508640625 0.3793881375 0.44331851875000006 0.40629133125 0.46587856250000004 0.363424709375 0.42121562968750004 0.32160889843749996 0.3626429828125 0.28224574687500004
1 0 0.1312047171875 0.016335753124999998 0.1402237328125 0.05684769375 0.1503642421875 0.0501973390625 0.1126482 0.0082075390625 0.0941263484375 0 0.095048203125 0 0.1312047171875
1 0.0983811421875 0.15816415 0.11868055468750001 0.1675477078125 0.124635828125 0.1362508828125 0.11494287343750001 0.0731455484375 0.09268733125 0.0770698 0.0737569671875 0.0998520734375 0.0983811421875 0.15816415
