0 0.7135373015625001 0.5868040546875 0.7033309859375 0.5914590421875 0.6931829328125 0.594445596875 0.6883419578125001 0.589265146875 0.686854965625 0.5958950875 0.680352209375 0.602349871875 0.6700293687500001 0.6103417234374999 0.6611352578125 0.61337206875 0.6588021640624999 0.6082791953125 0.6537864015625 0.608104040625 0.6521246203125 0.6197392765624999 0.6394104234375 0.6243066875000001 0.6279501671875 0.6289178859375 0.6226430890625 0.6370848921875 0.616956015625 0.620181628125 0.613807240625 0.6384468046875 0.5961963828125 0.7113323546875 0.6049157046875 0.71330730625 0.6091714734375 0.6633419203125 0.726922809375 0.598964753125 0.8244363015625 0.538892265625 0.8326591015625 0.5191338109375 0.7135373015625001 0.5868040546875
0 0.8684129125 0.5738372968750001 0.8712703718749999 0.56391428125 0.875381771875 0.5540350546874999 0.87823923125 0.5441120390624999 0.8825254203125 0.5292275156249999 0.8771018171874999 0.5407313859375 0.8745356718749999 0.542312240625 0.8669537640625 0.543717940625 0.8654085078125 0.5520163124999999 0.8663128718750001 0.5620706953125 0.8687042281249999 0.5654951359375 0.8658467671875 0.5754181515625 0.8684129125 0.5738372968750001
0 0.12914004375000002 0.4962368515625 0.1405420375 0.493294084375 0.1507483515625 0.48863909687499996 0.14614042968750002 0.47678491875000006 0.1411829296875 0.47494133125 0.1334844953125 0.479683896875 0.127040003125 0.48447025000000005 0.12914004375000002 0.4962368515625
0 0.5935719749999999 0.7145816421875 0.5794873109374999 0.722442128125 0.582491715625 0.7442631093750001 0.60176693125 0.7315724828125 0.6247457046875 0.7206816515625001 0.625386596875 0.7023288984375 0.6139846046875 0.705271665625 0.613576765625 0.7169506906249999 0.5935719749999999 0.7145816421875
0 0.54071879375 0.35859702968749996 0.5456762937499999 0.3604406171875 0.5506920578125001 0.360615771875 0.5471050234375 0.35547910781250003 0.543576253125 0.348674015625 0.537423075 0.3451182078125 0.5324073125 0.344943053125 0.5272167609375 0.3497731953125 0.5257880296875 0.35473470156250003 0.5331951484374999 0.35833429843750003 0.54071879375 0.35859702968749996
0 0.519333721875 0.8990814531250001 0.5157466875 0.8939447906250001 0.5118100765625 0.8988187218749999 0.5055403734375 0.8985997781249999 0.5032072796875 0.8935069062500001 0.4977254125 0.9066792078124999 0.5025663875 0.9118596578125 0.5065612625 0.9053172953124999 0.5128309671875 0.9055362375 0.519333721875 0.8990814531250001
1 0.1757384875 0.45610243749999996 0.1756219609375 0.4594393015625 0.177896790625 0.46620060781249995 0.180346409375 0.4679566171875 0.185595225 0.46145804375 0.18571175 0.45812117968750005 0.1796168359375 0.45289694062499997 0.1757384875 0.45610243749999996
0 0.5774326546874999 0.34985630625 0.5543651984375 0.32733470468750003 0.547804178125 0.3354579234375 0.565009771875 0.34608155625000003 0.569675959375 0.356267303125 0.5619192625 0.3626783 0.553316465625 0.357366484375 0.544247565625 0.365402125 0.56527324375 0.374488690625 0.5774326546874999 0.34985630625
1 0.16276339374999998 0.5040928703125 0.165446065625 0.49917515156250003 0.160663353125 0.49232627031250004 0.154160596875 0.4987810546875 0.15637716562499998 0.5072107921875 0.16276339374999998 0.5040928703125
0 0.7127798828125 0.6084936703125 0.7013778890625 0.6114364375 0.69857869375 0.619691021875 0.7127798828125 0.6084936703125
0 0.654751603125 0.688320146875 0.6408999921875 0.6895069046875 0.64699490625 0.69473114375 0.655714228125 0.6967060968750001 0.654751603125 0.688320146875
0 0.6248318125 0.682263925 0.6299641015625 0.6791022156250001 0.6353294421875 0.6692667765625 0.6394991046875 0.6577191171875 0.631800671875 0.66246168125 0.627631009375 0.674009340625 0.6248318125 0.682263925
0 0.799127009375 0.6165203796875 0.8031801468750001 0.6083095859375 0.793323409375 0.6029539796875001 0.7880163312499999 0.6111209859375 0.7952486609375 0.6197258796875 0.799127009375 0.6165203796875
0 0.58498671875 0.38519990000000004 0.574722140625 0.39152332031250003 0.5707272671875 0.3980656828125 0.5808170546875 0.396747559375 0.58982769375 0.3903803515625 0.5962139234375 0.3872624296875 0.5963887125 0.382257134375 0.5901190093750001 0.382038190625 0.58498671875 0.38519990000000004
0 0.732523778125 0.6542857453125001 0.7364603890625 0.6494118125 0.7405135265625 0.64120101875 0.7317359406249999 0.6408944984375 0.726254071875 0.6540668015625 0.732523778125 0.6542857453125001
0 0.664268578125 0.1641259484375 0.669109553125 0.1693063984375 0.671500909375 0.1727308390625 0.6753792578125 0.169525340625 0.6743001046875 0.16447625625 0.6719087499999999 0.1610518140625 0.6670095125 0.157539796875 0.659369340625 0.1606139296875 0.6541205265625 0.16711250312499998 0.6514378546875 0.172030221875 0.6500673890625001 0.1753232984375 0.651204803125 0.17870395156250002 0.6577075609375 0.17224916562499998 0.6616441703125 0.167375234375 0.664268578125 0.1641259484375
