1 0.3702417015625 0.360299253125 0.3699272921875 0.35129573281250004 0.33517563125 0.3457484125 0.3238003015625 0.3348775203125 0.31415108125 0.3284536046875 0.2997165484375 0.31994316875 0.296657346875 0.32230362343749996 0.2830874421875 0.338552871875 0.2998769015625 0.36951732187499997 0.3183138640625 0.402677865625 0.338709596875 0.40196563125000007 0.371892353125 0.40756773749999997 0.361535709375 0.3808859 0.3480412609375 0.354313634375 0.3702417015625 0.360299253125
0 0.43175589218750005 0.5474556390624999 0.42626630781249997 0.570183590625 0.43434662656249995 0.5766622953125 0.44564335312500003 0.5852823046875 0.45027145781250005 0.5828670625 0.44383864375000004 0.5785844515624999 0.43724862499999995 0.569800078125 0.4353653125 0.5608513453125 0.43175589218750005 0.5474556390624999
0 0.5241702234375001 0.6298662140625 0.5335836375 0.629537490625 0.5492726625000001 0.6289896171875 0.5458990499999999 0.6223465499999999 0.5302100249999999 0.6228944234375 0.51616850625 0.6256383890625 0.5241702234375001 0.6298662140625
0 0.5096602359375 0.6641772890625 0.5029130125 0.6508911578125 0.5015013140625 0.6554477046875 0.50652243125 0.6642868640625 0.50989604375 0.67092993125 0.5146813531250001 0.6730164484375 0.51609305 0.6684599 0.51436694375 0.6640129265625 0.5096602359375 0.6641772890625
0 0.49302483593749996 0.5926422062500001 0.49937904843750003 0.5946739390625 0.5072235593750001 0.594400003125 0.5166369734375 0.5940712796875001 0.5211078734375 0.587154275 0.5086352578125 0.5898434546875 0.5007121437500001 0.587866509375 0.49302483593749996 0.5926422062500001
0 0.5579063453125 0.696296875 0.554375528125 0.6851520484375 0.552492215625 0.6762033140625 0.5492758078125 0.6740620078124999 0.544411896875 0.6697246109375 0.5410382828125 0.66308154375 0.53758606875 0.654187596875 0.5390763703125 0.6518819296875 0.5404094640625 0.645074503125 0.54017365625 0.6383218609375 0.5338194453125 0.6362901296875 0.5245632359375 0.6411206140625 0.526446546875 0.6500693484375 0.5334295796874999 0.670108121875 0.5452765234375 0.6944842921875 0.553907059375 0.716719159375 0.5568876609375 0.7121078234375 0.556651853125 0.7053551828125 0.5579063453125 0.696296875
0 0.5520992031249999 0.6649489140625 0.5567273078125 0.6625336703125 0.56598351875 0.6577031859375 0.5658263125 0.653201425 0.5579818015625 0.6534753624999999 0.54880419375 0.660556728125 0.5520992031249999 0.6649489140625
0 0.5667726890625 0.7252843828125 0.560339875 0.7210017703125 0.560811490625 0.7345070515625001 0.565675403125 0.73884445 0.5667726890625 0.7252843828125
0 0.4444769046875 0.7318086687500001 0.4414963046875 0.7364200046875 0.4447127125 0.738561309375 0.44785051718749996 0.738451734375 0.4444769046875 0.7318086687500001
0 0.45592768906250003 0.6998580484375 0.45294709062500005 0.7044693828125 0.4538117171875 0.729229065625 0.45851842343750004 0.7290647046875 0.45804680937500003 0.715559421875 0.45592768906250003 0.6998580484375
0 0.4636841578125 0.5621160546875 0.4734119828125 0.570790853125 0.48008060468749997 0.5818261046875 0.48988703125 0.5927517812499999 0.49286763125000005 0.588140446875 0.48463010625 0.57715998125 0.473254778125 0.5662890921875 0.468390865625 0.56195169375 0.4636841578125 0.5621160546875
0 0.689382884375 0.7277636140625 0.678164759375 0.7213944859375 0.6672610453125001 0.724028875 0.6739296671874999 0.735064128125 0.689382884375 0.7277636140625
1 0.3346411484375 0.5553542109375 0.3529963625 0.54119148125 0.35346483125 0.509624371875 0.3806046390625 0.47712587656250005 0.3671887921875 0.45280449218749996 0.3555022015625 0.4780024734375 0.33745824999999996 0.4560963296875 0.2999617984375 0.46191298593749996 0.27925165625 0.4536216984375 0.2266918515625 0.432920878125 0.17028996875 0.4371440984375 0.14000920781249998 0.4246797765625 0.1220470078125 0.4500969078125 0.1356200578125 0.47892005156249995 0.1850420578125 0.49973044843750003 0.21642010625000002 0.498634703125 0.24787675468749998 0.4997898375 0.2783147203125 0.516755921875 0.3346411484375 0.5553542109375
0 0.7713525265625 0.6460242921875 0.788060234375 0.6296654703125 0.7954331328124999 0.615886253125 0.773389896875 0.61440239375 0.7523684921875 0.6421799796875 0.7713525265625 0.6460242921875
0 0.521720959375 0.37979935781249996 0.5273677484375 0.36157316562499997 0.5128546140625 0.35081185000000004 0.49567529062500004 0.353665390625 0.504305828125 0.3759002578125 0.521720959375 0.37979935781249996
