0 0.47999279687499996 0.6368992046875 0.48687384375000003 0.634434528125 0.492674334375 0.6304827359375 0.5009327625 0.6246093562499999 0.5051599437500001 0.6224705328125 0.5092920875 0.612244425 0.5125396109375 0.6021269359375 0.5150984421875 0.5937137953125 0.51824506875 0.5900878578125 0.526307565625 0.5826187453125 0.5297510203125 0.5740969890625001 0.520020175 0.5752917859375 0.511957678125 0.5827608984375 0.503206490625 0.5919343640625 0.49652137500000004 0.5959947734375 0.48934350000000004 0.60335526875 0.4861968765625 0.6069812078125 0.477938446875 0.6128545875 0.4780334828125 0.620941871875 0.47547465000000005 0.6293550109375 0.47163933281250003 0.6346853 0.4686886390625 0.639906971875 0.467014428125 0.64821149375 0.4700601578125 0.65107710625 0.47350361249999995 0.6425553484375001 0.47999279687499996 0.6368992046875
0 0.6335850671875 0.7103685171875 0.63673169375 0.706742578125 0.6426330828125 0.696299234375 0.6453878468750001 0.689481828125 0.649519990625 0.6792557218749999 0.6533553078125001 0.67392543125 0.657487453125 0.663699321875 0.6623024265625 0.6663477 0.6622073921875 0.658260415625 0.660835871875 0.64709028125 0.6580869703125 0.6393288515625 0.6551421375 0.6299716859375 0.6513126812500001 0.620723140625 0.64374880625 0.6103133328125 0.639230659375 0.6027691374999999 0.6370636921874999 0.6143737421875 0.6333234109375 0.6277913171875 0.63184513125 0.637691571875 0.630366853125 0.6475918265625 0.6253500859375001 0.6579265515625 0.6210220093750001 0.6665569265625 0.6187600062499999 0.6700742453124999 0.6135473078125 0.6788132390625 0.6115821312499999 0.6774347421875 0.6116830281250001 0.6709431890625 0.6120807515625 0.6595558203125 0.6112019921875 0.645085603125 0.6114988203125 0.640189784375 0.60993136875 0.6274239171875 0.61032909375 0.6160365484375 0.6121041984375 0.601240475 0.608470675 0.5935876625 0.60070500625 0.5961609578125 0.5944117531249999 0.603412834375 0.589003125 0.61055609375 0.5835944953125 0.617699353125 0.5806438 0.622921025 0.5761197921875 0.629955665625 0.5749383421875 0.634960103125 0.57050936875 0.650082028125 0.57571620625 0.6559218718750001 0.581807665625 0.6616530968750001 0.5874063656249999 0.670684409375 0.588190090625 0.6770673406250001 0.5902503015625 0.686533125 0.5894607140625 0.6947290265625 0.5890629890625 0.7061163968749999 0.5882734015625 0.7143122984375 0.5919069265625 0.7219651125000001 0.595243621875 0.7345137421875 0.5977965921874999 0.7406794390625 0.599464940625 0.7469537546875 0.6018219796875 0.7515237203125 0.606441021875 0.7525763640625 0.6065419171875 0.7460848125 0.6041848796875 0.741514846875 0.603009290625 0.7319404484375001 0.601637771875 0.7207703140625 0.6043925328124999 0.713952909375 0.6074382625 0.716818521875 0.6101930265625 0.710001115625 0.6141292390624999 0.698179275 0.6191401453125 0.7024233859375 0.6254275359375 0.7097503453125 0.629066921875 0.7028243203125 0.6335850671875 0.7103685171875
0 0.51462913125 0.5386985375 0.51620244375 0.5368855671875 0.51777575625 0.5350725984375 0.5193490703125 0.5332596281249999 0.5218070046875 0.5313380421875 0.52495363125 0.527712103125 0.5263310125 0.5243034 0.523677146875 0.524629253125 0.5203345890625 0.526659459375 0.51699203125 0.5286896640625 0.5145340953125 0.5306112515625 0.5127648515625001 0.5308284875 0.510799675 0.5294499906250001 0.5092263625 0.531262959375 0.5105028468749999 0.5343458078125 0.5117793328125 0.5374286578125 0.51462913125 0.5386985375
0 0.599207896875 0.4084490578125 0.60048438125 0.4115319046875 0.602253625 0.41131466874999995 0.6038269390625 0.4095017 0.6034350765625 0.40631023437499997 0.5998965875 0.40674470625000003 0.599207896875 0.4084490578125
0 0.5353614421875 0.5539706265625 0.529465915625 0.549835134375 0.52897315625 0.5531352187499999 0.5330994375 0.557487946875 0.5352605453125 0.560462178125 0.53811034375 0.5617320578125 0.538603103125 0.5584319718749999 0.5353614421875 0.5539706265625
0 0.4735927859375 0.6652214703125 0.471431678125 0.6622472390625 0.46700856718750006 0.6627903296875 0.4596347609375 0.668555090625 0.45226095468749994 0.6743198515625 0.44999895156249997 0.677837171875 0.455306684375 0.677185465625 0.4586492421875 0.675155259375 0.4646456671875 0.6727992 0.4695615375 0.6689560250000001 0.4735927859375 0.6652214703125
0 0.414507303125 0.703252278125 0.41608061718749995 0.701439309375 0.415688753125 0.6982478421875 0.413919509375 0.698465078125 0.4112656421875 0.69879093125 0.40792308437499997 0.7008211375 0.4045805265625 0.7028513421875 0.40035334687499996 0.704990165625 0.4016298328125 0.7080730156249999 0.40497239062499996 0.706042809375 0.4085108796875 0.7056083375 0.4111647453125 0.705282484375 0.414507303125 0.703252278125
0 0.3425690453125 0.9291371406250001 0.33952331562500004 0.9262715296874999 0.3364775859375 0.9234059171875 0.332939096875 0.9238403890625 0.32940060781249997 0.9242748593749999 0.3299884015625 0.9290620609375001 0.3328382 0.9303319390624999 0.33676855156249996 0.933088934375 0.33961834999999996 0.9343588140625 0.3411916640625 0.93254584375 0.3425690453125 0.9291371406250001
0 0.6163150421875 0.8841868249999999 0.616606009375 0.8938698437499999 0.616896975 0.9035528609375 0.6204354640624999 0.9031183890625 0.6212250515625 0.8949224859375 0.620934084375 0.88523946875 0.6192657374999999 0.8789651515625 0.6163150421875 0.8841868249999999
0 0.5712110296875 0.86056866875 0.572683446875 0.86524725 0.5755332453124999 0.8665171296875 0.5780920765625 0.8581039921875 0.5759309703125 0.8551297609375 0.573277103125 0.8554556140624999 0.5712110296875 0.86056866875
