0 0.39774153125 0.6110183640625 0.3902133 0.60100166875 0.378920953125 0.5876460765625 0.3638644921875 0.5776293828125 0.3638644921875 0.5826377296875 0.37139272343749996 0.5943238734375 0.378920953125 0.6060100171875 0.3902133 0.62437395625 0.396486825 0.63772955 0.407779171875 0.6360601 0.40401505625 0.6227045078125 0.39774153125 0.6110183640625
0 0.6311166874999999 0.7963272124999999 0.613550815625 0.7946577625 0.5884567125 0.813021703125 0.5558343796874999 0.8046744578125 0.5370138015625 0.7946577625 0.5166397796875 0.7835678515625 0.563362609375 0.8247078468750001 0.5872020078125 0.8430717859374999 0.6110414046875 0.8564273796874999 0.6311166874999999 0.8414023374999999 0.6173149312499999 0.8230383968749999 0.6311166874999999 0.7963272124999999
0 0.6687578421875 0.8697829718750001 0.6787954828125 0.8647746250000001 0.670012546875 0.8647746250000001 0.6549560859375 0.8664440734375001 0.642409034375 0.8697829718750001 0.652446675 0.8764607671875 0.663739021875 0.87479131875 0.6687578421875 0.8697829718750001
0 0.3387703890625 0.5442404 0.316185696875 0.527545909375 0.2998745296875 0.5191986640625 0.29109159375 0.5358931546875 0.28858218281250003 0.5442404 0.293601003125 0.5525876453125 0.301129234375 0.5542570953125 0.30991217031249996 0.5525876453125 0.3174404015625 0.550918196875 0.3262233375 0.550918196875 0.3387703890625 0.5542570953125 0.3450439140625 0.562604340625 0.3601003765625 0.57929883125 0.37641154375 0.5993322203125 0.3889585953125 0.619365609375 0.39774153125 0.63772955 0.407779171875 0.6360601 0.4065244671875 0.6277128546874999 0.38644918437500003 0.60100166875 0.3701380171875 0.5776293828125 0.35006273593750004 0.55759599375 0.3387703890625 0.5442404
0 0.7001254703125 0.8063439062500001 0.6963613546875 0.8063439062500001 0.6813048937499999 0.813021703125 0.677540778125 0.8046744578125 0.6787954828125 0.7996661109375001 0.6687578421875 0.7963272124999999 0.652446675 0.8013355593749999 0.66624843125 0.8030050078125001 0.6712672515625 0.80801335625 0.670012546875 0.813021703125 0.6750313671875 0.8196994984374999 0.6800501875 0.8196994984374999 0.7001254703125 0.8063439062500001
0 0.621079046875 0.7879799671875001 0.6110414046875 0.78464106875 0.598494353125 0.7913188640625 0.6010037640625 0.7913188640625 0.6097867 0.7929883140625 0.60225846875 0.7979966609375 0.6047678796875 0.7996661109375001 0.627352571875 0.7946577625 0.6298619828125 0.7913188640625 0.621079046875 0.7879799671875001
0 0.5621079046874999 0.789649415625 0.5621079046874999 0.7762938234375001 0.557089084375 0.7646076796875 0.549560853125 0.767946578125 0.5445420328125 0.779632721875 0.5445420328125 0.7863105171875 0.549560853125 0.7963272124999999 0.549560853125 0.8063439062500001 0.55959849375 0.811352253125 0.563362609375 0.8013355593749999 0.5621079046874999 0.789649415625
0 0.5558343796874999 0.6677796328125 0.557089084375 0.6744574296875 0.564617315625 0.6677796328125 0.5558343796874999 0.6677796328125
0 0.6198243406249999 0.8397328875 0.6260978671874999 0.8280467453125 0.627352571875 0.81803005 0.6298619828125 0.8030050078125001 0.6286072765624999 0.7913188640625 0.62358845625 0.7879799671875001 0.6047678796875 0.7963272124999999 0.60225846875 0.8096828046875 0.5897114171875 0.8146911515624999 0.5834378921875001 0.8263772953125 0.5834378921875001 0.8414023374999999 0.6085319953125 0.8514190312500001 0.6148055203125 0.8480801328125 0.6198243406249999 0.8397328875
0 0.6951066499999999 0.8430717859374999 0.7101631109375 0.836393990625 0.72396486875 0.8230383968749999 0.726474278125 0.8096828046875 0.7176913421875 0.813021703125 0.7101631109375 0.8196994984374999 0.6976160609375001 0.82971619375 0.6813048937499999 0.834724540625 0.6675031375 0.8430717859374999 0.6549560859375 0.8480801328125 0.6612296109375 0.85308848125 0.6762860734375 0.8464106843750001 0.6951066499999999 0.8430717859374999
0 0.592220828125 0.711185309375 0.584692596875 0.7028380640624999 0.5796737765625 0.711185309375 0.5897114171875 0.7212020031249999 0.5947302390625 0.7178631046875 0.592220828125 0.711185309375
0 0.691342534375 0.8163606015625 0.698870765625 0.80801335625 0.6925972390624999 0.8063439062500001 0.6813048937499999 0.8063439062500001 0.6649937265625 0.8146911515624999 0.6725219578125 0.8196994984374999 0.6813048937499999 0.81803005 0.691342534375 0.8163606015625
0 0.44918444218750003 0.6828046750000001 0.450439146875 0.6894824703125 0.5445420328125 0.6828046750000001 0.543287328125 0.6744574296875 0.44918444218750003 0.6828046750000001
0 0.5445420328125 0.7328881468749999 0.5520702640625 0.722871453125 0.5407779171875 0.722871453125 0.5332496859375 0.7245409015625001 0.52446675 0.72621035 0.5194479296875001 0.7328881468749999 0.52446675 0.73789649375 0.53199498125 0.7345575953125 0.5445420328125 0.7328881468749999
0 0.6185696359375 0.6894824703125 0.627352571875 0.71619365625 0.6298619828125 0.7362270453125 0.6398996234375 0.73789649375 0.656210790625 0.73789649375 0.6549560859375 0.7245409015625001 0.6549560859375 0.7045075125 0.6398996234375 0.69282136875 0.6361355078125001 0.6844741234375 0.6286072765624999 0.67111853125 0.6223337515625 0.676126878125 0.6223337515625 0.6844741234375 0.6185696359375 0.6894824703125
0 0.8080301125 0.7195325546875 0.82183186875 0.711185309375 0.8318695109375 0.7045075125 0.8444165625 0.6944908187500001 0.8531994984375 0.687813021875 0.8557089078125 0.681135225 0.846925971875 0.6828046750000001 0.8393977421875001 0.6911519203125 0.8331242156249999 0.6944908187500001 0.8205771640625 0.7028380640624999 0.8130489328125 0.709515859375 0.804265996875 0.71452420625 0.7967377671875 0.722871453125 0.7892095359375 0.72621035 0.7791718953125 0.7328881468749999 0.7666248437500001 0.742904840625 0.7754077796875001 0.73956594375 0.7854454203125 0.7345575953125 0.8080301125 0.7195325546875
