0 0.5439698500000001 0.6777963265625 0.5540201 0.6777963265625 0.5603015078125 0.6727879796875 0.569095478125 0.6560934890625 0.579145728125 0.6410684468750001 0.5891959796874999 0.6210350578125 0.6042713562500001 0.6060100171875 0.6168341703125 0.5976627718749999 0.6218592968750001 0.5893155265625001 0.6105527640624999 0.5893155265625001 0.6092964828125 0.5826377296875 0.59924623125 0.5826377296875 0.5929648234375 0.585976628125 0.5841708546875 0.5943238734375 0.575376884375 0.6043405671875 0.5640703515625 0.6160267109374999 0.5603015078125 0.6210350578125 0.5540201 0.6277128546874999 0.54522613125 0.63772955 0.5364321609375 0.6527545906250001 0.5314070359375 0.6594323875 0.5288944718749999 0.6677796328125 0.5288944718749999 0.6744574296875 0.5351758796875 0.676126878125 0.5439698500000001 0.6777963265625
0 0.526381909375 0.62437395625 0.5389447234375 0.62604340625 0.54522613125 0.62437395625 0.5502512562499999 0.6176961609375 0.5565326640625 0.609348915625 0.5565326640625 0.60100166875 0.569095478125 0.5926544234375 0.5829145734375001 0.584307178125 0.5954773875 0.572621034375 0.5904522609375 0.5709515859375001 0.580402009375 0.5759599328125 0.5716080406249999 0.5826377296875 0.5577889453125 0.590984975 0.5464824125 0.5993322203125 0.5364321609375 0.6060100171875 0.525125628125 0.609348915625 0.5163316578125 0.6176961609375 0.5075376890625 0.62604340625 0.5075376890625 0.6310517531250001 0.5150753765625 0.629382303125 0.526381909375 0.62437395625
0 0.6645728640625 0.6060100171875 0.670854271875 0.6176961609375 0.674623115625 0.62604340625 0.674623115625 0.6176961609375 0.672110553125 0.607679465625 0.6683417078125 0.5993322203125 0.6670854265624999 0.590984975 0.6595477390625 0.5876460765625 0.6545226125 0.5893155265625001 0.65577889375 0.5943238734375 0.6595477390625 0.5976627718749999 0.6645728640625 0.6060100171875
0 0.674623115625 0.4357262109375 0.6846733671874999 0.43238731250000007 0.69472361875 0.427378965625 0.70477386875 0.4223706171875 0.70477386875 0.415692821875 0.6997487437500001 0.415692821875 0.6934673359375 0.4223706171875 0.680904521875 0.42404006718750004 0.670854271875 0.4307178625 0.6608040203125001 0.437395659375 0.65201005 0.4407345578125 0.6570351765625 0.44407345625000005 0.6645728640625 0.4407345578125 0.674623115625 0.4357262109375
0 0.7349246234375 0.40066777968749995 0.7412060296874999 0.39732888125 0.75125628125 0.390651084375 0.7525125625 0.3856427375 0.74874371875 0.38731218749999996 0.744974875 0.390651084375 0.7386934671875001 0.392320534375 0.7349246234375 0.3956594328125 0.728643215625 0.39899833125 0.7223618093749999 0.4056761265625 0.7148241203125 0.4106844734375 0.7135678390625 0.4173622703125 0.7185929640625 0.41402337187500005 0.728643215625 0.4073455765625 0.7349246234375 0.40066777968749995
0 0.49371859218749997 0.60267111875 0.49246231093750004 0.595993321875 0.4886934671875 0.5993322203125 0.4836683421875 0.6043405671875 0.48115577812500004 0.6110183640625 0.48618090468749997 0.6126878125 0.4899497484375 0.609348915625 0.49371859218749997 0.60267111875
0 0.530150753125 0.5776293828125 0.5276381906250001 0.5692821375 0.520100503125 0.5709515859375001 0.5150753765625 0.57929883125 0.5138190953125 0.5876460765625 0.518844221875 0.5876460765625 0.525125628125 0.5809682796875 0.530150753125 0.5776293828125
0 0.5577889453125 0.562604340625 0.55276381875 0.55759599375 0.548994975 0.5609348921875 0.5464824125 0.5642737890625 0.5502512562499999 0.5659432390625 0.55276381875 0.5659432390625 0.5577889453125 0.562604340625
1 0.6394472359375001 0.584307178125 0.6545226125 0.5893155265625001 0.6633165828124999 0.5976627718749999 0.672110553125 0.6110183640625 0.677135678125 0.6327212015625 0.6821608046875001 0.6410684468750001 0.6896984921875 0.6393989984374999 0.6997487437500001 0.6227045078125 0.70477386875 0.60267111875 0.6997487437500001 0.585976628125 0.69472361875 0.5776293828125 0.6959799 0.5592654421875001 0.6984924625 0.539232053125 0.6997487437500001 0.5225375624999999 0.6959799 0.5091819703125 0.6871859296875 0.499165275 0.677135678125 0.49415692812499995 0.6633165828124999 0.48914858125 0.65201005 0.4791318859375 0.6369346734375 0.470784640625 0.619346734375 0.4574290484375 0.6130653265625 0.46243739531249994 0.60175879375 0.4641068453125 0.5904522609375 0.472454090625 0.579145728125 0.48247078437499996 0.5716080406249999 0.4908180296875 0.5665829140625 0.51085141875 0.5665829140625 0.5242070109375 0.5653266328125001 0.5358931546875 0.5716080406249999 0.550918196875 0.580402009375 0.562604340625 0.5904522609375 0.5692821375 0.59924623125 0.57929883125 0.6105527640624999 0.5826377296875 0.6319095484374999 0.584307178125 0.6394472359375001 0.584307178125
1 0.50125628125 0.609348915625 0.5138190953125 0.5976627718749999 0.5288944718749999 0.5876460765625 0.5477386937500001 0.574290484375 0.5615577890625 0.55759599375 0.5640703515625 0.5459098499999999 0.5653266328125001 0.5308848078125 0.5628140703125 0.517529215625 0.55527638125 0.517529215625 0.5464824125 0.5258764609375 0.5351758796875 0.540901503125 0.525125628125 0.5475792984375001 0.5163316578125 0.5542570953125 0.50376884375 0.5642737890625 0.49246231093750004 0.5759599328125 0.48115577812500004 0.585976628125 0.46608040156249997 0.5976627718749999 0.4623115578125 0.609348915625 0.46608040156249997 0.6143572625 0.478643215625 0.6143572625 0.50125628125 0.609348915625
1 0.44974874375 0.6844741234375 0.4623115578125 0.687813021875 0.47613065312499997 0.686143571875 0.4899497484375 0.676126878125 0.5100502515625001 0.686143571875 0.525125628125 0.6944908187500001 0.5276381906250001 0.686143571875 0.5314070359375 0.676126878125 0.5376884421875 0.666110184375 0.5427135671875 0.6510851421875 0.5351758796875 0.6444073453125 0.526381909375 0.6410684468750001 0.5138190953125 0.6393989984374999 0.50376884375 0.6343906515625 0.5025125625 0.62437395625 0.48743718593749996 0.6227045078125 0.47361809062500004 0.6227045078125 0.4597989953125 0.6360601 0.45226130624999994 0.6460767953125 0.44597990000000004 0.6611018359374999 0.44723618125 0.67111853125 0.44974874375 0.6844741234375
0 0.4170854265625 0.868113521875 0.4396984921875 0.863105175 0.4610552765625 0.858096828125 0.47487437187500003 0.8497495828125 0.50125628125 0.8464106843750001 0.5087939703125001 0.8330550921875 0.5113065328124999 0.81803005 0.518844221875 0.7979966609375 0.5276381906250001 0.7762938234375001 0.5364321609375 0.7579298828125001 0.5402010046875 0.73789649375 0.5351758796875 0.7345575953125 0.5163316578125 0.73789649375 0.49748743749999996 0.73789649375 0.47487437187500003 0.73956594375 0.4597989953125 0.7445742906249999 0.44221105468750005 0.7512520874999999 0.425879396875 0.76126878125 0.40954773906249997 0.772954925 0.39572864375 0.7863105171875 0.3819095484375 0.7979966609375 0.3555276375 0.811352253125 0.3429648234375 0.8330550921875 0.330402009375 0.8614357265624999 0.3417085421875 0.868113521875 0.3555276375 0.87479131875 0.37185929687499997 0.8781302171875 0.3919597984375 0.8764607671875 0.4170854265625 0.868113521875
0 0.39698492500000004 0.936560934375 0.40703517656250005 0.9248747906249999 0.42462311562500005 0.9165275453125 0.4371859296875 0.90984975 0.45728643281250003 0.9015025046874999 0.46608040156249997 0.89816360625 0.4623115578125 0.8948247078125 0.45226130624999994 0.8931552593750001 0.4409547734375 0.8998330546875 0.428391959375 0.9081803 0.4170854265625 0.9131886484375 0.40703517656250005 0.9181969953125 0.3944723625 0.926544240625 0.3881909546875 0.9332220375 0.380653265625 0.9432387312499999 0.375628140625 0.954924875 0.3819095484375 0.9515859765625001 0.3881909546875 0.9465776296874999 0.39698492500000004 0.936560934375
1 0.9309045218750001 0.33055091875 0.9359296484374999 0.32053422343750004 0.9472361812500001 0.3105175296875 0.95477386875 0.312186978125 0.9560301499999999 0.30550918125000004 0.9510050250000001 0.290484140625 0.9522613062499999 0.277128546875 0.9560301499999999 0.26210350625 0.9560301499999999 0.2404006671875 0.9535175875 0.2237061765625 0.9510050250000001 0.2120200328125 0.9472361812500001 0.2036727875 0.9384422109375 0.2036727875 0.9359296484374999 0.20868113593749998 0.9371859296875 0.227045075 0.9371859296875 0.2504173625 0.9321608046875 0.27378965 0.9208542718749999 0.318864775 0.9158291453125 0.3422370625 0.9183417078125 0.35225375625 0.924623115625 0.3422370625 0.9309045218750001 0.33055091875
