0 0.7848101265625 0.5529661015625 0.7879746828124999 0.54661016875 0.7816455703125 0.544491525 0.776898734375 0.5508474578125 0.780063290625 0.5572033890625 0.7848101265625 0.5529661015625
0 0.7563291140625 0.5105932203125 0.748417721875 0.5084745765625 0.7436708859375 0.5042372875 0.7373417718749999 0.5 0.7373417718749999 0.5084745765625 0.74683544375 0.521186440625 0.75 0.5275423734375 0.7594936703124999 0.5317796609375 0.765822784375 0.54237288125 0.7721518984375 0.5381355937500001 0.776898734375 0.5317796609375 0.776898734375 0.525423728125 0.7705696203125 0.525423728125 0.7674050640625001 0.519067796875 0.7626582281250001 0.5148305078125001 0.7563291140625 0.5105932203125
0 0.7452531640625 0.6779661015625 0.7389240499999999 0.686440678125 0.7373417718749999 0.6970338984375 0.734177215625 0.7012711859375 0.73575949375 0.7097457625 0.7405063296875001 0.7203389828125 0.7373417718749999 0.7224576265625 0.7310126578125 0.724576271875 0.7215189875 0.724576271875 0.7120253171875001 0.7224576265625 0.70727848125 0.724576271875 0.69620253125 0.724576271875 0.69620253125 0.728813559375 0.705696203125 0.730932203125 0.7136075953125001 0.730932203125 0.723101265625 0.733050846875 0.7278481015625 0.733050846875 0.734177215625 0.7351694921874999 0.7389240499999999 0.733050846875 0.7436708859375 0.730932203125 0.75316455625 0.724576271875 0.7563291140625 0.7203389828125 0.7563291140625 0.726694915625 0.7547468359375 0.733050846875 0.7547468359375 0.7394067796875 0.75316455625 0.7457627125 0.75316455625 0.75211864375 0.7594936703124999 0.7351694921874999 0.7610759500000001 0.726694915625 0.7626582281250001 0.7203389828125 0.7626582281250001 0.7118644062499999 0.76424050625 0.70338983125 0.765822784375 0.6991525421875 0.7689873421875 0.6906779656250001 0.7737341765625 0.688559321875 0.7784810125 0.6843220343749999 0.7848101265625 0.6822033890625 0.7879746828124999 0.6800847453125 0.7895569625000001 0.686440678125 0.7895569625000001 0.6970338984375 0.79272151875 0.6906779656250001 0.79272151875 0.6843220343749999 0.794303796875 0.6758474578125 0.791139240625 0.67161016875 0.7832278484375 0.6758474578125 0.7784810125 0.6779661015625 0.7721518984375 0.6779661015625 0.7626582281250001 0.6779661015625 0.7579113921875 0.669491525 0.748417721875 0.66737288125 0.7452531640625 0.6779661015625
0 0.5901898734375 0.646186440625 0.5854430374999999 0.646186440625 0.5854430374999999 0.6377118640624999 0.5854430374999999 0.6355932203125 0.5791139234375 0.6355932203125 0.572784809375 0.641949153125 0.572784809375 0.6525423734375 0.568037975 0.6588983046875 0.5601265828125 0.66737288125 0.555379746875 0.6737288140625 0.552215190625 0.6843220343749999 0.5506329109375 0.6927966109375 0.5506329109375 0.7012711859375 0.552215190625 0.70762711875 0.555379746875 0.70762711875 0.5585443031249999 0.6970338984375 0.5617088609375 0.6906779656250001 0.5648734171875 0.6843220343749999 0.569620253125 0.6843220343749999 0.5664556968750001 0.6906779656250001 0.568037975 0.6949152546875 0.572784809375 0.6949152546875 0.5759493671875 0.6906779656250001 0.580696203125 0.688559321875 0.5854430374999999 0.6906779656250001 0.5886075953125001 0.6906779656250001 0.5965189875 0.688559321875 0.6028481015625 0.6927966109375 0.6060126578125 0.688559321875 0.6044303796875 0.6843220343749999 0.6012658234375 0.6779661015625 0.6012658234375 0.669491525 0.6028481015625 0.6631355937500001 0.6028481015625 0.6525423734375 0.6028481015625 0.646186440625 0.5965189875 0.644067796875 0.5901898734375 0.646186440625
0 0.572784809375 0.7351694921874999 0.5664556968750001 0.724576271875 0.556962025 0.7182203390625 0.5506329109375 0.7097457625 0.5474683546875 0.6949152546875 0.5458860765625 0.6906779656250001 0.544303796875 0.6991525421875 0.5458860765625 0.70762711875 0.5458860765625 0.7161016953125 0.5474683546875 0.7224576265625 0.552215190625 0.730932203125 0.552215190625 0.7436440671875 0.556962025 0.7542372875 0.5601265828125 0.7648305078125001 0.5632911390625 0.766949153125 0.568037975 0.769067796875 0.57120253125 0.7584745765625 0.5759493671875 0.75211864375 0.5743670890625 0.7436440671875 0.572784809375 0.7351694921874999
1 0.40822784843750004 0.5042372875 0.3829113921875 0.45762711874999995 0.319620253125 0.4152542375 0.330696203125 0.5762711859375 0.36550632968749996 0.6122881359375001 0.40822784843750004 0.5042372875
0 0.5237341765625 0.6313559328125 0.5237341765625 0.6377118640624999 0.526898734375 0.644067796875 0.5205696203125 0.6525423734375 0.5348101265625 0.650423728125 0.544303796875 0.644067796875 0.55379746875 0.6398305078125001 0.5664556968750001 0.6377118640624999 0.5632911390625 0.6313559328125 0.555379746875 0.625 0.5506329109375 0.625 0.5332278484375 0.62288135625 0.5237341765625 0.62288135625 0.5189873421875 0.62711864375 0.5237341765625 0.6313559328125
0 0.5 0.5338983046875 0.5110759500000001 0.5275423734375 0.5189873421875 0.523305084375 0.52531645625 0.519067796875 0.52531645625 0.5127118640624999 0.515822784375 0.5148305078125001 0.5079113921875 0.521186440625 0.4952531640625 0.5275423734375 0.5 0.5338983046875
0 0.719936709375 0.705508475 0.72468354375 0.6991525421875 0.72468354375 0.6906779656250001 0.72468354375 0.6779661015625 0.7325949359374999 0.669491525 0.72468354375 0.669491525 0.7183544296875 0.6800847453125 0.719936709375 0.6927966109375 0.719936709375 0.705508475
0 0.6851265828125 0.6631355937500001 0.669303796875 0.6588983046875 0.6566455703125 0.6567796609375 0.6471518984375 0.6546610171875 0.65031645625 0.6610169484374999 0.6629746828124999 0.6631355937500001 0.6740506328125 0.66737288125 0.67879746875 0.6737288140625 0.6851265828125 0.6779661015625 0.693037975 0.6843220343749999 0.6914556968750001 0.6949152546875 0.6993670890625 0.6949152546875 0.70727848125 0.6927966109375 0.7041139234375 0.686440678125 0.6993670890625 0.6779661015625 0.6898734171875 0.66737288125 0.6851265828125 0.6631355937500001
1 0.5775316453125 0.5593220343749999 0.57120253125 0.57838983125 0.569620253125 0.5868644062499999 0.5648734171875 0.57838983125 0.5664556968750001 0.5677966109375 0.57120253125 0.5550847453125 0.57120253125 0.54661016875 0.5632911390625 0.54237288125 0.552215190625 0.5487288140625 0.541139240625 0.5593220343749999 0.5379746828124999 0.5699152546875 0.5316455703125 0.58262711875 0.5221518984375 0.599576271875 0.5174050640625001 0.605932203125 0.515822784375 0.6165254234375 0.526898734375 0.6207627125 0.544303796875 0.62288135625 0.5617088609375 0.62711864375 0.57120253125 0.6292372875 0.583860759375 0.6292372875 0.5917721515625 0.6122881359375001 0.6028481015625 0.5974576265625 0.6139240499999999 0.5889830515625001 0.623417721875 0.5889830515625001 0.6123417718749999 0.57838983125 0.6012658234375 0.5656779656250001 0.5886075953125001 0.5572033890625 0.5775316453125 0.5593220343749999
0 0.651898734375 0.7881355937500001 0.6582278484375 0.7902542375 0.6629746828124999 0.79237288125 0.669303796875 0.7902542375 0.677215190625 0.7838983046875 0.66772151875 0.7817796609375 0.6613924046874999 0.7817796609375 0.6534810125 0.7817796609375 0.651898734375 0.7881355937500001
0 0.5506329109375 0.775423728125 0.556962025 0.7817796609375 0.5632911390625 0.7838983046875 0.572784809375 0.7881355937500001 0.58227848125 0.7881355937500001 0.5870253171875001 0.7838983046875 0.572784809375 0.7775423734375 0.5648734171875 0.7775423734375 0.556962025 0.773305084375 0.5506329109375 0.775423728125
