0 0.47262268125 0.6715721593749999 0.4802188421875 0.64424725625 0.4794527546875 0.625254815625 0.4735193546875 0.611911434375 0.46918342031250004 0.59722635 0.4642116875 0.613183603125 0.47089492499999996 0.623279084375 0.4715632203125 0.6371174265625 0.46903658437500007 0.6536391765625 0.46528739999999996 0.6698786765625 0.46153821562499997 0.686118178125 0.47262268125 0.6715721593749999
0 0.42220517187500006 0.5162497859374999 0.4225963390625 0.536866175 0.43190400625 0.53559400625 0.429540453125 0.5179432687500001 0.43084454375 0.5011392734375 0.4288559109375 0.4818645859375 0.4241450578125 0.46880345312499994 0.4181138640625 0.4503059734375 0.41123504375 0.42990229687500003 0.40323146562499995 0.41437047031249996 0.3941031328125 0.40371049374999995 0.3956190578125 0.419455034375 0.400329909375 0.43251616875 0.40918111562500004 0.4499541921875 0.41473959843749997 0.46492152343750004 0.4178529875 0.47932436093749997 0.4214390859375 0.49725734531250004 0.42220517187500006 0.5162497859374999
0 0.402904996875 0.6110033859375 0.40055769531249996 0.6155929890625 0.3990580203125 0.622088790625 0.4034755 0.6196876312499999 0.408267896875 0.615662521875 0.40939265156250004 0.610790671875 0.40769739375 0.6069782781249999 0.402904996875 0.6110033859375
0 0.385545603125 0.27344681875 0.38564339375 0.2786009171875 0.3884634078125 0.2775414609375 0.3869637328125 0.28403726093750004 0.38903390781249997 0.28622570625 0.391479003125 0.2867902015625 0.39222884062499996 0.2835423 0.39335359531249997 0.27867045 0.39128341875 0.27648200625 0.38996308125 0.2710456609375 0.39231038281249997 0.26645605781250004 0.389392578125 0.262361415625 0.3862954390625 0.27019892031250003 0.385545603125 0.27344681875
1 0.5894828921874999 0.265793234375 0.5817564421875 0.243483359375 0.5617229765625 0.23543725625 0.5271982828125 0.21207204062499999 0.501524790625 0.206144846875 0.47264012187500004 0.18066072187499999 0.45325870156250003 0.1642126203125 0.4414081484375 0.1597661984375 0.417821084375 0.178267790625 0.407209328125 0.19634395625 0.397249615625 0.20601812343749998 0.3863607328125 0.2308723359375 0.3788461140625 0.24111099687499998 0.36428958906250003 0.26511846875 0.3582908953125 0.2911016703125 0.3513630296875 0.3322649171875 0.3479072203125 0.3639667125 0.367467975 0.3684826671875 0.3742490046875 0.3837322453125 0.39439650937500004 0.4191727875 0.4057090578125 0.45941564687499997 0.40460055156249997 0.4865278359375 0.401242534375 0.523383728125 0.3982594359375 0.55861566875 0.3919020734375 0.6084631609375 0.376057409375 0.7998029125 0.403312115625 0.7821480625 0.42792614375 0.7536205203125 0.454088890625 0.65703025625 0.5301308453125 0.8798467453125 0.47402486093749996 0.5316343171875 0.4847019125 0.47423156874999994 0.49850859999999997 0.4534719984375 0.512494621875 0.42078028281249996 0.54848649375 0.3931690171875 0.57789291875 0.3606163671875 0.5835982375000001 0.3191708734375 0.5894828921874999 0.265793234375
1 0.4593551890625 0.1433835171875 0.46294128749999996 0.1613165 0.489935115625 0.1726800375 0.5175972390625 0.19788191718749998 0.5396030875 0.20296236875 0.5710959375 0.1948385046875 0.6003392765625 0.196458340625 0.6145371328125 0.196315159375 0.635972478125 0.1927113640625 0.6790225046875 0.17357163125 0.6495835828125001 0.1616435984375 0.60679443125 0.1517649453125 0.5641846187499999 0.129954146875 0.5336209390625 0.122897965625 0.5152011890625 0.1357505 0.5003512890625 0.1442956765625 0.46866285625000004 0.142111346875 0.4593551890625 0.1433835171875
0 0.568813034375 0.54496535625 0.5721057578125001 0.5474360484374999 0.5753984812499999 0.5499067421875 0.5790661218750001 0.5507534828125 0.580190878125 0.5458816328125 0.5816905515624999 0.5393858328125 0.58281530625 0.53451398125 0.582717515625 0.529359884375 0.5842171890625 0.5228640828125 0.5853419453125001 0.5179922328125001 0.5832717671875 0.5158037890625 0.5767841140625001 0.5160165015625 0.5739641015625 0.5170759578124999 0.5784793703125 0.5198288984375 0.5789520828125 0.5233590453125 0.577077490625 0.5314787953125 0.5747301874999999 0.5360683984375 0.56871524375 0.539811259375 0.568813034375 0.54496535625
0 0.5556911890625 0.4735156671875 0.5496762453125 0.47725852812499997 0.5461063953124999 0.481565884375 0.547426734375 0.48700222968749995 0.55146929375 0.4862250203125 0.555886771875 0.4838238625 0.55860899375 0.47761030781249997 0.5556911890625 0.4735156671875
0 0.552773384375 0.46942102343750003 0.5482581140625 0.4666680859375 0.54581301875 0.46610359062500006 0.5439384265625 0.47422334218750006 0.546008603125 0.4764117859375 0.5493013265625 0.47888247812499996 0.552871175 0.47457512187499995 0.552773384375 0.46942102343750003
0 0.543547259375 0.45360695156249997 0.5410043734375 0.447888359375 0.5373367328125 0.44704161718749996 0.5353643484374999 0.45000727031250004 0.533017046875 0.4545968734375 0.5331148375 0.45975097031249995 0.5383799453125 0.4592560109375 0.540352328125 0.45629035625 0.543547259375 0.45360695156249997
0 0.568894578125 0.527879115625 0.5757896484375 0.57052313125 0.5862220703125 0.5643791109375 0.5834673515625 0.5261119843750001 0.568894578125 0.527879115625
0 0.4837231 0.8075544265625 0.48015325000000003 0.8118617828125 0.481098671875 0.8189220781250001 0.48514123124999997 0.8181448687499999 0.4883361609375 0.8154614640625001 0.48946091718750007 0.8105896140625 0.488140578125 0.80515326875 0.4837231 0.8075544265625
