0 0.1695804203125 0.426914153125 0.1730769234375 0.43387470937500006 0.1765734265625 0.443155453125 0.1835664328125 0.443155453125 0.19055944062500002 0.43851508125 0.19055944062500002 0.431554525 0.1888111890625 0.4245939671875 0.1835664328125 0.419953596875 0.1765734265625 0.41299303906249996 0.171328671875 0.410672853125 0.1678321671875 0.41763341093750006 0.1695804203125 0.42227378125000004 0.1695804203125 0.426914153125
0 0.28321678281249996 0.4663573078125 0.2919580421875 0.46867749375 0.29370629375 0.46403712343750003 0.29370629375 0.457076565625 0.2919580421875 0.450116009375 0.29020979062499996 0.44547563749999997 0.2867132859375 0.43851508125 0.28146853125 0.43851508125 0.277972028125 0.44547563749999997 0.2797202796875 0.45475638125 0.277972028125 0.4617169375 0.28321678281249996 0.4663573078125
0 0.25524475468749996 0.450116009375 0.25 0.450116009375 0.25 0.457076565625 0.253496503125 0.45475638125 0.25524475468749996 0.450116009375
0 0.3356643359375 0.46867749375 0.3304195796875 0.46867749375 0.3304195796875 0.47795823593750003 0.33741258749999997 0.47795823593750003 0.3356643359375 0.46867749375
0 0.20629370625000001 0.47563805156249994 0.215034965625 0.47795823593750003 0.22377622343749998 0.4825986078125 0.2325174828125 0.48491879375 0.23601398593749998 0.4825986078125 0.2377622375 0.47795823593750003 0.2395104890625 0.4663573078125 0.23601398593749998 0.457076565625 0.2325174828125 0.450116009375 0.22902097968750001 0.443155453125 0.21853146875 0.4408352671875 0.21328671406250002 0.4408352671875 0.20629370625000001 0.43851508125 0.1993007 0.4477958234375 0.1993007 0.457076565625 0.197552446875 0.46403712343750003 0.20104895156249997 0.4709976796875 0.20629370625000001 0.47563805156249994
1 0.5576923078125 0.5475638046875 0.54370629375 0.542923434375 0.5227272734375 0.542923434375 0.5122377625000001 0.5522041765625 0.5 0.5939675171875 0.5332167828125 0.5986078890625001 0.5681818187500001 0.589327146875 0.5699300703125 0.568445475 0.5681818187500001 0.5568445468750001 0.5576923078125 0.5475638046875
1 0.3863636359375 0.42227378125000004 0.3863636359375 0.410672853125 0.3828671328125 0.40139211093749994 0.37587412656249997 0.3944315546875 0.3671328671875 0.3944315546875 0.34965035 0.40139211093749994 0.3269230765625 0.419953596875 0.3076923078125 0.42923433906249997 0.28321678281249996 0.42923433906249997 0.26923076875 0.42923433906249997 0.25524475468749996 0.43387470937500006 0.24825174843750003 0.43851508125 0.2377622375 0.45475638125 0.2395104890625 0.473317865625 0.258741259375 0.4895591640625 0.28321678281249996 0.4895591640625 0.30594405625 0.4825986078125 0.36888111874999996 0.4477958234375 0.38111888125000004 0.43387470937500006 0.3863636359375 0.42227378125000004
1 0.41958042031250004 0.4988399078125 0.4370629375 0.49419953593750005 0.45629370625 0.48723897968749996 0.46853146875 0.48027842187500003 0.47902097968749996 0.46403712343750003 0.49300699375 0.4477958234375 0.4947552453125 0.4408352671875 0.4947552453125 0.419953596875 0.4825174828125 0.41531322499999995 0.47202797187499995 0.41763341093750006 0.45454545468749996 0.426914153125 0.4388111890625 0.43387470937500006 0.4265734265625 0.443155453125 0.3916083921875 0.45475638125 0.36888111874999996 0.46403712343750003 0.353146853125 0.4709976796875 0.3356643359375 0.473317865625 0.3199300703125 0.4825986078125 0.3111888109375 0.4988399078125 0.3426573421875 0.5081206500000001 0.37587412656249997 0.5081206500000001 0.41958042031250004 0.4988399078125
1 0.19055944062500002 0.410672853125 0.1835664328125 0.40603248281250004 0.1695804203125 0.410672853125 0.1625874125 0.42227378125000004 0.166083915625 0.43851508125 0.1870629375 0.450116009375 0.19405594375 0.44547563749999997 0.1923076921875 0.43387470937500006 0.19055944062500002 0.410672853125
1 0.2447552453125 0.40139211093749994 0.23076923124999998 0.40139211093749994 0.21853146875 0.40371229687500004 0.2045454546875 0.40835266875 0.197552446875 0.42227378125000004 0.202797203125 0.44547563749999997 0.234265734375 0.431554525 0.25 0.41531322499999995 0.2447552453125 0.40139211093749994
1 0.22377622343749998 0.3480278421875 0.2115384609375 0.357308584375 0.1923076921875 0.3665893265625 0.174825175 0.3758700703125 0.1678321671875 0.380510440625 0.1678321671875 0.3874709984375 0.178321678125 0.39211136875 0.197552446875 0.380510440625 0.22377622343749998 0.36194895625 0.22377622343749998 0.3480278421875
