1 0.59130998125 0.4810305953125 0.6298582109375 0.4753794578125 0.7426715109375001 0.43966779218749996 0.822159878125 0.4097896625 0.8644343593749999 0.39727138125 0.8805923546875001 0.383841090625 0.8834723656250001 0.3512877390625 0.86861598125 0.3274447109375 0.838252409375 0.2983953125 0.8059850359375 0.27394428125000003 0.7444443828125 0.23914130937500003 0.6859791734375 0.21610785 0.63573135625 0.20735588749999997 0.6149195187500001 0.2042966984375 0.50575111875 0.235470803125 0.295598975 0.263118475 0.3354002015625 0.2715056359375 0.3976730109375 0.285342365625 0.44419457968750004 0.3009614734375 0.47738954375000003 0.34876913125 0.5056866140625 0.3870760578125 0.5234557390625 0.4273477625 0.5501744109375 0.46093472343749997 0.59130998125 0.4810305953125
1 0.6211050546875 0.7759563828125 0.6139779578125 0.7803723453125 0.6086733093750001 0.782519525 0.6050284109375 0.7870570890625 0.6017089140625 0.7822763234375001 0.5948258703125 0.7797035390625 0.5893585203125 0.786509884375 0.5960788625 0.793741834375 0.5940937125 0.8006697796875001 0.5918645078125 0.8145864734374999 0.5967624015624999 0.8240872046875 0.6108538953125 0.8199144437499999 0.6144987953125 0.8153768796875 0.61988479375 0.8109001171875001 0.62535214375 0.804093771875 0.625677546875 0.7947754437500001 0.6224394015625 0.78766509375 0.6211050546875 0.7759563828125
1 0.7690816265625 0.631848753125 0.7781125249999999 0.6228344265625 0.7854023234375 0.6137593 0.7943518703125 0.60707455625 0.8032200671874999 0.6027193937499999 0.7630934390624999 0.6036505640625001 0.7333320546875 0.60727611875 0.6881448328124999 0.603365725 0.689316475 0.6197336 0.7008533609375001 0.6387958625 0.7090707515625 0.653077359375 0.7142126984375 0.6555893453125 0.7317863906250001 0.651538184375 0.7442181359375 0.644975040625 0.758390978125 0.6384726984375 0.7690816265625 0.631848753125
1 0.5466604390625001 0.6614004062500001 0.565731178125 0.6643987953125 0.578000221875 0.662494815625 0.5920103640625001 0.6606516375 0.6146446515624999 0.6614420453125 0.6289801984375 0.6502805359375 0.641655996875 0.6367286453125 0.647448746875 0.6206039718749999 0.64097245625 0.606383275 0.6129521718750001 0.61006963125 0.5799526421875 0.6065848390624999 0.5003501921875 0.5898105203124999 0.44188498281250005 0.5667770625 0.3917998671875 0.5533659359375 0.3980321046875 0.5745753796875 0.4055986890625 0.607493534375 0.4152317734375 0.6311541609375 0.41656611874999994 0.6428628734374999 0.4440983 0.6531540109375 0.472118584375 0.6494676546875 0.5121638625 0.650866065625 0.5466604390625001 0.6614004062500001
1 0.8120882640625 0.5983642312499999 0.8029760156249999 0.609708140625 0.795686215625 0.6187832671875 0.796939209375 0.6328215625 0.8035782015624999 0.64238309375 0.8224862390625001 0.650040646875 0.8334209375 0.63642795625 0.8474310812500001 0.6345847765625 0.8543954765624999 0.6348279796875 0.8631823234375 0.6328024 0.87022806875 0.63071601875 0.8774365187500001 0.6239704749999999 0.881488171875 0.6077849984375 0.8822203296875 0.5868187578125 0.8845308828125 0.5705724828125 0.8848562859375001 0.5612541531249999 0.8780545921874999 0.5563517874999999 0.8565919484375 0.57192925625 0.8333068562499999 0.5897755078125 0.8120882640625 0.5983642312499999
1 0.561060490625 0.49863364531250004 0.5712630328125 0.50598719375 0.576404978125 0.5084991796875 0.5813842234375 0.5156703265625 0.5899270171875 0.52063349375 0.5950689640625 0.523145478125 0.6053528546875 0.528169446875 0.6176218984374999 0.5262654671875 0.6417532328125 0.534105421875 0.644503275 0.5551932640625 0.64757871875 0.566962778125 0.660856703125 0.5860858390625 0.6762011921875 0.5959513734375 0.6866477843750001 0.5963161765625 0.7075409734375 0.5970457828125 0.7249519640625001 0.5976537875 0.74758625 0.59844419375 0.7789260328125 0.599538603125 0.8173929109375001 0.59621705 0.8284903124999999 0.5779451953125 0.829385171875 0.5523197890625 0.818499090625 0.5146208671875 0.812836309375 0.47710434843750005 0.805025671875 0.45117494062499996 0.7879400859375 0.44124860625 0.75809735 0.44720374375 0.7281732625 0.4554884640625 0.6646801906250001 0.47659546875 0.611959115625 0.48874894687500003 0.540134571875 0.4489220078125 0.5315917781249999 0.443958840625 0.529525275 0.45321636875 0.530940971875 0.46259550000000005 0.5360015671875 0.467437065625 0.5392397124999999 0.4745474140625 0.5509393015625 0.48895051250000005 0.561060490625 0.49863364531250004
1 0.25810830625 0.238485040625 0.2474990109375 0.2427794015625 0.2414949375 0.31487485312499996 0.23606032031250002 0.3706632296875 0.2396566015625 0.417437278125 0.24657237968749998 0.46899209218750004 0.27013425625 0.4931391234375 0.33061639062500003 0.30865735 0.30713586249999997 0.2821807375 0.29660791875000003 0.2841455171875 0.2886345796875 0.2628752734375 0.2819142375 0.255643325 0.268229496875 0.2481681734375 0.25810830625 0.238485040625
1 0.343439003125 0.39073993906250004 0.31335221562500004 0.4036838234375 0.3003510140625 0.42655404218750004 0.3031824046875 0.44531230156249996 0.33071458593749997 0.455603440625 0.34614042500000003 0.46313939218750005 0.35411376250000004 0.4844096359375 0.3781637453125 0.494579171875 0.4011234359375 0.48605124999999993 0.39703905 0.4532546953125 0.3706457796875 0.41034940625000005 0.343439003125 0.39073993906250004
1 0.5797413203125 0.662555615625 0.5527299765625 0.6872690140625 0.563860109375 0.7179791890625 0.6062159421875 0.703131325 0.6109997515625001 0.6659796078125 0.5797413203125 0.662555615625
1 0.646017165625 0.7115184828125 0.6141079265625 0.72673115 0.602441071875 0.7613100828125 0.6570173296874999 0.7958698515625 0.66038544375 0.7493390062499999 0.646017165625 0.7115184828125
1 0.5252781890625 0.42507898125 0.425400625 0.3399563671875 0.40652532187499996 0.3812808453125 0.5103731875 0.4525475640625 0.5252781890625 0.42507898125
0 0.30655052031249996 0.3987814578125 0.3104394734375 0.3872551453125 0.298658534375 0.37518163125 0.28837464062499996 0.3701576625 0.2793437421875 0.379171990625 0.27885563750000003 0.39314948437499997 0.290880628125 0.398234253125 0.30655052031249996 0.3987814578125
0 0.3921580015625 0.5930296359375 0.40029404062499996 0.609640715625 0.40668898125 0.62619099375 0.4163220671875 0.6498516203125 0.42737084843749995 0.682891378125 0.4378174421875 0.68325618125 0.43348900468749996 0.6574483718749999 0.42535296562499997 0.64083729375 0.414304184375 0.6077975375 0.40633084531249997 0.5865272921875 0.3943058546875 0.581442525 0.3921580015625 0.5930296359375
0 0.49867455781250003 0.6877137796875 0.4918728625 0.6828114140625 0.4864055140625 0.689617759375 0.48773985781249996 0.7013264718750001 0.49611995000000003 0.710948803125 0.5066478953125 0.708984025 0.49867455781250003 0.6877137796875
0 0.654363565625 0.422589471875 0.652980603125 0.4621923703125 0.6672347984375 0.4533604453125 0.6704402125 0.411488765625 0.6603190203125 0.4018056328125 0.654363565625 0.422589471875
0 0.69935535625 0.3821770015625 0.6939693578125 0.386653765625 0.6916588031249999 0.4029000421875 0.69995754375 0.41485195625 0.70409055 0.39633689843750003 0.69935535625 0.3821770015625
0 0.7821146015625 0.40839125000000004 0.7825213546875001 0.39674333906250003 0.775638309375 0.3941705546875 0.770170959375 0.4009769 0.7538502625 0.41906635468750003 0.7500426609375 0.4282630828125 0.7641341546875 0.42409032187499995 0.7748248015625 0.417466378125 0.7821146015625 0.40839125000000004
