0 0.3987341765625 0.42161016875 0.40506329062499996 0.41949152500000003 0.4034810125 0.41313559375000003 0.3939873421875 0.41313559375000003 0.38924050625 0.41949152500000003 0.390822784375 0.4237288140625 0.3987341765625 0.42161016875
0 0.362341771875 0.43008474531249996 0.3575949359375 0.44067796562500006 0.3575949359375 0.44491525468750004 0.362341771875 0.44491525468750004 0.36867088593749997 0.436440678125 0.376582278125 0.43008474531249996 0.37025316406250003 0.4258474578125 0.362341771875 0.43008474531249996
0 0.42088607656250004 0.49364406718750004 0.4256329109375 0.5063559328125 0.42879746875 0.5148305078125001 0.4367088609375 0.523305084375 0.44303797500000003 0.5317796609375 0.447784809375 0.5402542375 0.45411392343749996 0.54661016875 0.458860759375 0.525423728125 0.45569620312500003 0.5127118640624999 0.4525316453125 0.5063559328125 0.447784809375 0.5 0.44303797500000003 0.49364406718750004 0.4367088609375 0.4894067796875 0.427215190625 0.478813559375 0.416139240625 0.474576271875 0.4145569625 0.48728813593750003 0.42088607656250004 0.49364406718750004
0 0.48575949375 0.48516949218749994 0.4952531640625 0.49152542343750005 0.50316455625 0.50211864375 0.5094936703124999 0.5084745765625 0.5221518984375 0.5127118640624999 0.530063290625 0.5148305078125001 0.5379746828124999 0.516949153125 0.5458860765625 0.519067796875 0.5506329109375 0.5105932203125 0.54272151875 0.49576271250000004 0.530063290625 0.49152542343750005 0.5189873421875 0.48728813593750003 0.5110759500000001 0.478813559375 0.5047468359375 0.4724576265625 0.5 0.4661016953125 0.4952531640625 0.4597457625 0.48575949375 0.4597457625 0.4778481015625 0.46186440624999997 0.4762658234375 0.476694915625 0.48575949375 0.48516949218749994
0 0.487341771875 0.523305084375 0.498417721875 0.519067796875 0.5047468359375 0.5148305078125001 0.498417721875 0.5042372875 0.49367088593749997 0.50211864375 0.4794303796875 0.50211864375 0.4762658234375 0.5084745765625 0.4778481015625 0.523305084375 0.487341771875 0.523305084375
0 0.5601265828125 0.4661016953125 0.55379746875 0.474576271875 0.5632911390625 0.478813559375 0.5791139234375 0.474576271875 0.598101265625 0.4724576265625 0.62183544375 0.4661016953125 0.6344936703124999 0.4639830515625 0.6487341765625 0.47033898281250003 0.655063290625 0.478813559375 0.6598101265625 0.483050846875 0.6835443031249999 0.478813559375 0.680379746875 0.47033898281250003 0.6613924046874999 0.46186440624999997 0.6329113921875 0.46186440624999997 0.583860759375 0.46186440624999997 0.5601265828125 0.4661016953125
1 0.3575949359375 0.4258474578125 0.3465189875 0.4279661015625 0.33544303750000004 0.4322033890625 0.3401898734375 0.4470338984375 0.3528481015625 0.4427966109375 0.362341771875 0.438559321875 0.3575949359375 0.4258474578125
1 0.4224683546875 0.5105932203125 0.4525316453125 0.563559321875 0.5079113921875 0.5889830515625001 0.5174050640625001 0.5720338984375 0.544303796875 0.521186440625 0.5743670890625 0.5063559328125 0.6012658234375 0.49788135625 0.6708860765625 0.483050846875 0.6882911390625 0.474576271875 0.6851265828125 0.45762711874999995 0.6455696203125 0.45762711874999995 0.580696203125 0.4639830515625 0.541139240625 0.4724576265625 0.5189873421875 0.4661016953125 0.4905063296875 0.4597457625 0.48259493593749997 0.44491525468750004 0.4636075953125 0.4237288140625 0.44620253125 0.40466101718749997 0.42088607656250004 0.4025423734375 0.40031645625 0.40466101718749997 0.36867088593749997 0.41737288125000005 0.3512658234375 0.438559321875 0.36392405 0.4470338984375 0.3939873421875 0.4661016953125 0.4224683546875 0.5105932203125
0 0.5332278484375 0.45762711874999995 0.52531645625 0.45338983125 0.5189873421875 0.4597457625 0.5189873421875 0.47033898281250003 0.5332278484375 0.47033898281250003 0.5332278484375 0.45762711874999995
0 0.640822784375 0.6122881359375001 0.6471518984375 0.6207627125 0.6455696203125 0.6101694921874999 0.640822784375 0.6122881359375001
0 0.680379746875 0.6144067796875 0.681962025 0.625 0.6914556968750001 0.6122881359375001 0.680379746875 0.6144067796875
0 0.6439873421875 0.5932203390625 0.6455696203125 0.5868644062499999 0.6455696203125 0.580508475 0.65031645625 0.5762711859375 0.6566455703125 0.5762711859375 0.6613924046874999 0.5741525421875 0.666139240625 0.5699152546875 0.6598101265625 0.5677966109375 0.6487341765625 0.563559321875 0.6360759500000001 0.5720338984375 0.6329113921875 0.57838983125 0.6376582281250001 0.5911016953125 0.6439873421875 0.5932203390625
