0 0.568363728125 0.722843540625 0.577236959375 0.7271799999999999 0.5874475593749999 0.7255232625 0.587588 0.72150156875 0.5785743296875 0.7211868046875 0.5685743890625 0.7168110015625 0.568363728125 0.722843540625
0 0.7700957453124999 0.5345981859375 0.738618115625 0.531485665625 0.7350273281249999 0.53740016875 0.7641110984374999 0.5444556921875 0.7700957453124999 0.5345981859375
0 0.640173115625 0.5401276828125 0.6063718484375 0.5389473171875 0.6041184312500001 0.538868625 0.6117245109375 0.5471874328124999 0.640173115625 0.5401276828125
0 0.5558806078125 0.5311442265624999 0.5456700062500001 0.532800965625 0.5434165890625 0.5327222734375 0.547502103125 0.5449447359375 0.5558806078125 0.5311442265624999
0 0.5898286828125 0.5927286875 0.6114468140625 0.5874437125 0.5787722546875 0.5863026921875 0.552787728125 0.5874085906250001 0.56278766875 0.59178439375 0.5898286828125 0.5927286875
0 0.6185645375 0.6420513390625 0.62060729375 0.6481625703125 0.6398315671875 0.646820596875 0.6490558984375 0.6411028203125 0.6411689359375 0.6408274015625001 0.619761465625 0.6400798375 0.6185645375 0.6420513390625
0 0.56208865 0.6441057546875 0.561667328125 0.656170834375 0.591172421875 0.651161278125 0.6026501703125 0.64552219375 0.5891296640625 0.645050046875 0.5621588703125 0.6420949078125 0.56208865 0.6441057546875
0 0.5465285703125 0.6697352703125 0.5460338421875 0.6515983046875 0.5553986156249999 0.641858834375 0.5329346578124999 0.639061078125 0.5378659984375 0.659366271875 0.5465285703125 0.6697352703125
0 0.5722928828125 0.57802323125 0.5498991453125 0.5732146265625 0.5509556328125 0.57526481875 0.546167915625 0.5831508249999999 0.5722928828125 0.57802323125
0 0.542858009375 0.581021940625 0.5181406328125 0.5781454921875 0.5165926015625 0.5901712265625 0.5279299125 0.5885538359375 0.542858009375 0.581021940625
0 0.5672881359375 0.5275159890625 0.5875688984375 0.5282242078125 0.59249705625 0.5163165109375 0.5813001859375 0.513912209375 0.564188890625 0.519354565625 0.5470775953125 0.5247969234375 0.547007375 0.52680776875 0.5672881359375 0.5275159890625
0 0.4307743484375 0.8187037578125 0.43070412812500003 0.8207146046875 0.43718350156249997 0.828994065625 0.4433085890625 0.8151148656249999 0.4459131078125 0.8051393234375 0.444997059375 0.7990674390625 0.4391528546875 0.8049032515625001 0.4307743484375 0.8187037578125
0 0.358096846875 0.7678466312500001 0.3645762203125 0.7761260921875001 0.3743654984375 0.7865344359375 0.378591453125 0.794735203125 0.38330895 0.7888600453125 0.37802650625 0.778609084375 0.36929371718750004 0.7702509328125 0.358096846875 0.7678466312500001
0 0.194771984375 0.534640428125 0.211813059375 0.5312089171875 0.2155442875 0.5212727203124999 0.19519330625 0.522575346875 0.19413681875 0.52052515625 0.194771984375 0.534640428125
0 0.266894090625 0.666010115625 0.2703444390625 0.66411730625 0.2742161078125 0.6501594140625 0.2661887046875 0.653905690625 0.2637246265625 0.6598595390625001 0.266894090625 0.666010115625
0 0.183718740625 0.5604273265625 0.19399167343749998 0.5607860640625 0.1977307890625 0.54682354375 0.17766068906250002 0.540082784375 0.159633346875 0.5394532562500001 0.169282184375 0.55388329375 0.183718740625 0.5604273265625
0 0.1742135265625 0.5741884875000001 0.164143365625 0.57182353125 0.16372204375 0.5838886125 0.1715387859375 0.5861748765625 0.1780883796875 0.592443490625 0.185975340625 0.592718909375 0.18865008125 0.5807325203125 0.193429403125 0.5628856921875001 0.183156978125 0.5765141 0.1742135265625 0.5741884875000001
0 0.161538846875 0.5817990749999999 0.171749446875 0.5801423375 0.16956625 0.5780528 0.1606227984375 0.5757271890625 0.15942586875 0.5776986890625 0.161538846875 0.5817990749999999
0 0.6084082375000001 0.4806327625 0.6343225421875001 0.48153770937499996 0.6522094453125 0.4861889328125 0.6995312203124999 0.4878414453125 0.71981198125 0.4885496640625 0.710373803125 0.4680870875 0.6934731703125 0.467496903125 0.672206140625 0.4627276453125 0.6497421812499999 0.45992988749999997 0.6305881296875 0.4592610125 0.61030736875 0.45855279375 0.5900968296875 0.455833728125 0.5696756265625 0.45914720000000003 0.546014740625 0.45832094375 0.522424071875 0.455483840625 0.4976364765625 0.4546182390625 0.5068639921875 0.48111335781250003 0.514821175 0.479377928125 0.527144753125 0.4818215765625 0.5541857671875 0.48276587031249996 0.5656635171875 0.4771267859375 0.593761021875 0.48012127031249996 0.6084082375000001 0.4806327625
0 0.5422196578125 0.534693775 0.5556699468749999 0.5371767671875001 0.5738377296875 0.533784603125 0.5801734765625 0.5138728640625 0.5666529703125 0.5134007171875 0.540808884375 0.5104849234375 0.5422196578125 0.534693775
0 0.5923597984375 0.5525510984374999 0.573205746875 0.5518822234375 0.55172805625 0.5531455046875 0.548772434375 0.57317528125 0.5599693046875001 0.5755795828125 0.5768699390625 0.5761697671875 0.590460665625 0.5746310671875 0.608488009375 0.5752605953125001 0.6068665734375001 0.5570842828125 0.5923597984375 0.5525510984374999
0 0.1794864171875 0.4878007703125 0.190542846875 0.494226765625 0.219974534375 0.45901516249999996 0.1999746546875 0.45026355625000003 0.19884794687500001 0.4502242109375 0.1794864171875 0.4878007703125
0 0.5256062734375 0.590485990625 0.537224465625 0.5808252125 0.5301099265625 0.5584304796875 0.517716128125 0.557997678125 0.5137742375000001 0.573966415625 0.5256062734375 0.590485990625
0 0.1984361765625 0.5589279703125001 0.1966743 0.544773353125 0.1966040796875 0.5467841984375 0.15512651093750002 0.5392958734375 0.159352465625 0.54749664375 0.1984361765625 0.5589279703125001
0 0.543777240625 0.6193067203125 0.529130025 0.618795228125 0.5362445640625 0.6411899609375 0.5487085828125 0.639611915625 0.543777240625 0.6193067203125
0 0.6141981421875 0.6378722625 0.59391738125 0.63716404375 0.568003075 0.6362590953125 0.5637803046875 0.6602712187499999 0.5739206859375 0.6606253296875 0.5930747375000001 0.661294203125 0.609975371875 0.6618843859375 0.6418041031249999 0.654942675 0.6412391562499999 0.63881655625 0.6141981421875 0.6378722625
0 0.5961676140625001 0.605029840625 0.5946163999999999 0.5848426828125 0.580955453125 0.588392228125 0.5685616546875 0.587959428125 0.5568732421875 0.599631053125 0.5825768874999999 0.606568540625 0.5961676140625001 0.605029840625
0 0.7068532375000001 0.47199074375 0.6741786765625 0.4708497234375 0.630237028125 0.46931524687500004 0.6019990859375 0.47034245468749997 0.6008021546875 0.47231395468750004 0.611858584375 0.478739953125 0.66030706875 0.4804318109375 0.69868539375 0.4797587109375 0.7258668484374999 0.4766813109375 0.7226271609375 0.47254158124999995 0.7068532375000001 0.47199074375
0 0.608140090625 0.6175277218749999 0.5922257265625 0.620998578125 0.5673679093749999 0.6221438218750001 0.5459604390624999 0.62139625625 0.527933096875 0.620766728125 0.5276522156250001 0.628810115625 0.55124288125 0.63164721875 0.5760304781250001 0.6325128203125 0.5985646578125 0.6332997312499999 0.6157461734375 0.6258465281250001 0.62426511875 0.6080243249999999 0.608140090625 0.6175277218749999
1 0.2696838015625 0.3922988859375 0.30277968125 0.3813748265625 0.33474885468750004 0.370411421875 0.37446136406249997 0.33153223593750003 0.39290684531250003 0.28788379062499997 0.392900478125 0.22345800312500003 0.3735996171875 0.1623850375 0.35352633437500003 0.12343138281249999 0.3226806875 0.102221240625 0.2787390390625 0.10068676406249999 0.2382509203125 0.129472371875 0.21529541874999997 0.140750540625 0.188611875 0.1941778015625 0.186010540625 0.2363662359375 0.1988320265625 0.28915974375000003 0.22925953593749998 0.3546478609375 0.24841677187500003 0.38752962812499997 0.2696838015625 0.3922988859375
0 0.6101764796875 0.5592131671875 0.589965940625 0.5564941 0.5685584703125001 0.555746534375 0.5504609078125 0.557127853125 0.5313068546874999 0.5564589796875 0.510885653125 0.559772453125 0.51271775 0.5719162250000001 0.524055059375 0.5702988328124999 0.539969425 0.5668279765625 0.553630371875 0.5632784296875 0.5671508796875 0.5637505765624999 0.59081176875 0.5645768328125 0.6101764796875 0.5592131671875
1 0.600518090625 0.44814445 0.6386857546875 0.4535038921875 0.6799526625000001 0.4670247578125 0.7148104187500001 0.47025531562499995 0.739598015625 0.4711209171875 0.74874894375 0.4352010953125 0.7672646453125 0.3895418046875 0.7781710828125 0.3033508125 0.7725311687499999 0.23872829843750001 0.7554837265625001 0.177734021875 0.7206259687500001 0.1745034640625 0.6498539671875 0.1659921546875 0.6107734406249999 0.1867737203125 0.582398240625 0.22403551406250002 0.565219909375 0.2637016125 0.5586064640624999 0.32386963125 0.542558025 0.3957879671875 0.5558710546875 0.4345055484375 0.5817853609375 0.4354104953125 0.600518090625 0.44814445
0 0.59777313125 0.46214168593749994 0.586506040625 0.46174823125 0.5706618953125 0.4632082390625 0.5502406953125 0.4665217140625 0.52784695625 0.46171310937500004 0.5064394875 0.46096554375 0.491862490625 0.45844320468750005 0.497285375 0.46467247343749996 0.5162989859375 0.4693630390625 0.5331294 0.4719640703125 0.5544666484375 0.47472248281249996 0.573761140625 0.4713696625 0.5953090515625 0.4680955359375 0.59777313125 0.46214168593749994
1 0.6334224140625 0.6365302890625 0.639049590625 0.57230123125 0.65263395 0.50633674375 0.6290401 0.47128674843749996 0.5978433515625 0.4601308390625 0.5436911015625 0.46025309999999997 0.49911428593749996 0.44460335000000006 0.47629604218750005 0.41964693437499995 0.4487603015625 0.400565675 0.43516957500000003 0.40210437499999996 0.4181285 0.40553588593749995 0.401227865625 0.404945703125 0.39172265156249997 0.4187068640625 0.3842601953125 0.438579259375 0.442711803125 0.47685981406250005 0.485038384375 0.5246437640625 0.5141987453125 0.5941142296875 0.5395608375000001 0.70774463125 0.554137834375 0.71026696875 0.6094838296875 0.6759603140625 0.6334224140625 0.6365302890625
0 0.39812861875 0.396784278125 0.3817929328125 0.41232021406249997 0.398342465625 0.42296463125 0.4162995875 0.42560500625 0.42890404687499994 0.42000526718750003 0.41714223125 0.40147484687499996 0.39812861875 0.396784278125
