0 0.4753108359375 0.34612320625000004 0.48186327812499996 0.3109340578125 0.48438018749999995 0.2850517859375 0.4768818859375 0.3063601546875 0.47513739218750006 0.326445515625 0.469930128125 0.35853237187500003 0.4660680390625 0.3875169375 0.46853252031250003 0.4179731125 0.47182185 0.386293928125 0.4753108359375 0.34612320625000004
0 0.5499530703125 0.49923942656250003 0.5403896015625 0.4731085515625 0.5158557453125 0.4614251921875 0.5181467828125 0.4722036765625 0.53692683125 0.48511004687500003 0.5497534125 0.507730959375 0.561807575 0.5361487859375 0.5731155375 0.5421943015624999 0.5616341328125001 0.5164710968749999 0.5499530703125 0.49923942656250003
0 0.695925959375 0.24290270781249998 0.6813548843749999 0.2403671546875 0.6667838109375 0.2378316015625 0.6535579125 0.2321937578125 0.6527854953125 0.2379906703125 0.659684825 0.242156903125 0.6748286578125 0.247387078125 0.6844183390625 0.24534872812500003 0.695153540625 0.248699621875 0.70915185625 0.248540553125 0.695925959375 0.24290270781249998
0 0.8236351671875 0.6551102609375 0.8082916750000001 0.6583716203125001 0.7973568156249999 0.6635122625000001 0.801565790625 0.673883078125 0.8169092828125001 0.6706217171875 0.833025190625 0.6615634453125 0.8535497328125 0.6543844546875001 0.8537493921875001 0.6458929203125 0.8422417718749999 0.648338940625 0.8236351671875 0.6551102609375
1 0.311156871875 0.5640789515625 0.355495284375 0.5180417828125 0.441308309375 0.4124943359375 0.48764329999999995 0.2815418234375 0.3965282109375 0.314990759375 0.3231948796875 0.4038037390625 0.27135816562500004 0.47114927812499996 0.311156871875 0.5640789515625
1 0.59504774375 0.2587123046875 0.5041323109375 0.28366970625 0.48647156718750006 0.3043218046875 0.481437746875 0.356086353125 0.516507146875 0.3796121390625 0.53382100625 0.31960465937500004 0.606702590625 0.30411320000000003 0.677119696875 0.2581655640625 0.59504774375 0.2587123046875
1 0.7036138609375 0.42996506874999996 0.7055842250000001 0.37321894843750003 0.7251366921875 0.380328403125 0.7737788765625 0.44884741562499997 0.793730659375 0.4389738046875 0.8165724531249999 0.4144040734375 0.7968989734374999 0.331278478125 0.76372129375 0.3355142453125 0.7230977421875 0.304719934375 0.682847290625 0.2851117796875 0.6636417109375 0.3173577046875 0.6398016265625001 0.38438510625 0.5797728359375001 0.3943282546875 0.5302795890625001 0.41611382968750005 0.527762678125 0.441996103125 0.5507254875 0.4934425125 0.5752593453125 0.5051258703125 0.612073240625 0.5085662984375 0.656185778125 0.49918988906250006 0.6970614187499999 0.46515421406249996 0.7036138609375 0.42996506874999996
1 0.5238481625 0.5273191171875 0.5130181609375 0.41978286093749995 0.4888836203125 0.39111643125 0.45951559687500004 0.422706084375 0.45562729687500003 0.47985987343750003 0.4680545609375 0.51946385625 0.49104358281250005 0.542741040625 0.5238481625 0.5273191171875
1 0.7961265562500001 0.3370753890625 0.7825799859375 0.263912940625 0.7780241250000001 0.21418674218749997 0.737574015625 0.2030701234375 0.7097508312499999 0.22306594999999999 0.710297375 0.25392979531250004 0.7961265562500001 0.3370753890625
1 0.6007814359375 0.6912138234375 0.5155935984375 0.7431174390625 0.43501405000000004 0.7884088031250001 0.44873406562499996 0.88124894375 0.60926796875 0.8443100453125 0.7686301390625 0.8301511265625001 0.7900057421875 0.732667546875 0.6007814359375 0.6912138234375
