0 0.4518716578125 0.63504823125 0.44919786093749997 0.6430868171874999 0.4518716578125 0.6463022515625 0.4563279859375 0.638263665625 0.46345811093749995 0.6334405140625 0.4705882359375 0.631832796875 0.47682709375 0.6286173640625 0.48573975 0.6237942125 0.490196078125 0.6221864953125 0.495543671875 0.6125401921875 0.5 0.602893890625 0.5035650625 0.5948553046875 0.507130125 0.591639871875 0.51604278125 0.585209003125 0.520499109375 0.57717041875 0.5106951875 0.57717041875 0.50178253125 0.5836012859374999 0.491978609375 0.591639871875 0.48484848437499994 0.5948553046875 0.47682709375 0.6012861734375 0.4732620328125 0.6045016078125001 0.4643493765625 0.609324759375 0.46345811093749995 0.61736334375 0.4598930484375 0.6254019296875 0.45543672031250004 0.6302250796875 0.4518716578125 0.63504823125
0 0.589126559375 0.7106109328125 0.5935828875 0.715434084375 0.59893048125 0.72347266875 0.603386809375 0.7170418 0.606951871875 0.7250803859375 0.610516934375 0.7218649515625 0.6176470593750001 0.71221865 0.621212121875 0.70578778125 0.6265597140625 0.6961414796875001 0.6310160421875 0.691318328125 0.6363636359375 0.681672025 0.6408199640625 0.684887459375 0.6417112296874999 0.676848875 0.6417112296874999 0.6655948546875 0.6399286984375 0.6575562703125 0.6381461671875 0.6479099671874999 0.6354723703125 0.638263665625 0.6292335109375 0.627009646875 0.6256684484374999 0.6189710609375 0.6221033874999999 0.6302250796875 0.61675579375 0.6430868171874999 0.614081996875 0.65273311875 0.6114082 0.662379421875 0.605169340625 0.6720257234375 0.599821746875 0.680064309375 0.59714795 0.6832797421875 0.5909090906250001 0.691318328125 0.589126559375 0.6897106109375 0.590017825 0.6832797421875 0.59180035625 0.6720257234375 0.592691621875 0.6575562703125 0.5935828875 0.65273311875 0.5935828875 0.6398713828125 0.5953654187499999 0.6286173640625 0.59893048125 0.614147909375 0.596256684375 0.606109325 0.58823529375 0.6077170421875 0.58110516875 0.614147909375 0.5748663109375001 0.620578778125 0.5686274515624999 0.627009646875 0.5650623890625 0.631832796875 0.5597147953125 0.638263665625 0.5579322640625 0.6430868171874999 0.5516934046874999 0.6575562703125 0.5561497328125 0.6639871375 0.5614973265625001 0.67041800625 0.5659536546874999 0.680064309375 0.5659536546874999 0.6864951765625 0.5668449203125 0.6961414796875001 0.5650623890625 0.7041800640625 0.5632798578125 0.715434084375 0.5614973265625001 0.72347266875 0.5641711234375 0.7315112546875 0.5659536546874999 0.744372990625 0.5677361859375 0.7508038578125 0.5686274515624999 0.7572347265625 0.5704099828125 0.762057878125 0.5748663109375001 0.7636655953125 0.575757575 0.7572347265625 0.5739750453125 0.752411575 0.5739750453125 0.7427652734375 0.5739750453125 0.7315112546875 0.5775401062500001 0.7250803859375 0.580213903125 0.7282958203125001 0.583778965625 0.7218649515625 0.589126559375 0.7106109328125
0 0.507130125 0.5305466234375 0.50534759375 0.532154340625 0.506238859375 0.535369775 0.507130125 0.538585209375 0.509803921875 0.5401929265625001 0.511586453125 0.538585209375 0.513368984375 0.5369774921875 0.5151515156250001 0.535369775 0.5178253125000001 0.5337620578125 0.521390375 0.5305466234375 0.52317290625 0.5273311890625 0.520499109375 0.5273311890625 0.516934046875 0.52893890625 0.513368984375 0.5305466234375 0.5106951875 0.532154340625 0.5089126562499999 0.532154340625 0.507130125 0.5305466234375
0 0.612299465625 0.42443729843750005 0.614081996875 0.42282958125 0.614081996875 0.41961414843749995 0.610516934375 0.41961414843749995 0.60962566875 0.421221865625 0.610516934375 0.42443729843750005 0.612299465625 0.42443729843750005
0 0.5258467015625 0.561093246875 0.5276292328125 0.56430868125 0.5303030296875 0.5659163984375 0.5311942953125001 0.5627009640625 0.5285204984375 0.5578778140625 0.52317290625 0.5530546625 0.5222816406249999 0.556270096875 0.5258467015625 0.561093246875
0 0.4340463453125 0.67041800625 0.4376114078125 0.6688102890625001 0.4438502671875 0.667202571875 0.44919786093749997 0.6639871375 0.4536541890625 0.6607717046875 0.4518716578125 0.6575562703125 0.44741532968750003 0.6575562703125 0.4393939390625 0.662379421875 0.43137254843750006 0.667202571875 0.42869875156250004 0.67041800625 0.4340463453125 0.67041800625
0 0.377005346875 0.6945337625 0.38057040937500003 0.6929260453125 0.38413547187499997 0.6929260453125 0.38680926875 0.6929260453125 0.39037433125 0.691318328125 0.3921568625 0.6897106109375 0.3921568625 0.6864951765625 0.39037433125 0.6864951765625 0.387700534375 0.6864951765625 0.38413547187499997 0.68810289375 0.38057040937500003 0.6897106109375 0.37611408125 0.691318328125 0.377005346875 0.6945337625
0 0.281639928125 0.9067524109375 0.285204990625 0.9099678453125 0.2878787875 0.9115755625 0.28966131875 0.9099678453125 0.29144385 0.9067524109375 0.28877005312500004 0.9035369781249999 0.28609625625 0.90032154375 0.28253119375 0.90032154375 0.27896613124999997 0.90032154375 0.27896613124999997 0.9051446953125 0.281639928125 0.9067524109375
0 0.5704099828125 0.914790996875 0.5721925140625 0.9067524109375 0.5730837796875 0.897106109375 0.5721925140625 0.890675240625 0.5686274515624999 0.8954983921874999 0.5677361859375 0.9051446953125 0.5668449203125 0.914790996875 0.5704099828125 0.914790996875
0 0.5303030296875 0.8729903531250001 0.5338680921875001 0.8649517687499999 0.5320855609375 0.861736334375 0.5294117640625 0.861736334375 0.5267379671875 0.8665594859375 0.5276292328125 0.8713826359375 0.5303030296875 0.8729903531250001
