0 0.3597261359375 0.5753996953125 0.3666324453125 0.5874638203125 0.3735387515625 0.599527946875 0.3838545296875 0.6184577140624999 0.389420478125 0.6321233359375 0.400784721875 0.63104716875 0.3977247421875 0.6175128812499999 0.39207142031250003 0.6055144218749999 0.385077740625 0.5951174578125 0.374499846875 0.5811891734375 0.359988253125 0.5703982125 0.3597261359375 0.5753996953125
0 0.5215418796875 0.796191096875 0.50177618125 0.784050090625 0.5462818781250001 0.8275789890624999 0.5691275109375 0.8471654187500001 0.5922352578125001 0.8617503671875 0.613069378125 0.8477965749999999 0.60024763125 0.8287354734375001 0.615428428125 0.8027832234375 0.597974003125 0.8001967343749999 0.5719531953125 0.817222184375 0.53981243125 0.8071790578125 0.5215418796875 0.796191096875
0 0.622860921875 0.876729309375 0.6325353171875 0.8839232828125001 0.6438995609375 0.88284711875 0.6491736203125 0.8781083000000001 0.6594596203124999 0.8736321468750001 0.650688721875 0.8731724828124999 0.6355655234375 0.87405165 0.622860921875 0.876729309375
0 0.286556559375 0.5331150171875 0.291131640625 0.5417134875 0.2985621828125 0.543774646875 0.3074204546875 0.542567146875 0.315025740625 0.541293984375 0.323796640625 0.5417536468749999 0.3361517515625 0.5457446312500001 0.34197981718750003 0.55440876875 0.3561419234375 0.571868375 0.3713822703125 0.59272796875 0.3828636609375 0.6133905656249999 0.390673465625 0.6321890015625 0.400784721875 0.63104716875 0.3999685984375 0.622645696875 0.3813187828125 0.594920459375 0.36625318125 0.57072654375 0.34725387812499997 0.54966995 0.336675984375 0.5357416640625 0.3149959671875 0.5178880609375 0.2991440140625 0.5086985953125 0.2894993921875 0.52491054375 0.286556559375 0.5331150171875
0 0.6628671374999999 0.8086128609375001 0.653017996875 0.8047532093750001 0.6364670671875 0.8089010312499999 0.6501625375 0.8112905203125 0.6549123625 0.8165546703125001 0.6533972609375 0.8214904875 0.6580597140625 0.8284217953124999 0.66307165625 0.828684459375 0.6838184046875 0.8163978296875 0.680059446875 0.81620083125 0.66467413125 0.8220814828125 0.6613520359375 0.813548678125 0.6628671374999999 0.8086128609375001
0 0.5943024171875 0.798332575 0.5865223875 0.8029400609374999 0.5889409859375 0.80473855625 0.6117568437500001 0.8009190625 0.614437559375 0.7977160734375001 0.6058414046875 0.7939220890625001 0.5959922640624999 0.7900624359374999 0.58311291875 0.7960744171874999 0.5856188906249999 0.79620575 0.5943024171875 0.798332575
0 0.52984614375 0.7815806453125 0.5294966546875 0.7882492890624999 0.5339843640625 0.7985149203125 0.5334601296875 0.8085178875000001 0.5432218984375 0.8140447 0.5475050890625 0.8042387328125 0.546863709375 0.7925029375 0.5475626859375 0.7791656484375 0.54316235 0.7672328562499999 0.535469690625 0.77017318125 0.52984614375 0.7815806453125
0 0.54788045 0.677206153125 0.5557478515625001 0.67093150625 0.5469769531249999 0.6704718421875 0.54788045 0.677206153125
0 0.6131845734375 0.79765040625 0.6083473749999999 0.7940534203125 0.5891157312499999 0.8014042328125001 0.58591078125 0.814610190625 0.5731188078125 0.8189550109375 0.566242275 0.8302968078124999 0.565455925 0.845301259375 0.5899914046875 0.85661755 0.5964310765625 0.8536115578125001 0.6018798796875 0.8455384171875 0.6087564140625 0.8341966218750001 0.6105336328125001 0.82425931875 0.6138259546875 0.8093862015625 0.6131845734375 0.79765040625
0 0.7010107140625 0.8239858015625 0.6931433109375 0.8302604484374999 0.6800892234375 0.8396067546875001 0.6635382921875 0.8437545765625 0.649318590625 0.8513680546875 0.6365266171874999 0.8557128765625001 0.642529428125 0.8610426921875 0.6579147453124999 0.855162040625 0.6768842734375 0.8528127109374999 0.6922695890624999 0.8469320625 0.706751409375 0.8343171 0.7099563578125 0.8211111437499999 0.7010107140625 0.8239858015625
0 0.583198340625 0.722522328125 0.5810418578125 0.715722353125 0.5739608046875 0.70699255 0.5685120015625 0.715065690625 0.578011653125 0.7255939859375 0.583198340625 0.722522328125
0 0.6482979453125 0.8228949828125 0.65555374375 0.8282904625 0.664412015625 0.8270829656249999 0.6745232718749999 0.8259411343749999 0.682478046875 0.8179993265625001 0.676300490625 0.8160038328124999 0.6650236203125 0.8154128375 0.6482979453125 0.8228949828125
0 0.439686825 0.6798946671875 0.44059032187499997 0.6866289765625 0.5349137328125 0.684885296875 0.5340976078125 0.676483825 0.439686825 0.6798946671875
0 0.512594284375 0.7271808265625 0.507232853125 0.7335868078125001 0.511982678125 0.7388509562500001 0.5196753375000001 0.7359106296875 0.5322925656249999 0.7349001312500001 0.5403347125 0.7252911625 0.5290578421875 0.7247001671875 0.5214525562500001 0.7259733296875 0.512594284375 0.7271808265625
0 0.64354616875 0.74574590625 0.6429921609375 0.7323429515625001 0.644040628125 0.7123370171875 0.6296164046875 0.69987889375 0.626294309375 0.691346090625 0.6194753734375 0.6776148046875 0.612948328125 0.6822879562499999 0.6125114671875 0.6906237625 0.60849039375 0.6954282468749999 0.6158633375 0.7225624890625 0.61732084375 0.7426997546874999 0.6272573546875 0.7448922453125 0.64354616875 0.74574590625
0 0.8428860765625 0.7060406640625 0.8457415359375 0.6995033515625 0.8368832640624999 0.70071085 0.828928490625 0.708652659375 0.8224888171875 0.7116586500000001 0.8095221 0.7193377937500001 0.8016546968749999 0.725612440625 0.79262168125 0.7301542609375 0.7846669078125 0.7380960703125 0.7769742500000001 0.74103639375 0.7666008765625001 0.747179709375 0.7535467859375 0.7565260140625 0.7624924296875 0.75365135625 0.77277843125 0.7491752015625 0.796118521875 0.73535274375 0.810338225 0.727739265625 0.8207115984375 0.72159595 0.8337656890625 0.7122496453125 0.8428860765625 0.7060406640625
