0 0.4965409625 0.39981825312499997 0.50033131875 0.399950615625 0.5042389843749999 0.3967236796875 0.5032101515625 0.389960965625 0.495688090625 0.38801659375 0.4941900203125 0.394691065625 0.4965409625 0.39981825312499997
0 0.43111251875 0.49843524375000003 0.4299077203125 0.496711475 0.427380815625 0.496623234375 0.4260587078125 0.4982587609375 0.42594139843749995 0.5016180593749999 0.42840965000000003 0.5033859484375001 0.429673103125 0.50343006875 0.43093655468750003 0.503474190625 0.43346345937499997 0.50356243125 0.43358076875 0.500203134375 0.43111251875 0.49843524375000003
0 0.43210964687500003 0.469881221875 0.4320509921875 0.47156086875 0.4345192421875 0.473328759375 0.43704614687500004 0.473417 0.43716345624999997 0.47005770468749997 0.4359586578125 0.4683339359375 0.433431753125 0.46824569374999997 0.43210964687500003 0.469881221875
0 0.4554113875 0.490875296875 0.45661618437499996 0.492599065625 0.45787963749999994 0.49264318593749995 0.4592603984375 0.48932801093749995 0.45811425625 0.4859245921875 0.45685080312500004 0.485880471875 0.45552869687499997 0.48751599843750004 0.4554113875 0.490875296875
0 0.310263378125 0.5177588546874999 0.3100874140625 0.5227977984375001 0.311174903125 0.5278808640625 0.31111624843749996 0.5295605125 0.31226239218749996 0.5329639312500001 0.3122037375 0.5346435796875 0.3133498796875 0.538046996875 0.31455467812500004 0.5397707656249999 0.3170815828125 0.5398590078125001 0.3172575453125 0.5348200624999999 0.317433509375 0.529781115625 0.3174921640625 0.52810146875 0.3187556171875 0.5281455890625 0.319048890625 0.519747346875 0.3191662 0.51638805 0.32048830625 0.514752521875 0.320605615625 0.5113932265625001 0.3194594734375 0.5079898078125 0.319518128125 0.506310159375 0.31837198437500003 0.5029067406250001 0.3171671859375 0.5011829718749999 0.313318175 0.5027302578125 0.3119374125 0.5060454359375 0.30814705625 0.5059130734374999 0.3067662953125 0.5092282484374999 0.30797109218749996 0.5109520187500001 0.3091758890625 0.5126757875 0.3103220328125 0.5160792046875 0.310263378125 0.5177588546874999
0 0.373883040625 0.6158372140624999 0.3737070765625 0.6208761593750001 0.3762926359375 0.619284753125 0.3764099453125 0.6159254546875 0.373883040625 0.6158372140624999
0 0.4571123703125 0.44216549218749995 0.45717102499999995 0.4404858421875 0.45596622656249997 0.4387620734375 0.4534393234375 0.43867383125000003 0.44970761875000004 0.436861821875 0.44597591718749996 0.43504981093749995 0.443566321875 0.431602271875 0.44103941874999997 0.43151403125 0.44092210937500004 0.434873328125 0.44212690625000006 0.43659709687500003 0.445799953125 0.44008875625000005 0.44953165625 0.4419007671875 0.45332201406249995 0.4420331296875 0.4571123703125 0.44216549218749995
0 0.3549629609375 0.650492140625 0.35490430625 0.652171790625 0.3548456515625 0.6538514375 0.3561091046875 0.653895559375 0.3561677578125 0.6522159109375 0.3574312109375 0.65226003125 0.35748986562499996 0.65058038125 0.3562264125 0.6505362609375 0.3549629609375 0.650492140625
0 0.36173519062500004 0.42033618281249996 0.3616765359375 0.42201583125 0.36293998906249997 0.4220599515625 0.36299864375 0.42038030312499997 0.3630572984375 0.41870065624999997 0.3617938453125 0.418656534375 0.36173519062500004 0.42033618281249996
0 0.444072021875 0.525794946875 0.44786237812499996 0.525927309375 0.44803834218749994 0.5208883640625 0.4443066390625 0.519076353125 0.44166242499999997 0.522347409375 0.44280856875 0.5257508265624999 0.444072021875 0.525794946875
0 0.43575574531249994 0.5103692671875 0.43834130625 0.5087778593750001 0.43713650625 0.5070540890624999 0.43466825625 0.5052862 0.43208269687499995 0.50687760625 0.433228840625 0.510281025 0.43575574531249994 0.5103692671875
0 0.42794041250000003 0.5168231359375 0.42799906718749997 0.5151434874999999 0.42679427031249995 0.5134197171875 0.424267365625 0.5133314765625 0.4229452578125 0.5149670046875 0.42415005624999996 0.5166907734375 0.42794041250000003 0.5168231359375
0 0.531159875 0.4952021875 0.5349502312500001 0.49533455000000004 0.537535790625 0.49374314375 0.5351261953125 0.49029560468750005 0.530072384375 0.490119121875 0.527428171875 0.493390178125 0.531159875 0.4952021875
0 0.374591653125 0.6679945578125001 0.374357034375 0.6747131515625 0.3782060453125 0.6731658656249999 0.3783233546875 0.6698065671875 0.374591653125 0.6679945578125001
0 0.35943022343750003 0.6674651078125 0.3606936765625 0.6675092296875 0.3620157828125 0.6658737015625 0.3608109859375 0.66414993125 0.3595475328125 0.6641058109375 0.3582254265625 0.6657413390625 0.35943022343750003 0.6674651078125
0 0.3268420296875 0.6226029890625 0.32936893437500003 0.6226912296875 0.32948624375 0.619331934375 0.3296622078125 0.6142929875 0.3271939578125 0.6125250984374999 0.3257545421875 0.6175199234375001 0.3268420296875 0.6226029890625
1 0.257171428125 0.55290216875 0.2577310265625 0.573102071875 0.25829062343750003 0.5933019734375 0.273158778125 0.602229665625 0.273628015625 0.5887924765625 0.276064559375 0.555243628125 0.2768270703125 0.5334081984375 0.274769403125 0.5198827703125 0.27282904375 0.5029980453125 0.2721521375 0.4861574390625 0.270270434375 0.4675930640625 0.26947621875 0.45411175625 0.2697108359375 0.44739316249999994 0.2698281453125 0.44403386562499997 0.2618955046875 0.45384703125000003 0.257694565625 0.46547220781250004 0.25957626875 0.4840365828125 0.254053221875 0.4972972875 0.2535839859375 0.510734475 0.25690510624999996 0.524304025 0.260343534375 0.5345142765625 0.257171428125 0.55290216875
1 0.3111701453125 0.45556773906250003 0.2999750390625 0.450131709375 0.28975011093749997 0.45313803906250005 0.30585476875 0.49910623750000005 0.3096768328125 0.5345553375 0.3147306421875 0.5347318203125 0.31796140156249997 0.51466428125 0.318547946875 0.49786779687499993 0.31810566093750003 0.474308596875 0.3111701453125 0.45556773906250003
0 0.41399329375000005 0.66264370625 0.42060382812499997 0.6544660671875 0.3864224484375 0.51032820625 0.380371509375 0.5387057468750001 0.3834580125 0.5589938906249999 0.3873387296875 0.5927633421875 0.3951271125 0.623305859375 0.4041789484375 0.6538924984375 0.41399329375000005 0.66264370625
0 0.368959221875 0.358365671875 0.36860729375 0.3684435640625 0.3658457703125 0.375073915625 0.36417173593749996 0.386787334375 0.360615996875 0.3799363796875 0.3584410203125 0.36977024531249997 0.357470840625 0.3613278828125 0.3579131296875 0.38488708125 0.35732658281249996 0.4016835671875 0.355241965625 0.42515452500000006 0.362204428125 0.40689899531249996 0.367844784375 0.39027899375 0.3708995796875 0.3752503984375 0.3726909234375 0.36017768437500003 0.3706919109375 0.34497260625 0.36972173124999996 0.3365302421875 0.366901553125 0.34484024375 0.368959221875 0.358365671875
