1 0.791597646875 0.790744765625 0.8066083765625001 0.742456984375 0.802742321875 0.640157059375 0.775615365625 0.5639045390625 0.7550714375 0.5791506234375 0.7133380265625 0.6179028671875 0.673048234375 0.646171271875 0.6396182546875 0.6585558625 0.607174359375 0.6423476609375001 0.571591459375 0.586426475 0.4822686640625 0.6350193046875 0.44691977656250004 0.6559814609375 0.42048436718750004 0.6747212359375 0.42457394531250003 0.7182467765625 0.4457916671875 0.8141956625000001 0.47867534687499996 0.8647154953125 0.5190466359375 0.9072941140624999 0.6258203515625 0.9069945921875 0.728674753125 0.8530031734374999 0.791597646875 0.790744765625
1 0.7457359296875 0.5308586953125001 0.7309309703125 0.5365747671875 0.71327428125 0.5308531703125 0.666114190625 0.439347659375 0.653738934375 0.40598709531250005 0.6613968109374999 0.3878795234375 0.64216174375 0.370402771875 0.64037759375 0.40121932656250003 0.637947890625 0.44029596406250004 0.6208302359375 0.523530340625 0.615719065625 0.5410029484375001 0.6023399734375 0.5524378546875 0.5862439078125 0.5746740859374999 0.57398565625 0.5797551921874999 0.6060712703125 0.6324987859375 0.62308240625 0.6464804640625 0.6499753515625 0.64584964375 0.6827775296875 0.6255224546875 0.7280082265625001 0.5899478015625 0.7559050078125 0.544521509375 0.7457359296875 0.5308586953125001
0 0.49968407656249997 0.7157179671875 0.48138183124999995 0.718256446875 0.4676799625 0.73382139375 0.46019235 0.741762609375 0.47879961875 0.751296765625 0.5174577734375 0.759881234375 0.5421267875 0.7557553390625 0.5422970515625 0.74558898125 0.533248815625 0.7255723671875 0.528020640625 0.7046033046875 0.49968407656249997 0.7157179671875
0 0.468290009375 0.7579666656249999 0.4693930984375 0.767815540625 0.479257153125 0.7694057187500001 0.49691384375 0.7751273171874999 0.5001061046874999 0.766232271875 0.486744765625 0.7614645046875 0.47465677968750003 0.7563792515625 0.468290009375 0.7579666656249999
0 0.5053342796875 0.7872013359375 0.49069958593749996 0.78275105 0.469222834375 0.7779818984375 0.4510908546875 0.770354021875 0.4534672984375 0.7798854140625 0.46523250625 0.7891007046875 0.4812930671875 0.7992698265625 0.4965733140625 0.7954600328125 0.513907228125 0.805311671875 0.5140774921875 0.7951453140625 0.5053342796875 0.7872013359375
0 0.5150353375 0.64709746875 0.5096191453125 0.6524974390625 0.5119955875 0.66202883125 0.5205685359375 0.6801391671875 0.5256619515625001 0.6788692359375 0.52440635 0.6629840437500001 0.5349159593749999 0.6563141406249999 0.5269708109375 0.6461464015625 0.5150353375 0.64709746875
0 0.5730560515625001 0.8472580859375001 0.562716709375 0.8437616312499999 0.542190534375 0.8428050375 0.52563693125 0.8469323140625 0.5140242328125 0.8437533421875001 0.5025640484375 0.8466106859375 0.51003390625 0.8548721484374999 0.5229199578125 0.8577336375 0.5311878828125 0.8637713375 0.545670065625 0.8621853046875 0.5593541828124999 0.862823034375 0.572087721875 0.8596482062499999 0.5730560515625001 0.8472580859375001
0 0.6467580703125 0.8228077656250001 0.6598143875 0.8155028968750001 0.6762154765624999 0.805339303125 0.6873706390625001 0.790409321875 0.7150794015625 0.771352065625 0.7101740046875 0.7462529625000001 0.7108195578125 0.7379928828125 0.6895130703125 0.723057375 0.66499656875 0.7332195875 0.6301407234374999 0.7398853453124999 0.6158110531250001 0.74750769375 0.6114979484374999 0.762756540625 0.5974910546875 0.7662488515625 0.6017686515625 0.7834053578125 0.5995269671875 0.796112959375 0.595536640625 0.807231765625 0.6030065 0.8154932265625 0.6136508671875001 0.8310623187499999 0.63083226875 0.8348776390625 0.6467580703125 0.8228077656250001
0 0.5379484421875 0.7932431796875 0.5535337140625 0.8015060234375 0.561971903125 0.7973773640624999 0.5696120265625 0.7954724671875 0.564688875 0.786576040625 0.5532286890625 0.7894333859375 0.54591134375 0.78720824375 0.5379484421875 0.7932431796875
0 0.5583858515625 0.875213153125 0.5426303156250001 0.8771166687499999 0.543258115625 0.8850592640625001 0.55661945625 0.8898270328125 0.576347565625 0.8930073875 0.5865343984375 0.890467525 0.5922733671875 0.8809375156250001 0.577163384375 0.87458095 0.5583858515625 0.875213153125
0 0.59867564375 0.8469447499999999 0.5902197015625 0.8672760828125 0.597689559375 0.8755375437499999 0.6156690265625 0.8771291031249999 0.63239289375 0.86283546875 0.632885934375 0.8485390703125001 0.623514921875 0.832652496875 0.6079118968749999 0.8405923296875001 0.59867564375 0.8469447499999999
0 0.558886159375 0.709056353125 0.5461526203125 0.71223118125 0.5490043515624999 0.723668853125 0.5606170500000001 0.726847825 0.5644371109375 0.7258953765625 0.57447143125 0.717319196875 0.5754397609375 0.7049290765625 0.566221259375 0.6950788203125 0.558886159375 0.709056353125
0 0.5992114578125001 0.6483825984375 0.5976330812499999 0.63662744375 0.5927099296875 0.6277310171875 0.5890601328125 0.6185171078125 0.569977575 0.6070766734374999 0.5575668125 0.6061214640625 0.5403676578125001 0.61850881875 0.5322344921875 0.6347101125 0.5268183 0.640110084375 0.5342881578124999 0.64837154375 0.5506714953125 0.6544106249999999 0.578667528125 0.66362868125 0.5837609453125 0.66235875 0.5937952656250001 0.6537825671874999 0.5992114578125001 0.6483825984375
0 0.5780324625000001 0.8075464859375 0.57198846875 0.805003859375 0.5638730578125 0.805002478125 0.54779474375 0.8110360328124999 0.5374376468750001 0.8237422531249999 0.5402893796875 0.8351799234374999 0.55317543125 0.8380414140625 0.5706796093750001 0.83772669375 0.5835656609375001 0.840588184375 0.5867579218750001 0.8316931390625 0.5780324625000001 0.8075464859375
0 0.5718892171875 0.7503595140625 0.5653699359375 0.7459106109375 0.54419820625 0.7532140953125 0.5247751203125001 0.762106378125 0.519511440625 0.7735426671875001 0.5328727796875 0.778310434375 0.549256115625 0.784349515625 0.5616668796875001 0.7853047281250001 0.5764718375 0.77958865625 0.5769648796875 0.765292259375 0.5718892171875 0.7503595140625
