0 0.6301587296875 0.6981132078125001 0.6253968249999999 0.6813417187499999 0.6111111109375 0.66457023125 0.5873015875 0.6477987421875 0.5698412703125 0.6394129984375 0.5492063484374999 0.6331236890625 0.5301587296875 0.6247379453125 0.5126984125 0.6058700203125 0.46666666718750005 0.5890985328125 0.46666666718750005 0.595387840625 0.496825396875 0.60796645625 0.5079365078125 0.6142557656250001 0.5206349203125 0.62683438125 0.5365079359375 0.6394129984375 0.552380953125 0.641509434375 0.56825396875 0.65408805 0.5952380953125 0.658280921875 0.6174603171874999 0.6834381546875 0.622222221875 0.7002096437499999 0.6174603171874999 0.7253668765625 0.6111111109375 0.7400419281249999 0.61904761875 0.7400419281249999 0.6238095234375 0.7274633125000001 0.6301587296875 0.6981132078125001
0 0.503174603125 0.7337526203125 0.4873015875 0.7463312375 0.477777778125 0.7484276734375 0.4698412703125 0.7442348015625 0.465079365625 0.7106918234374999 0.46031746093750003 0.6939203359375 0.4539682546875 0.696016771875 0.465079365625 0.7568134171875001 0.48095238125 0.7568134171875001 0.49047619062500003 0.7568134171875001 0.5079365078125 0.7484276734375 0.515873015625 0.7421383640625 0.522222221875 0.7337526203125 0.5238095234375 0.7211740046874999 0.5206349203125 0.712788259375 0.5174603171875 0.7023060796875 0.4888888890625 0.6897274640625 0.50634920625 0.7002096437499999 0.5142857140625 0.7085953875000001 0.5126984125 0.7253668765625 0.503174603125 0.7337526203125
0 0.43492063437499995 0.540880503125 0.425396825 0.52620545 0.4079365078125 0.540880503125 0.41111111093749997 0.5471698109375 0.4238095234375 0.532494759375 0.43333333281249997 0.549266246875 0.4365079359375 0.55345911875 0.43492063437499995 0.540880503125
0 0.5873015875 0.50104821875 0.6126984125 0.48218029375000004 0.603174603125 0.49475890937500006 0.6047619046875 0.49895178125 0.61904761875 0.477987421875 0.6079365078125 0.46540880468749996 0.59365079375 0.4842767296875 0.6079365078125 0.47589098593749996 0.5873015875 0.50104821875
0 0.577777778125 0.47169811250000004 0.56825396875 0.4926624734375 0.58095238125 0.47589098593749996 0.5730158734375 0.49475890937500006 0.5888888890625 0.48218029375000004 0.596825396875 0.47379455000000004 0.5873015875 0.4612159328125 0.5714285718750001 0.46331236875000004 0.5730158734375 0.4696016765625 0.577777778125 0.47169811250000004
1 0.547619046875 0.47169811250000004 0.48095238125 0.46540880468749996 0.49365079375 0.4968553453125 0.5714285718750001 0.505241090625 0.547619046875 0.47169811250000004
0 0.7111111109375 0.4381551359375 0.7047619046875 0.44654088124999997 0.7079365078125 0.45283018906250005 0.7126984125 0.44234800781250005 0.7174603171875 0.44234800781250005 0.722222221875 0.440251571875 0.7111111109375 0.4381551359375
0 0.8238095234375 0.5974842765624999 0.828571428125 0.6037735843750001 0.8365079359375001 0.6142557656250001 0.8380952374999999 0.6205450734375 0.8444444437499999 0.6163522015625 0.841269840625 0.61006289375 0.8206349203125001 0.5932914046875 0.815873015625 0.6037735843750001 0.8238095234375 0.5974842765624999
0 0.577777778125 0.7505241093749999 0.5873015875 0.7463312375 0.5952380953125 0.7421383640625 0.5952380953125 0.73584905625 0.596825396875 0.7274633125000001 0.6 0.7169811328125 0.6 0.7106918234374999 0.59365079375 0.7002096437499999 0.5761904765625 0.6876310265625001 0.577777778125 0.6981132078125001 0.5793650796875001 0.7064989515625 0.58095238125 0.7169811328125 0.5793650796875001 0.7379454921875 0.577777778125 0.7505241093749999
0 0.41111111093749997 0.5786163515625 0.4126984125 0.5849056609375001 0.425396825 0.5932914046875 0.43174603125 0.59119496875 0.428571428125 0.5890985328125 0.43015872968749996 0.59119496875 0.41111111093749997 0.5786163515625
0 0.6476190468749999 0.46540880468749996 0.6428571421875 0.467505240625 0.6269841265625 0.47589098593749996 0.6174603171874999 0.477987421875 0.6142857140625 0.486373165625 0.6365079359375 0.47379455000000004 0.6396825390624999 0.47379455000000004 0.6460317453125 0.4696016765625 0.6476190468749999 0.46540880468749996
