0 0.80425473125 0.408100096875 0.7964402703125 0.4100484609375 0.7874329828125 0.41830948437500004 0.772854971875 0.4319696140625 0.764789015625 0.4440061078125 0.7697471625000001 0.452795328125 0.7779227046875 0.44674676562500004 0.7887030671875 0.44004875 0.8094320484375 0.42886518125000006 0.8174980046875 0.41682868749999996 0.8040032359374999 0.418188225 0.80425473125 0.408100096875
0 0.8086775640624999 0.4591295671875 0.8141387 0.44774252812500004 0.7967367000000001 0.45007625000000007 0.7917462296875 0.463351021875 0.7835706874999999 0.46939958437499996 0.7775293 0.47291095624999996 0.7659171921875 0.481821434375 0.767438771875 0.49347257187500004 0.7654142015625001 0.5019976921875 0.7696501875 0.5189873078125 0.7799598859375 0.5104015546875 0.786723434375 0.498689790625 0.7999990312499999 0.4853543875 0.8002505265625001 0.47526625781250004 0.8086775640624999 0.4591295671875
0 0.68174379375 0.5769963609375 0.6747934015625 0.55466826875 0.66795259375 0.538328109375 0.6537356640625 0.54788804375 0.6433163828125 0.5504858625 0.6444768828125 0.566237196875 0.6509566109375 0.586677553125 0.65436085 0.6058796281250001 0.6649993046875 0.615257675 0.6665532093750001 0.6048448171875 0.6802994734375 0.59339715 0.68174379375 0.5769963609375
0 0.6408857953125 0.5129952624999999 0.6336515828125 0.52281929375 0.6390803953125 0.5334962484375 0.6468948578125 0.531547884375 0.6616920375 0.52986361875 0.6653800984375 0.516913571875 0.6586488765625 0.50656134375 0.65000266875 0.5107221703125 0.6408857953125 0.5129952624999999
0 0.6349989296875 0.5726104859375 0.6431744734375 0.566561925 0.633006684375 0.5590716140625 0.623058065625 0.5635571671874999 0.628486878125 0.574234121875 0.6349989296875 0.5726104859375
0 0.6445541421875001 0.5942891218749999 0.633303115625 0.5990994015625 0.6239347468750001 0.6114606234375 0.632077965625 0.6274760546875 0.6409433421874999 0.63529109375 0.6519428765625 0.6405689406249999 0.6552698578125 0.6317190921875 0.64629489375 0.617916121875 0.6486805453125 0.605290803125 0.6445541421875001 0.5942891218749999
0 0.6049985546875 0.529963296875 0.61281301875 0.52801493125 0.62240055625 0.527629575 0.619576565625 0.516303165625 0.6099890265625 0.5166885234375 0.60311589375 0.52241235625 0.6049985546875 0.529963296875
0 0.54671884375 0.562539825 0.5490721703125 0.5719784984375 0.5617351937499999 0.5728314218749999 0.5708520671875 0.5705583296875 0.57370838125 0.559820746875 0.57135505625 0.550382071875 0.558911203125 0.5615050125 0.54671884375 0.562539825
0 0.44148060781250004 0.817358340625 0.45544604218750007 0.8178865375000001 0.46373116875 0.8178259078125001 0.463512 0.8058500437499999 0.46376349375 0.7957619140625 0.462712578125 0.7859985125 0.46462756406250005 0.7714854578125 0.47457618124999995 0.7669999046875 0.483802640625 0.7707147453125 0.48535654531250005 0.7603018890625 0.485137375 0.748326025 0.46690362968750004 0.7528722078125 0.452577115625 0.756444209375 0.45243520468750004 0.7725202703125 0.45323462656249996 0.7923718 0.44777349062500005 0.8037588390625 0.4404296921875 0.8075949375 0.429900825 0.804204825 0.43225415156249997 0.8136435000000001 0.44148060781250004 0.817358340625
0 0.47968884999999994 0.8318929734375 0.48620090156250007 0.8302693375000001 0.48319006406250004 0.7849030703125 0.4763169328125 0.79062690625 0.4800822546875 0.8057287843750001 0.47936009375 0.813929178125 0.47994034531249996 0.8218048453125 0.4660844953125 0.82726458125 0.4658330015625 0.8373527109375001 0.47281571875 0.8376168078124999 0.47968884999999994 0.8318929734375
0 0.41304675 0.83647820625 0.4004933109375 0.841613215625 0.3878302890625 0.8407602921875 0.37835233437500004 0.8471335812499999 0.386747046875 0.8530608828125 0.4029562234375 0.857039821875 0.41692165625 0.8575680171875 0.409326365625 0.8714922453125 0.42376246406250007 0.8739081765625001 0.4381985640625 0.8763241078125 0.45654189375 0.8777658562499999 0.4664905109375 0.873280303125 0.4698174921875 0.864430453125 0.47006898750000004 0.8543423234375 0.46948873750000003 0.8464666578125 0.4648916703125 0.8335772406249999 0.45555562812500006 0.8238744671875 0.4518675671875 0.8368245140624999 0.44665792499999996 0.8381234234375 0.43717997343750004 0.8444967125 0.429255925 0.8404571453124999 0.4208612125 0.8345298421875 0.41304675 0.83647820625
0 0.41767614062499997 0.8273036312500001 0.42538101875 0.819367334375 0.4220863625 0.806153190625 0.412247328125 0.816626675 0.3975597359375 0.8242988734375001 0.38276255625 0.8259831406249999 0.3749480953125 0.8279315046875 0.381679315625 0.83828373125 0.3920985984375 0.8356859125 0.4046520375 0.8305509046875 0.41767614062499997 0.8273036312500001
0 0.6078745859375 0.424981809375 0.6137740625 0.437546496875 0.619312459375 0.454211384375 0.6265143453124999 0.466451346875 0.634580303125 0.454414853125 0.63081498125 0.4393129734375 0.627049659375 0.42421109531249995 0.6294353109374999 0.4115857765625 0.6142770515625 0.41737023906250004 0.6078745859375 0.424981809375
0 0.6513516078125 0.15548581875 0.6493270375 0.164010940625 0.6597463203125 0.161413121875 0.6696949375 0.1569275671875 0.686155609375 0.1508183765625 0.6855753578125 0.142942709375 0.6733829984375 0.143977521875 0.661300225 0.1510002640625 0.6513516078125 0.15548581875
0 0.6652847171875 0.1780780078125 0.672628515625 0.174241909375 0.6781992359375 0.1688428015625 0.6724093453125 0.1622660453125 0.6647044671875 0.170202340625 0.657831334375 0.17592617500000002 0.6652847171875 0.1780780078125
0 0.788613196875 0.3398169140625 0.786588625 0.3483420359375 0.79226893125 0.34893086093750003 0.7968983234375 0.339756284375 0.788613196875 0.3398169140625
1 0.451668109375 0.7306047453125 0.4602819921875 0.7485079125 0.4706886640625 0.6737301828125 0.473796475 0.6529044703125 0.48732356875000005 0.6294809375 0.5029848171875 0.6035202156249999 0.45264886718749997 0.54589240625 0.4281222390625 0.564038090625 0.41093940937499995 0.5783476750000001 0.40935318125000003 0.6108245250000001 0.40375013437499996 0.638287625 0.4016932390625 0.6688767390625 0.4128023578125 0.6801425203125 0.43715475000000004 0.7001368890624999 0.451668109375 0.7306047453125
1 0.4386692296875 0.8782118421874999 0.4564323078125 0.871777925 0.4702881578125 0.8663181874999999 0.4862781625 0.8583212625 0.4858721453125 0.8123055421875 0.4848535546875 0.780478146875 0.48003731875 0.7556128656250001 0.45612326562499994 0.7595702234374999 0.43926919218749994 0.7918436046874999 0.430010409375 0.8101927578125 0.4073987671875 0.8138253875 0.3693773734375 0.8333306109375 0.385915303125 0.8552733453125001 0.41714082656249996 0.86954388125 0.4386692296875 0.8782118421874999
1 0.4555375078125 0.5130908296875 0.44711046874999993 0.52922751875 0.45738784218750006 0.5427057625 0.479245 0.56933751875 0.4941194390625 0.595705178125 0.5230239625 0.578473046875 0.534855240625 0.58153843125 0.537318153125 0.5969650390625 0.5505937515625 0.5836296359375 0.5610130343749999 0.5810318171875 0.5740371375 0.5777845421875 0.5986410234374999 0.5876907828125 0.6116328046875 0.606507503125 0.629943809375 0.6300132453125 0.6488350656249999 0.661394653125 0.66011841875 0.6345203781250001 0.6539997718749999 0.6099798265625 0.64151098125 0.5709868484375 0.633870753125 0.5347951578125001 0.623155040625 0.4973651890625 0.6162046484375 0.47503709687500006 0.6133806578125001 0.4637106875 0.596810403125 0.46383194687499996 0.568550778125 0.44481175781250004 0.537434840625 0.43652915468750003 0.5192010953125 0.44107533749999994 0.5020182656250001 0.4553849234375 0.484113275 0.477894903125 0.48053480000000004 0.4968328796875 0.4555375078125 0.5130908296875
1 0.6751670921875 0.622747984375 0.6753413265625 0.5846079296875 0.67421315 0.5467926015625 0.6659926734375 0.5027252453125 0.630937178125 0.5174808171875 0.63915765625 0.5615481734375 0.6672107203125 0.640772409375 0.6751670921875 0.622747984375
