1 0.560489884375 0.47715077343749995 0.5698095578125 0.46409730937499993 0.5820162796874999 0.44977820625 0.5897013328125 0.43825659687499996 0.5911242375 0.4254039265625 0.5871552343750001 0.4132844734375 0.57490726875 0.403163878125 0.5648878328125 0.40103418125 0.5468657671875 0.39344486875 0.532600990625 0.386654190625 0.5181657421875 0.3929823953125 0.5023075875 0.412163271875 0.49424034375000003 0.425482946875 0.481375096875 0.449058590625 0.470420803125 0.4636439078125 0.45891384375 0.493146171875 0.47029156875 0.5012024875 0.482051484375 0.5074607421875 0.504977409375 0.51045449375 0.5135327015625 0.5009971609375 0.5316193828125 0.48980718437500004 0.5501941140625 0.48247955 0.560489884375 0.47715077343749995
0 0.540904659375 0.741728071875 0.5368710375 0.748387909375 0.534960084375 0.7573782359375001 0.5330491312500001 0.7663685640625 0.5336430375 0.7758913140625 0.533090371875 0.7908082624999999 0.539458378125 0.7977997328125 0.5498600062500001 0.7981313640625001 0.56276649375 0.79899541875 0.569687165625 0.791069940625 0.5747615015624999 0.7733555 0.5855040796875 0.747449365625 0.5966288484375 0.7197451671875 0.61592671875 0.684381703125 0.6280275828125 0.6644021906249999 0.6311909671875 0.655678075 0.6112579484375 0.6570790890625 0.5852744984375 0.668469859375 0.56245443125 0.6711365140625001 0.55563961875 0.6847224015625 0.5558513328125 0.6960432187500001 0.5500126171875 0.7173537921875 0.546849234375 0.7260779078125 0.545320471875 0.7332701687500001 0.540904659375 0.741728071875
0 0.529862371875 0.81831166875 0.5220714609375 0.8241728703125 0.5205426984375 0.8313651312499999 0.5301799468749999 0.8352928937499999 0.529862371875 0.81831166875
0 0.4154499734375 0.7037860390625 0.3826104671875 0.7043229984375 0.408911490625 0.709913453125 0.4154499734375 0.7037860390625
0 0.57471341875 0.45950175 0.59933858125 0.442184359375 0.5901893828125 0.442118940625 0.5827806609375 0.44618207656250003 0.57471341875 0.45950175
0 0.7556516921875 0.61823673125 0.7479666390624999 0.629758340625 0.7553753578125 0.6256952046875 0.761913840625 0.6195677921875 0.7556516921875 0.61823673125
0 0.8179789796874999 0.5713471234374999 0.820866028125 0.5700814828125 0.8261520812500001 0.56368785625 0.8236472218750001 0.5631554328124999 0.8191255515625 0.5659529265625001 0.8166206921875 0.565420503125 0.8150919296874999 0.572612765625 0.8179789796874999 0.5713471234374999
0 0.8072364015625 0.5972532562499999 0.8121402625 0.592657696875 0.8125224531249999 0.5908596312500001 0.8100175921874999 0.5903272078125 0.8072364015625 0.5972532562499999
0 0.8673351625000001 0.54237275 0.87676069375 0.534979696875 0.877525075 0.531383565625 0.8733855953124999 0.53238299375 0.8673351625000001 0.54237275
0 0.8407990468750001 0.56868046875 0.8428158578125 0.56535055 0.8431980484375 0.5635524843749999 0.84194561875 0.563286271875 0.8403109984375 0.5648181265625001 0.8386763765625 0.566349978125 0.8362773765625 0.5714779625 0.8407990468750001 0.56868046875
0 0.8305032750000001 0.5740092453125001 0.8276162265625 0.5752748859375 0.8186787437499999 0.586530284375 0.8313735156250001 0.5760735234375 0.8333903265625 0.5727436046875 0.8305032750000001 0.5740092453125001
1 0.7169666265625 0.3506702140625 0.7273036390625001 0.3697811359375 0.75819095 0.35379480625 0.7620128562499999 0.3358141515625 0.760442853125 0.31856671406250003 0.7569618953125 0.3103096046875 0.7407861671875 0.312509253125 0.7244399640625 0.3278277875 0.7169666265625 0.3506702140625
1 0.7650057625 0.34020891875000003 0.7847916828125 0.308707796875 0.7924354953125 0.27274648749999997 0.7874257765625 0.2716816390625 0.776853671875 0.284468890625 0.7658993781250001 0.29905420625 0.7614835656250001 0.3075121078125 0.7650057625 0.34020891875000003
0 0.7670871921875 0.318099709375 0.781522440625 0.311771503125 0.7870848265625 0.2979194046875 0.7920533046875 0.27454455312500003 0.8081465484375 0.22346550468749998 0.8011200203125 0.225730575 0.793329109375 0.231591775 0.7830745796875 0.26136024999999996 0.7756012421875 0.284202678125 0.7761951484375 0.2937254296875 0.769380334375 0.30731131718750004 0.7670871921875 0.318099709375
