0 0.189756440625 0.5659285781250001 0.1924665875 0.5558141703125 0.186739753125 0.5542796703125 0.18021171875 0.5633710765625 0.18335206875 0.5669226796875 0.189756440625 0.5659285781250001
0 0.17694769999999999 0.5679167796875 0.175162421875 0.5593079750000001 0.16888171875 0.552204771875 0.16808051562499998 0.562830678125 0.17054333125 0.56891088125 0.17694769999999999 0.5679167796875
0 0.1920955890625 0.5801060859375 0.18322840468749998 0.575019984375 0.185567553125 0.5891974921875 0.18735283125 0.597806296875 0.1858740921875 0.6109608046874999 0.186304296875 0.6246268140625 0.1929559984375 0.607438103125 0.1932033296875 0.5912434921874999 0.1920955890625 0.5801060859375
0 0.179163184375 0.59019159375 0.17534529375000002 0.58916859375 0.168940925 0.5901626953125 0.161305146875 0.58811669375 0.1579174640625 0.600759703125 0.16678464843750002 0.6058458046874999 0.1666609828125 0.613943109375 0.1717102796875 0.6180062125 0.178238315625 0.6089148046874999 0.1821798703125 0.6018405 0.179163184375 0.59019159375
0 0.158224003125 0.622523015625 0.165305909375 0.6190003140625 0.16352063125 0.6103915093750001 0.157793796875 0.6088570078125 0.15508365 0.6189714140625 0.158224003125 0.622523015625
0 0.2560748265625 0.6162202999999999 0.24720764218750002 0.6111341984374999 0.2390179953125 0.6035194953125 0.2287957359375 0.6034905968750001 0.22349910781250001 0.6156221046875 0.227316996875 0.6166451046875 0.23125855 0.6095708 0.23821679218749997 0.6141454015625001 0.24776151249999998 0.6167029015625001 0.2559511609375 0.62431760625 0.2654958828125 0.62687510625 0.2560748265625 0.6162202999999999
0 0.26050579375 0.660769928125 0.2490521265625 0.6577009281249999 0.23568951718750003 0.6541204265625 0.23365690625000002 0.6617062312499999 0.245788109375 0.6622466296875 0.257241775 0.66531563125 0.259704590625 0.671395834375 0.2647538875 0.6754589359375001 0.2667864984375 0.66787313125 0.26050579375 0.660769928125
0 0.6131815859375 0.5357472078125001 0.62789926875 0.53427050625 0.6419394171875 0.5353224046875 0.6325183609375 0.5246675984375 0.6222961015624999 0.5246387 0.6094873640625 0.526626903125 0.6131815859375 0.5357472078125001
0 0.68258111875 0.5516326109375 0.6921258406249999 0.5541901109375 0.6884316171875 0.54506980625 0.6693421734375 0.5399548046875 0.66540061875 0.547029109375 0.68258111875 0.5516326109375
0 0.707085603125 0.6205319499999999 0.7147213796874999 0.6225779499999999 0.7313480078125 0.6216127484375 0.7333806187499999 0.6140269421875 0.7148450468750001 0.6144806453125 0.7091182140625001 0.6129461453125 0.707085603125 0.6205319499999999
1 0.607702084375 0.5180180984375 0.5615164234375001 0.5300340109375 0.5735239609375 0.5386717156249999 0.7187273953125 0.5694484171875 0.749948040625 0.5751038171875 0.7324610015624999 0.5487370031250001 0.707644725 0.5420875015625 0.66564795 0.5308345 0.607702084375 0.5180180984375
1 0.156315059375 0.622011515625 0.1781146484375 0.617012109375 0.190799721875 0.6231212125 0.1971448859375 0.5841691875 0.18021171875 0.5633710765625 0.1675266453125 0.5572619750000001 0.156315059375 0.622011515625
1 0.6868239593750001 0.6503347703125 0.7003102359375 0.6458179671875001 0.7094247515625 0.6347094578125 0.7050529937500001 0.6281177546875 0.6966160125 0.6366976609375 0.6868239593750001 0.6503347703125
1 0.7522871890625 0.589281325 0.75074924375 0.5644779093750001 0.73356874375 0.5598744078125 0.7136780984375 0.565385315625 0.702837509375 0.6058429421875 0.733504284375 0.6059296375 0.7522871890625 0.589281325
