0 0.7786852515625 0.586234890625 0.7727125921875 0.5832560234375 0.7671273765625 0.5888894687499999 0.7693765609375001 0.595623965625 0.7746669171875 0.592088546875 0.7786852515625 0.586234890625
0 0.743733859375 0.5620676078125 0.7525454218750001 0.567584921875 0.75733865 0.5789558921875 0.7641958859375 0.5756406843749999 0.7697811015625 0.5700072390625001 0.7706656765625 0.5637131609375 0.76439815625 0.5628323187500001 0.7621489718750001 0.556097821875 0.7580380484375 0.5512411390625 0.7523602453125 0.5461642453125 0.7448207046875 0.5429651671875 0.74070978125 0.5381084828125 0.735031978125 0.533031590625 0.7338525453125 0.5414236921875 0.7414846749999999 0.555333109375 0.743733859375 0.5620676078125
0 0.7040718609375001 0.753324275 0.6975094828125 0.7545414593750001 0.688108203125 0.7532201953125 0.679001784375 0.7498009046874999 0.6740062859375 0.7512383 0.663038125 0.749696825 0.6624484093749999 0.7538928765625 0.67155483125 0.7573121656249999 0.6793892296874999 0.75841321875 0.68849565 0.76183250625 0.693196290625 0.7624931390625 0.6991689515624999 0.7654720078125 0.7041644484375 0.7640346124999999 0.7091599468750001 0.7625972203125 0.7194458 0.7576244078125 0.7231692765625 0.7538687765625001 0.7222847031249999 0.7601628546875 0.7198332484375001 0.76623671875 0.7189486734375 0.772530796875 0.7164972171875 0.7786046625 0.7156126421875 0.7848987390625 0.724239028125 0.768995378125 0.7269853421875 0.7608234859375 0.729436796875 0.75474961875 0.7306162296875 0.7463575171875 0.7333625421875001 0.7381856265625 0.7355191390625 0.7342097843750001 0.7398323328124999 0.7262581031249999 0.744827828125 0.724820709375 0.7501181859375 0.721285290625 0.7566805640625 0.7200681062500001 0.76010918125 0.718410503125 0.7607914874999999 0.724924790625 0.7593171953125 0.73541491875 0.7633355296875 0.7295612625000001 0.7642201046875 0.7232671859375001 0.7669664171874999 0.7150952937499999 0.7644223734375 0.710458821875 0.7559982578125 0.7135538203125 0.7510027609375001 0.7149912140625 0.7447352406250001 0.714110371875 0.7353339625 0.7127891078124999 0.7318127546875 0.7037363734375 0.722706334375 0.7003170843750001 0.7180982828125 0.710366790625 0.7106513296875 0.7178780515625001 0.7076101593749999 0.72814796875 0.703886684375 0.7319035984375 0.7042741296874999 0.7405159109375 0.7075004796875 0.7516666703125 0.7040718609375001 0.753324275
0 0.550846678125 0.6611875296874999 0.5452614640625 0.6668209734375 0.5362476328125 0.6741120234375 0.5306624171875 0.67974546875 0.5260543671875 0.689795175 0.523308053125 0.6979670671875 0.5221286203125 0.7063591671875 0.5228109265625001 0.71287345625 0.525944684375 0.7133138765625 0.5305527359375 0.7032641703125 0.5345710703125001 0.6974105140625 0.5385894046875 0.691556859375 0.54329004375 0.6922174921875001 0.5392717109375 0.698071146875 0.5402488734374999 0.702487409375 0.5449495125 0.703148040625 0.5486729890625 0.6993924093749999 0.5536684875 0.6979550156250001 0.55807426875 0.7007136734375 0.561208028125 0.7011540953125001 0.5693372859375 0.700157121875 0.5750150890625 0.7052340171875 0.5787385640625 0.7014783859375 0.5777614015625 0.697062125 0.5755122171875 0.6903276265625 0.57669165 0.6819355234375 0.5791431046875 0.6758616578125001 0.5806173953125 0.66537153125 0.5815019703125001 0.659077453125 0.575529309375 0.6560985859375 0.5689669312500001 0.65731576875 0.5642662921875 0.6566551359374999 0.565445725 0.648263034375 0.5657405828125001 0.646165009375 0.5594730625000001 0.6452841671875 0.5523209687499999 0.6506974015625 0.550846678125 0.6611875296874999
0 0.5161559578125 0.7033803 0.5165434062500001 0.7119926140625 0.5153639734375 0.7203847156250001 0.5160462781249999 0.726899003125 0.5195674859375 0.7359517375 0.5177983359375 0.748539890625 0.5210246828125 0.75969065 0.5226841515625 0.7706211984375 0.5255230531249999 0.773159646875 0.5299288343749999 0.775918303125 0.534536884375 0.7658685968750001 0.5401220999999999 0.7602351515625 0.539734653125 0.7516228375 0.5393472046875 0.7430105265625 0.534553978125 0.73163955625 0.5260372734375001 0.724024215625 0.5209491875000001 0.7147512703125 0.5198794359375001 0.6996246703125 0.5189022734375001 0.6952084078125 0.5161559578125 0.7033803
1 0.38994805625 0.44174390468749997 0.3331700265625 0.39097496875000004 0.3217289578125 0.5519663859375 0.351187725 0.5924774546875 0.4085312515625 0.4914238359375 0.38994805625 0.44174390468749997
0 0.5338132703125 0.645956846875 0.5466431671875001 0.6456205078125 0.54439398125 0.638886009375 0.5374441578125 0.6314908796875 0.5327435171875 0.6308302484375 0.5158026984374999 0.62630990625 0.5064014171875 0.6249886421874999 0.5011110624999999 0.6285240609375 0.505221984375 0.6333807453125 0.5043374093749999 0.6396748203125 0.5065865953124999 0.64640931875 0.49913964375 0.6539205796875 0.5135364203125 0.6538044484375 0.5238222734375 0.6488316359375 0.5338132703125 0.645956846875
0 0.5048858171874999 0.5220813093750001 0.491466203125 0.5266137015625 0.4952822671875 0.533568409375 0.5071350015625 0.5288158078125 0.5155591171875 0.5257208078125 0.522416353125 0.5224056 0.5233009281250001 0.5161115234375 0.513604790625 0.516888284375 0.5048858171874999 0.5220813093750001
0 0.6911664671875 0.7087212359375 0.6909641984375 0.7215296015625 0.6891950484375 0.7341177546875 0.6947802624999999 0.728484309375 0.6959596953125 0.72009220625 0.6977288453125 0.707504053125 0.7067426765625 0.700213003125 0.698908278125 0.69911195 0.6911664671875 0.7087212359375
0 0.64906298125 0.6899671859375001 0.652879046875 0.6969218953125 0.65855685 0.7019987890625 0.6655066734374999 0.70939391875 0.662465503125 0.7196638359375 0.6702999015625 0.7207648890625 0.678429159375 0.7197679171875 0.6761799734375 0.7130334171875 0.6726587687500001 0.703980684375 0.6647317796875 0.6921692921875 0.6606208578125 0.6873126093749999 0.6455417734375 0.6809144515625001 0.6333015953125 0.6770547421875001 0.6241951734375 0.673635453125 0.626444359375 0.68036995 0.6386845375 0.6842296609375 0.64906298125 0.6899671859375001
1 0.5640227109375 0.5560660390625001 0.556778028125 0.5507689359375 0.5449252953125 0.5555215390625 0.5324828453125 0.5644701921874999 0.52787479375 0.5745198984375001 0.5198381249999999 0.586227209375 0.5080779796875 0.6016901515625 0.502492765625 0.6073235953125 0.49945159375000003 0.6175935124999999 0.5098300359375 0.6233310390625 0.52677085625 0.6278513796875 0.54341681875 0.634469746875 0.5525232390625 0.6378890359375 0.565058278125 0.6396507203125 0.57525154375 0.6239675703125 0.5882837109375 0.610822865625 0.6004313015625 0.6039722375000001 0.60983258125 0.6052935015625 0.6003387140625 0.5932619 0.5911397046875 0.5791322703125 0.5797841 0.5689784828125 0.56852108125 0.5695350359375 0.5595998375 0.5875364234375 0.556853525 0.5957083140625 0.5533323171875 0.58665558125 0.556373490625 0.5763856640625 0.562843278125 0.5644581421875 0.5640227109375 0.5560660390625001
0 0.6206055953125 0.8014988828125 0.612771196875 0.8003978296875 0.6103197421875 0.8064716953125 0.616292403125 0.8094505640625 0.620698184375 0.8122092203125 0.6272605609374999 0.8109920374999999 0.6359795375 0.8057990140625 0.626873115625 0.802379725 0.6206055953125 0.8014988828125
0 0.533450040625 0.7849710375 0.525615640625 0.783869984375 0.5183709578125 0.7785728796875 0.5118085812500001 0.7797900624999999 0.517191525 0.7869649828124999 0.5231641859375 0.78994385 0.5319757484375 0.795461165625 0.541377028125 0.7967824296875 0.5466673859375 0.793247009375 0.533450040625 0.7849710375
