1 0.30401283125 0.4981347515625 0.3119224234375 0.5022256625 0.3153150234375 0.5169678531249999 0.33047005625 0.48710050312500003 0.3395409375 0.4679117890625 0.3532395015625 0.4444133234375 0.3498469015625 0.4296711328125 0.3417897203125 0.41712485 0.3198494890625 0.41750781718749996 0.294664246875 0.4116039671875 0.2727609125 0.414100778125 0.271599625 0.43738040468749995 0.27200549375 0.460632675 0.269240146875 0.481825815625 0.27860620625 0.4795478421875 0.2893918359375 0.4687871453125 0.2957711640625 0.475019253125 0.3021873921875 0.4833652046875 0.30401283125 0.4981347515625
1 0.8248088390625 0.6074554921875001 0.8338797203125001 0.5882667765625 0.8260439234374999 0.58840355 0.8165671718749999 0.58433999375 0.8073855999999999 0.5971871828124999 0.7966368687500001 0.6100617234375 0.7875290890625 0.6271365953125 0.7925626421875 0.6460791171875 0.8021869828125 0.6585980453125 0.8223755687500001 0.64767321875 0.8220434921875001 0.62864863125 0.8248088390625 0.6074554921875001
0 0.760996121875 0.45421180000000005 0.7545061015625001 0.4416381625 0.7500998 0.4586309703125 0.750653259375 0.4903386140625 0.7619923484375 0.511285559375 0.76874065 0.5386560984375001 0.7685192671875 0.5259730390625 0.7616971703125001 0.49437481562499996 0.75520715 0.481801178125 0.759724140625 0.4711498984375 0.760996121875 0.45421180000000005
1 0.8977623343750001 0.386275440625 0.907165290625 0.3861113125 0.9022055312499999 0.371396478125 0.897430259375 0.3672508546875 0.8895944625000001 0.3673876296875 0.8897789484375 0.37795684375 0.8977623343750001 0.386275440625
0 0.6013322984375 0.64730256875 0.5933489125 0.6389839703125 0.5821205171875 0.6243785546875 0.582305003125 0.63494776875 0.5871540703125 0.643321075 0.59513745625 0.6516396734375001 0.6013322984375 0.64730256875
0 0.5162803984375001 0.534604859375 0.5194885124999999 0.538777834375 0.5241899906249999 0.5386957703124999 0.5287807765625 0.532272178125 0.5270291312500001 0.5217303171875 0.5176999703125 0.5261221328125 0.5162803984375001 0.534604859375
0 0.691120625 0.5823006984375 0.7036210046875 0.5799680171875 0.7082486875 0.5756582671875 0.7206383734374999 0.56698405625 0.7236251031250001 0.5584739734374999 0.7296723578125001 0.545681496875 0.732622190625 0.535057571875 0.73079675 0.520288028125 0.7262797578125 0.53093930625 0.7218365609374999 0.545818271875 0.7157524093750001 0.55649690625 0.7111616234375 0.5629204984375 0.7081010984375 0.5672028953125 0.700412890625 0.575795040625 0.6957114125 0.57587710625 0.6846675015625 0.5718409046875 0.6831741375 0.5760959453125001 0.691120625 0.5823006984375
0 0.8066301796875001 0.64371908125 0.8080866468749999 0.637350196875 0.8208084093749999 0.6477005734375 0.8159962390625 0.6414411078125 0.8173051171875001 0.626616853125 0.817157528125 0.61816148125 0.8262653078125 0.601086609375 0.8307085046875 0.58620764375 0.8244398671875001 0.5863170640625001 0.8135066468750001 0.5886223890625 0.8057815421875001 0.59510069375 0.8059291312499999 0.6035560640625001 0.7997342890625 0.6078931703125 0.7935025484375 0.6101164328124999 0.7889117625 0.616540025 0.7890962484374999 0.6271092406250001 0.7908478953125 0.6376511 0.7958445515625 0.654479778125 0.8005091312499999 0.652283871875 0.8066301796875001 0.64371908125
0 0.7638372125 0.616977703125 0.7011877328125 0.6201857421875 0.7215977015624999 0.6219439718750001 0.7529408906249999 0.6213968750000001 0.7638372125 0.616977703125
0 0.5241899906249999 0.5386957703124999 0.530200346875 0.5237894515625 0.5285593921875 0.5195891203125 0.51941471875 0.5345501484375 0.5241899906249999 0.5386957703124999
0 0.9211066109375 0.6459498609375001 0.9058408874999999 0.6694756828124999 0.9105054671874999 0.6672797734375 0.9258449859375 0.6479816390625001 0.9211066109375 0.6459498609375001
0 0.7291383203125 0.6048964531250001 0.7293228078125 0.61546566875 0.734061184375 0.6174974453125001 0.7271652921875 0.5816715359375 0.7209335515624999 0.5838947984375 0.7273497796874999 0.5922407515625 0.7291383203125 0.6048964531250001
