1 0.24276729531250002 0.5976627718749999 0.24276729531250002 0.5776293828125 0.24276729531250002 0.55759599375 0.24025157187500001 0.539232053125 0.23522012656250002 0.5191986640625 0.23018867968749998 0.49415692812499995 0.22641509375000002 0.4691151921875 0.2251572328125 0.437395659375 0.21509433906250003 0.4407345578125 0.20754717031249997 0.4474123546875 0.1987421390625 0.45409015 0.1924528296875 0.4674457421875 0.18993710625 0.484140234375 0.1937106921875 0.5091819703125 0.1987421390625 0.527545909375 0.20628930781250002 0.5492487484375 0.21509433906250003 0.57929883125 0.222641509375 0.60100166875 0.22893081718750002 0.619365609375 0.241509434375 0.6210350578125 0.24402515781249998 0.609348915625 0.24276729531250002 0.5976627718749999
1 0.28930817656249996 0.6444073453125 0.286792453125 0.6360601 0.2842767296875 0.6210350578125 0.2842767296875 0.609348915625 0.286792453125 0.5976627718749999 0.286792453125 0.5809682796875 0.28553459062500003 0.5642737890625 0.2805031453125 0.5475792984375001 0.276729559375 0.5308848078125 0.2704402515625 0.51252086875 0.2666666671875 0.49582637656250006 0.2553459125 0.4774624375 0.2477987421875 0.460767946875 0.2389937109375 0.45409015 0.231446540625 0.4474123546875 0.232704403125 0.4641068453125 0.2339622640625 0.484140234375 0.2364779875 0.500834725 0.24025157187500001 0.5191986640625 0.24402515781249998 0.5342237062499999 0.24905660312500003 0.5425709515625 0.24905660312500003 0.5542570953125 0.250314465625 0.5642737890625 0.250314465625 0.584307178125 0.250314465625 0.595993321875 0.250314465625 0.6110183640625 0.250314465625 0.62437395625 0.2578616359375 0.6360601 0.277987421875 0.6444073453125 0.28930817656249996 0.6444073453125
1 0.459119496875 0.5676126874999999 0.47169811250000004 0.5609348921875 0.48679245312499997 0.5459098499999999 0.5081761 0.5375626046875001 0.532075471875 0.5225375624999999 0.549685534375 0.515859765625 0.558490565625 0.500834725 0.5446540875 0.48914858125 0.5295597484375001 0.472454090625 0.5232704406249999 0.4641068453125 0.514465409375 0.4474123546875 0.5018867921875 0.4357262109375 0.4918239 0.42404006718750004 0.4830188671875 0.4106844734375 0.46540880468749996 0.40066777968749995 0.4427672953125 0.4056761265625 0.4176100625 0.40233722812500006 0.3610062890625 0.3956594328125 0.3471698109375 0.404006678125 0.3119496859375 0.4106844734375 0.3345911953125 0.4340567609375 0.3660377359375 0.44240400625 0.38993710625 0.46243739531249994 0.3987421390625 0.49415692812499995 0.40880503125 0.5258764609375 0.4364779875 0.55592654375 0.45157232656249996 0.5659432390625 0.459119496875 0.5676126874999999
1 0.2905660375 0.39398998281250003 0.2805031453125 0.40066777968749995 0.272955975 0.415692821875 0.26415094375 0.42404006718750004 0.26415094375 0.437395659375 0.27169811250000003 0.45242070156249997 0.2805031453125 0.4674457421875 0.29182389999999997 0.48914858125 0.30314465468749996 0.500834725 0.3194968546875 0.49582637656250006 0.33710691875 0.48247078437499996 0.33081760937500004 0.45409015 0.3194968546875 0.43238731250000007 0.3069182390625 0.4106844734375 0.2905660375 0.39398998281250003
1 0.594968553125 0.5242070109375 0.5836477984374999 0.527545909375 0.5974842765624999 0.5492487484375 0.605031446875 0.5659432390625 0.6150943390625 0.5876460765625 0.6176100625000001 0.60100166875 0.6213836484375 0.6160267109374999 0.640251571875 0.62437395625 0.6578616359375 0.619365609375 0.659119496875 0.609348915625 0.6528301890625 0.5776293828125 0.6364779875 0.5525876453125 0.6213836484375 0.539232053125 0.594968553125 0.5242070109375
1 0.387421384375 0.5659432390625 0.3974842765625 0.5759599328125 0.40880503125 0.5926544234375 0.413836478125 0.595993321875 0.42138364843750004 0.5943238734375 0.413836478125 0.5709515859375001 0.3987421390625 0.55759599375 0.3823899375 0.5475792984375001 0.387421384375 0.5659432390625
0 0.24402515781249998 0.55592654375 0.24025157187500001 0.540901503125 0.231446540625 0.4974958265625 0.22641509375000002 0.500834725 0.2201257859375 0.500834725 0.21635220156249999 0.5025041734375 0.218867925 0.5141903171875 0.232704403125 0.5191986640625 0.23522012656250002 0.5325542578125 0.231446540625 0.540901503125 0.22893081718750002 0.55592654375 0.2339622640625 0.5709515859375001 0.23522012656250002 0.5926544234375 0.24402515781249998 0.6043405671875 0.24402515781249998 0.590984975 0.24528301875 0.5692821375 0.24402515781249998 0.55592654375
0 0.2477987421875 0.572621034375 0.250314465625 0.5976627718749999 0.24905660312500003 0.607679465625 0.24905660312500003 0.6143572625 0.25408805 0.6160267109374999 0.2553459125 0.607679465625 0.25408805 0.5976627718749999 0.2515723265625 0.590984975 0.250314465625 0.57929883125 0.2515723265625 0.574290484375 0.2515723265625 0.5659432390625 0.250314465625 0.5542570953125 0.250314465625 0.5442404 0.24654088125 0.5442404 0.2477987421875 0.5592654421875001 0.2477987421875 0.572621034375
0 0.22641509375000002 0.51252086875 0.23018867968749998 0.5141903171875 0.2364779875 0.515859765625 0.2339622640625 0.51085141875 0.23018867968749998 0.5075125203125 0.22389937031249998 0.505843071875 0.2176100625 0.5025041734375 0.21257861562499997 0.5025041734375 0.213836478125 0.5075125203125 0.218867925 0.5091819703125 0.22641509375000002 0.51252086875
0 0.23018867968749998 0.48080133593749996 0.231446540625 0.4774624375 0.22767295625 0.47412353906250004 0.2201257859375 0.4757929890625 0.22138364843749997 0.48080133593749996 0.2251572328125 0.48080133593749996 0.23018867968749998 0.48080133593749996
0 0.24402515781249998 0.5492487484375 0.2389937109375 0.5475792984375001 0.2339622640625 0.5459098499999999 0.232704403125 0.550918196875 0.2389937109375 0.5542570953125 0.24402515781249998 0.5492487484375
0 0.2377358484375 0.5609348921875 0.24025157187500001 0.562604340625 0.241509434375 0.5659432390625 0.241509434375 0.572621034375 0.241509434375 0.57929883125 0.24025157187500001 0.585976628125 0.24025157187500001 0.5943238734375 0.24654088125 0.5943238734375 0.24528301875 0.585976628125 0.24528301875 0.5776293828125 0.24528301875 0.5709515859375001 0.24528301875 0.562604340625 0.24528301875 0.55759599375 0.24276729531250002 0.5542570953125 0.24025157187500001 0.5542570953125 0.2364779875 0.55592654375 0.232704403125 0.55592654375 0.231446540625 0.5592654421875001 0.2339622640625 0.5609348921875 0.2377358484375 0.5609348921875
0 0.2515723265625 0.5041736234374999 0.2477987421875 0.5025041734375 0.24025157187500001 0.5025041734375 0.2389937109375 0.5025041734375 0.24025157187500001 0.5075125203125 0.2477987421875 0.5075125203125 0.2515723265625 0.5041736234374999
0 0.2477987421875 0.55759599375 0.2477987421875 0.5659432390625 0.2477987421875 0.574290484375 0.2477987421875 0.5826377296875 0.24905660312500003 0.5876460765625 0.24905660312500003 0.590984975 0.2515723265625 0.5926544234375 0.2528301890625 0.5876460765625 0.2515723265625 0.5809682796875 0.2515723265625 0.572621034375 0.2515723265625 0.5659432390625 0.250314465625 0.5592654421875001 0.2515723265625 0.550918196875 0.24905660312500003 0.5425709515625 0.2477987421875 0.5425709515625 0.2477987421875 0.550918196875 0.2477987421875 0.55759599375
0 0.2515723265625 0.595993321875 0.24905660312500003 0.60267111875 0.24905660312500003 0.6143572625 0.2528301890625 0.609348915625 0.25408805 0.60267111875 0.2515723265625 0.595993321875
0 0.218867925 0.45409015 0.222641509375 0.45242070156249997 0.22138364843749997 0.449081803125 0.218867925 0.449081803125 0.21509433906250003 0.449081803125 0.21257861562499997 0.45075125156249995 0.21635220156249999 0.45242070156249997 0.218867925 0.45409015
0 0.2515723265625 0.515859765625 0.2515723265625 0.51252086875 0.24654088125 0.51252086875 0.24276729531250002 0.51252086875 0.24402515781249998 0.515859765625 0.2477987421875 0.515859765625 0.2515723265625 0.515859765625
0 0.24905660312500003 0.4974958265625 0.24402515781249998 0.4974958265625 0.2389937109375 0.4974958265625 0.241509434375 0.500834725 0.24654088125 0.499165275 0.24905660312500003 0.4974958265625
0 0.2930817609375 0.57929883125 0.2930817609375 0.584307178125 0.29182389999999997 0.590984975 0.295597484375 0.5893155265625001 0.2968553453125 0.5826377296875 0.2981132078125 0.5776293828125 0.29433962187499996 0.574290484375 0.29433962187499996 0.5692821375 0.2905660375 0.5692821375 0.28301886718749997 0.5709515859375001 0.2842767296875 0.5759599328125 0.28805031406250003 0.574290484375 0.2930817609375 0.57929883125
0 0.295597484375 0.6043405671875 0.2968553453125 0.609348915625 0.30062893125 0.6043405671875 0.30188679218750003 0.5976627718749999 0.30062893125 0.5893155265625001 0.2981132078125 0.5926544234375 0.2968553453125 0.5993322203125 0.295597484375 0.6043405671875
0 0.29937106875 0.6460767953125 0.295597484375 0.6444073453125 0.2968553453125 0.6510851421875 0.30188679218750003 0.6510851421875 0.29937106875 0.6460767953125
0 0.3069182390625 0.67111853125 0.30314465468749996 0.666110184375 0.2981132078125 0.6627712859375 0.2968553453125 0.6677796328125 0.30314465468749996 0.6744574296875 0.3069182390625 0.67111853125
0 0.41132075468749996 0.51252086875 0.413836478125 0.5225375624999999 0.41006289375 0.5191986640625 0.40628930781249994 0.5191986640625 0.3974842765625 0.51085141875 0.4012578609375 0.5191986640625 0.403773584375 0.5225375624999999 0.40754717031250004 0.527545909375 0.41006289375 0.5325542578125 0.4150943390625 0.5375626046875001 0.4163522015625 0.5442404 0.42138364843750004 0.550918196875 0.42515723281250006 0.5442404 0.42389937031249997 0.539232053125 0.422641509375 0.5325542578125 0.42012578593749994 0.5242070109375 0.418867925 0.515859765625 0.4163522015625 0.5075125203125 0.41132075468749996 0.49582637656250006 0.40880503125 0.48580968281250003 0.40628930781249994 0.4757929890625 0.40251572343750003 0.4641068453125 0.40251572343750003 0.470784640625 0.41006289375 0.505843071875 0.41132075468749996 0.51252086875
0 0.394968553125 0.5609348921875 0.4012578609375 0.5642737890625 0.40628930781249994 0.5676126874999999 0.41006289375 0.5642737890625 0.4150943390625 0.5592654421875001 0.42138364843750004 0.55759599375 0.4150943390625 0.5492487484375 0.40880503125 0.5475792984375001 0.40880503125 0.5525876453125 0.40754717031250004 0.55759599375 0.40251572343750003 0.55759599375 0.3974842765625 0.5525876453125 0.3937106921875 0.5492487484375 0.3849056609375 0.5459098499999999 0.377358490625 0.5459098499999999 0.3849056609375 0.5542570953125 0.38993710625 0.5592654421875001 0.394968553125 0.5609348921875
0 0.4163522015625 0.5809682796875 0.418867925 0.585976628125 0.42138364843750004 0.584307178125 0.42012578593749994 0.5809682796875 0.418867925 0.5776293828125 0.42138364843750004 0.5776293828125 0.42389937031249997 0.5776293828125 0.42641509375000003 0.574290484375 0.42641509375000003 0.5709515859375001 0.42641509375000003 0.562604340625 0.42138364843750004 0.5659432390625 0.42138364843750004 0.572621034375 0.418867925 0.5692821375 0.4150943390625 0.5659432390625 0.41257861562500003 0.5709515859375001 0.413836478125 0.574290484375 0.413836478125 0.5776293828125 0.4163522015625 0.5809682796875
0 0.4301886796875 0.5525876453125 0.43270440312499997 0.5592654421875001 0.43522012656250003 0.5642737890625 0.43899371093750006 0.5659432390625 0.43773584843749996 0.5592654421875001 0.43522012656250003 0.550918196875 0.43899371093750006 0.5459098499999999 0.43270440312499997 0.540901503125 0.4301886796875 0.5342237062499999 0.42767295625 0.5425709515625 0.4301886796875 0.5475792984375001 0.4301886796875 0.5525876453125
0 0.4830188671875 0.4908180296875 0.48679245312499997 0.49248747968749995 0.48679245312499997 0.48580968281250003 0.4830188671875 0.48080133593749996 0.47924528281249995 0.48080133593749996 0.48050314531250005 0.48580968281250003 0.4830188671875 0.4908180296875
0 0.47169811250000004 0.5041736234374999 0.469182390625 0.499165275 0.467924528125 0.4908180296875 0.46666666718750005 0.48080133593749996 0.46289308125 0.4774624375 0.46289308125 0.48580968281250003 0.46415094375 0.49582637656250006 0.46415094375 0.5025041734375 0.46289308125 0.5091819703125 0.4578616359375 0.5075125203125 0.45283018906250005 0.5091819703125 0.45660377343749997 0.515859765625 0.45408805 0.5208681140625 0.450314465625 0.5258764609375 0.44654088124999997 0.5325542578125 0.4440251578125 0.539232053125 0.4427672953125 0.5442404 0.44654088124999997 0.5475792984375001 0.45157232656249996 0.5475792984375001 0.45660377343749997 0.5475792984375001 0.46289308125 0.5459098499999999 0.467924528125 0.5459098499999999 0.472955975 0.5442404 0.47924528281249995 0.5425709515625 0.4842767296875 0.539232053125 0.4905660375 0.5375626046875001 0.49308176093749995 0.5325542578125 0.4880503140625 0.5308848078125 0.48050314531250005 0.5358931546875 0.472955975 0.5375626046875001 0.46540880468749996 0.5375626046875001 0.4603773578125 0.5375626046875001 0.4578616359375 0.5358931546875 0.4553459125 0.5308848078125 0.459119496875 0.5242070109375 0.46415094375 0.5225375624999999 0.47044025156249997 0.515859765625 0.47169811250000004 0.51085141875 0.47924528281249995 0.505843071875 0.48679245312499997 0.5025041734375 0.4918239 0.500834725 0.4905660375 0.49415692812499995 0.48553459062500004 0.49415692812499995 0.48176100625 0.4974958265625 0.476729559375 0.499165275 0.47169811250000004 0.5041736234374999
0 0.4968553453125 0.57929883125 0.504402515625 0.584307178125 0.5106918234375 0.585976628125 0.5207547171875 0.590984975 0.530817609375 0.5943238734375 0.5371069187499999 0.595993321875 0.54591195 0.5976627718749999 0.55345911875 0.60267111875 0.5660377359375001 0.6110183640625 0.581132075 0.6126878125 0.5899371062500001 0.6126878125 0.5798742140625001 0.5993322203125 0.57232704375 0.60100166875 0.5622641515625 0.595993321875 0.5559748421874999 0.5943238734375 0.5484276734375 0.5893155265625001 0.5396226421875 0.5876460765625 0.532075471875 0.585976628125 0.5245283015625 0.57929883125 0.51823899375 0.5759599328125 0.5094339625 0.572621034375 0.5031446546875 0.5709515859375001 0.495597484375 0.5676126874999999 0.48679245312499997 0.5659432390625 0.48553459062500004 0.574290484375 0.4905660375 0.5776293828125 0.4968553453125 0.57929883125
0 0.5710691828125001 0.6393989984374999 0.5786163515625 0.6410684468750001 0.587421384375 0.642737896875 0.5974842765624999 0.6460767953125 0.6037735843750001 0.64774624375 0.6113207546874999 0.6510851421875 0.6163522015625 0.6460767953125 0.61006289375 0.6393989984374999 0.6012578609375 0.63772955 0.5924528296875 0.6343906515625 0.5823899375 0.6310517531250001 0.57232704375 0.629382303125 0.5610062890624999 0.62437395625 0.5559748421874999 0.629382303125 0.5647798734375 0.6360601 0.5710691828125001 0.6393989984374999
0 0.6163522015625 0.5776293828125 0.62767295625 0.5776293828125 0.6377358484375 0.5809682796875 0.64654088125 0.57929883125 0.6440251578125 0.572621034375 0.631446540625 0.5692821375 0.622641509375 0.5676126874999999 0.60880503125 0.5659432390625 0.6 0.5659432390625 0.6 0.574290484375 0.60880503125 0.5759599328125 0.6163522015625 0.5776293828125
0 0.4176100625 0.6060100171875 0.42515723281250006 0.6143572625 0.4301886796875 0.6210350578125 0.431446540625 0.6110183640625 0.4301886796875 0.60100166875 0.42767295625 0.5943238734375 0.422641509375 0.5976627718749999 0.4163522015625 0.5993322203125 0.4176100625 0.6060100171875
0 0.44779874218750004 0.6611018359374999 0.45283018906250005 0.676126878125 0.46163522031250004 0.69282136875 0.46666666718750005 0.709515859375 0.472955975 0.7195325546875 0.47924528281249995 0.71619365625 0.4742138359375 0.7045075125 0.467924528125 0.6894824703125 0.46289308125 0.6744574296875 0.45283018906250005 0.6494156921875 0.44654088124999997 0.6360601 0.441509434375 0.6277128546874999 0.43522012656250003 0.6310517531250001 0.4427672953125 0.6510851421875 0.44779874218750004 0.6611018359374999
0 0.44779874218750004 0.6343906515625 0.45157232656249996 0.6393989984374999 0.4553459125 0.6410684468750001 0.459119496875 0.6460767953125 0.46289308125 0.64774624375 0.459119496875 0.6393989984374999 0.4553459125 0.6327212015625 0.45283018906250005 0.6310517531250001 0.450314465625 0.6277128546874999 0.44779874218750004 0.6277128546874999 0.44654088124999997 0.62437395625 0.44528301875 0.619365609375 0.440251571875 0.6176961609375 0.43899371093750006 0.6227045078125 0.4427672953125 0.62604340625 0.44528301875 0.6310517531250001 0.44779874218750004 0.6343906515625
0 0.48176100625 0.6460767953125 0.4842767296875 0.6494156921875 0.4880503140625 0.6494156921875 0.4918239 0.64774624375 0.4905660375 0.642737896875 0.48679245312499997 0.642737896875 0.4830188671875 0.6410684468750001 0.4842767296875 0.6360601 0.48553459062500004 0.6310517531250001 0.4880503140625 0.629382303125 0.49308176093749995 0.62604340625 0.4918239 0.6227045078125 0.4880503140625 0.6210350578125 0.48679245312499997 0.6176961609375 0.4830188671875 0.6143572625 0.48050314531250005 0.6176961609375 0.47924528281249995 0.6227045078125 0.47924528281249995 0.6277128546874999 0.477987421875 0.6343906515625 0.476729559375 0.6393989984374999 0.477987421875 0.6444073453125 0.48176100625 0.6460767953125
0 0.4742138359375 0.585976628125 0.48050314531250005 0.5893155265625001 0.48679245312499997 0.5943238734375 0.4905660375 0.5876460765625 0.4842767296875 0.585976628125 0.47924528281249995 0.5809682796875 0.47169811250000004 0.5776293828125 0.46666666718750005 0.574290484375 0.46415094375 0.57929883125 0.469182390625 0.5826377296875 0.4742138359375 0.585976628125
0 0.513207546875 0.6126878125 0.5169811328125 0.6160267109374999 0.522012578125 0.62437395625 0.5257861640625 0.6310517531250001 0.527044025 0.62604340625 0.527044025 0.6210350578125 0.5232704406249999 0.6143572625 0.522012578125 0.607679465625 0.51823899375 0.6043405671875 0.514465409375 0.60267111875 0.5069182390625 0.5993322203125 0.5081761 0.6043405671875 0.5106918234375 0.607679465625 0.513207546875 0.6126878125
0 0.44528301875 0.67111853125 0.44654088124999997 0.681135225 0.45283018906250005 0.6844741234375 0.45157232656249996 0.6777963265625 0.44528301875 0.67111853125
0 0.5119496859375 0.7011686140625 0.5106918234375 0.6911519203125 0.5094339625 0.6828046750000001 0.504402515625 0.6727879796875 0.504402515625 0.687813021875 0.505660378125 0.699499165625 0.5119496859375 0.7011686140625
0 0.5207547171875 0.6560934890625 0.527044025 0.6611018359374999 0.5283018875 0.6494156921875 0.5232704406249999 0.6393989984374999 0.51823899375 0.629382303125 0.5106918234375 0.619365609375 0.5106918234375 0.6310517531250001 0.5157232703125 0.63772955 0.5169811328125 0.6460767953125 0.5207547171875 0.6560934890625
0 0.5333333328125 0.6393989984374999 0.5283018875 0.6277128546874999 0.527044025 0.6360601 0.53584905625 0.6510851421875 0.5333333328125 0.6393989984374999
0 0.532075471875 0.681135225 0.532075471875 0.6894824703125 0.5345911953125 0.7011686140625 0.540880503125 0.7078464109375 0.5509433968749999 0.711185309375 0.5559748421874999 0.711185309375 0.5572327046875001 0.7011686140625 0.5509433968749999 0.6894824703125 0.5471698109375 0.6828046750000001 0.5471698109375 0.6727879796875 0.5396226421875 0.6627712859375 0.5345911953125 0.6644407343750001 0.530817609375 0.66944908125 0.532075471875 0.681135225
0 0.6578616359375 0.711185309375 0.66289308125 0.7061769609375 0.6603773578125 0.699499165625 0.650314465625 0.7028380640624999 0.64654088125 0.709515859375 0.6389937109375 0.711185309375 0.6427672953125 0.7128547578125 0.650314465625 0.71452420625 0.6578616359375 0.711185309375
0 0.6389937109375 0.7045075125 0.6389937109375 0.697829715625 0.6352201265625 0.6944908187500001 0.6289308171875 0.6944908187500001 0.6301886796875 0.7011686140625 0.632704403125 0.7028380640624999 0.6389937109375 0.7045075125
0 0.5647798734375 0.6644407343750001 0.5622641515625 0.67111853125 0.5572327046875001 0.6744574296875 0.5635220125 0.6777963265625 0.568553459375 0.6744574296875 0.5647798734375 0.6644407343750001
0 0.5748427671874999 0.6627712859375 0.5698113203124999 0.6594323875 0.5710691828125001 0.6644407343750001 0.5710691828125001 0.67111853125 0.577358490625 0.6677796328125 0.5748427671874999 0.6627712859375
0 0.494339621875 0.7061769609375 0.50062893125 0.71619365625 0.5069182390625 0.7212020031249999 0.5106918234375 0.71619365625 0.505660378125 0.7078464109375 0.50062893125 0.7045075125 0.4968553453125 0.697829715625 0.4905660375 0.6961602671875 0.4830188671875 0.6894824703125 0.48553459062500004 0.699499165625 0.48930817656250003 0.7028380640624999 0.494339621875 0.7061769609375
0 0.559748428125 0.73956594375 0.559748428125 0.7345575953125 0.5572327046875001 0.7278798 0.55345911875 0.7295492484375 0.5522012578125 0.7362270453125 0.5559748421874999 0.7412353921875 0.559748428125 0.73956594375
0 0.514465409375 0.7128547578125 0.513207546875 0.7178631046875 0.5157232703125 0.722871453125 0.5169811328125 0.7178631046875 0.514465409375 0.7128547578125
0 0.3383647796875 0.51085141875 0.34213836406250003 0.51085141875 0.3484276734375 0.51085141875 0.34591194999999997 0.505843071875 0.34213836406250003 0.505843071875 0.3396226421875 0.5025041734375 0.33584905625 0.5025041734375 0.332075471875 0.500834725 0.3295597484375 0.499165275 0.327044025 0.499165275 0.323270440625 0.499165275 0.323270440625 0.5041736234374999 0.327044025 0.505843071875 0.33081760937500004 0.5075125203125 0.3345911953125 0.5091819703125 0.3383647796875 0.51085141875
0 0.586163521875 0.5776293828125 0.594968553125 0.5826377296875 0.6025157234375 0.57929883125 0.5974842765624999 0.5759599328125 0.5924528296875 0.572621034375 0.5849056609375001 0.5692821375 0.5798742140625001 0.5676126874999999 0.5748427671874999 0.5642737890625 0.57232704375 0.5676126874999999 0.5798742140625001 0.574290484375 0.586163521875 0.5776293828125
0 0.6062893078125 0.6043405671875 0.612578615625 0.6060100171875 0.618867925 0.60267111875 0.613836478125 0.5976627718749999 0.6062893078125 0.5993322203125 0.6012578609375 0.60267111875 0.596226415625 0.6060100171875 0.5974842765624999 0.6110183640625 0.6012578609375 0.609348915625 0.6062893078125 0.6043405671875
0 0.22389937031249998 0.4791318859375 0.22767295625 0.48080133593749996 0.231446540625 0.48247078437499996 0.2339622640625 0.48247078437499996 0.2364779875 0.48080133593749996 0.23522012656250002 0.4774624375 0.231446540625 0.4774624375 0.22767295625 0.4757929890625 0.2251572328125 0.4774624375 0.22389937031249998 0.4791318859375
0 0.5823899375 0.5809682796875 0.5786163515625 0.57929883125 0.5748427671874999 0.574290484375 0.568553459375 0.5759599328125 0.57232704375 0.57929883125 0.577358490625 0.584307178125 0.5823899375 0.5809682796875
0 0.250314465625 0.5091819703125 0.24905660312500003 0.505843071875 0.24905660312500003 0.499165275 0.24905660312500003 0.49415692812499995 0.250314465625 0.4908180296875 0.2515723265625 0.48747913125000003 0.25408805 0.484140234375 0.25408805 0.48080133593749996 0.2528301890625 0.4791318859375 0.2528301890625 0.4757929890625 0.2528301890625 0.470784640625 0.250314465625 0.46577629375 0.24905660312500003 0.4691151921875 0.24905660312500003 0.4774624375 0.24905660312500003 0.48080133593749996 0.2477987421875 0.48580968281250003 0.24402515781249998 0.48580968281250003 0.24025157187500001 0.48747913125000003 0.2389937109375 0.48914858125 0.2377358484375 0.49415692812499995 0.2377358484375 0.49582637656250006 0.2377358484375 0.499165275 0.2377358484375 0.500834725 0.2377358484375 0.505843071875 0.2377358484375 0.5075125203125 0.24025157187500001 0.5091819703125 0.24276729531250002 0.51252086875 0.24276729531250002 0.5191986640625 0.24402515781249998 0.5191986640625 0.24905660312500003 0.5191986640625 0.250314465625 0.5141903171875 0.250314465625 0.5091819703125
0 0.62767295625 0.687813021875 0.6238993703125 0.6844741234375 0.618867925 0.681135225 0.6213836484375 0.6894824703125 0.6251572328125 0.69282136875 0.62767295625 0.687813021875
0 0.6578616359375 0.6961602671875 0.6616352203125 0.6961602671875 0.66415094375 0.6911519203125 0.6603773578125 0.6894824703125 0.65408805 0.6894824703125 0.6477987421875 0.6894824703125 0.6389937109375 0.69282136875 0.64654088125 0.6944908187500001 0.6515723265625 0.6944908187500001 0.6578616359375 0.6961602671875
0 0.44779874218750004 0.49248747968749995 0.45157232656249996 0.505843071875 0.45660377343749997 0.500834725 0.4553459125 0.49248747968749995 0.4553459125 0.48580968281250003 0.450314465625 0.48247078437499996 0.44779874218750004 0.4757929890625 0.44528301875 0.4674457421875 0.441509434375 0.459098496875 0.43773584843749996 0.45409015 0.43773584843749996 0.46243739531249994 0.441509434375 0.4691151921875 0.44779874218750004 0.49248747968749995
