0 0.8710184046875 0.40992207656249996 0.87762513125 0.40192770468749994 0.8388180390625 0.404027225 0.7196843578125 0.45462131406250006 0.7231195171875 0.46199967343750004 0.8358420390625 0.42557165937499997 0.8710184046875 0.40992207656249996
0 0.8567761109375001 0.46560583125 0.8841128312500001 0.4479074703125 0.8787985359375 0.438957921875 0.8524991671875 0.4605277296875 0.8567761109375001 0.46560583125
0 0.6009418109375 0.5175588109375 0.6034671609375 0.510658040625 0.5770997671875 0.5156484609375 0.5478839125 0.53177563125 0.5509959656250001 0.5433899703125 0.576972225 0.52605614375 0.6009418109375 0.5175588109375
0 0.6133900203125 0.564016165625 0.6871779109375 0.5400953562499999 0.6835471828124999 0.5265452953125 0.61332199375 0.547436778125 0.6133900203125 0.564016165625
0 0.614690965625 0.5906387015625 0.655827840625 0.5754667062500001 0.6556322734375 0.5692950015625 0.6126162640625 0.582895809375 0.614690965625 0.5906387015625
0 0.5118573296875 0.838111278125 0.5661481453125 0.8339376078124999 0.6065112625 0.837645253125 0.602038753125 0.82639545 0.5608338500000001 0.824988059375 0.5079034921875001 0.828797196875 0.45756651406250004 0.84228495 0.40535039843750004 0.8542015140625001 0.2838784203125 0.8743016203125 0.282390421875 0.8850738390625 0.30195552187499997 0.8819060875 0.3965414296875 0.8648606781250001 0.47648539687499997 0.8475891593749999 0.5118573296875 0.838111278125
0 0.3723257109375 0.7157663859375 0.4846821265625 0.6877155187499999 0.48040518125 0.6826374171875 0.3281613234375 0.7130575265625 0.3723257109375 0.7157663859375
0 0.47062688750000004 0.7060045203125 0.41549428749999995 0.7124784484375 0.3736158390625 0.71584551875 0.45417384062500005 0.7207866109375 0.4677784296875 0.717141271875 0.47062688750000004 0.7060045203125
0 0.405554403125 0.5719874109374999 0.46476837812499994 0.56441988125 0.4621750015625 0.5547412656249999 0.40671929375 0.5654511734375001 0.405554403125 0.5719874109374999
0 0.49880538906250005 0.686005903125 0.5367706984375 0.6862066375 0.53657513125 0.680034934375 0.49724936406250003 0.680198734375 0.49880538906250005 0.686005903125
0 0.5858747609375 0.6626757343749999 0.6143168578125 0.6654282078125 0.6144443984375 0.6550205234375001 0.5878814343750001 0.6538392421875 0.5858747609375 0.6626757343749999
0 0.626229365625 0.6228169265625 0.630956959375 0.6132513656249999 0.6057544546875 0.6117055484375 0.6264844484375 0.602001559375 0.6262888796875 0.5958298578125001 0.5786728171875 0.6085885421875 0.5763430359374999 0.621661015625 0.626229365625 0.6228169265625
0 0.4678634046875 0.4889013078125 0.61128978125 0.42557390625 0.6059754859375001 0.4166243578125 0.4630677859375 0.48188748437499995 0.4678634046875 0.4889013078125
0 0.058807407812500004 0.5404158828125001 0.0406027671875 0.5432190984374999 0.0156638578125 0.564424371875 0.11484981875 0.5482210828125 0.1128346296875 0.513491121875 0.0788231578125 0.52260446875 0.070855971875 0.5309633734375 0.058807407812500004 0.5404158828125001
1 0.63179874375 0.6109511078125001 0.5921413546875 0.57178443125 0.5690900921875001 0.6381273484375 0.5574411765625 0.70348971875 0.5450185046875 0.7877317328125 0.5965884031249999 0.7842871296875 0.597098565625 0.7426563953125 0.60577148125 0.6988384609375 0.61179150625 0.672328978125 0.618457746875 0.6373475359375 0.63179874375 0.6109511078125001
1 0.6314586078125 0.5280541750000001 0.66851410625 0.51397578125 0.660606434375 0.49534761875 0.6276323125000001 0.5083324109375 0.6314586078125 0.5280541750000001
1 0.8602792984375001 0.48956357656250005 0.8955066640625 0.40336046718749996 0.8607724359375 0.36079993125 0.78989251875 0.3465969203125 0.71862998125 0.36361695781250003 0.665121434375 0.3924774421875 0.662221975 0.47416771874999997 0.7057651734375 0.5060690890624999 0.731554378125 0.526130015625 0.80288494375 0.5256893640625 0.8289292312500001 0.5249349249999999 0.8602792984375001 0.48956357656250005
1 0.5774550453125 0 0.5880853609375001 0.0396728765625 0.6205578328125 0.11188527343750002 0.6541186578125 0.1174155890625 0.6814553765625 0.099717228125 0.7034692875 0.029502864062500002 0.6931115125 0 0.5774550453125 0
1 0.41416788125000004 0.88710880625 0.445135328125 0.8829605078125 0.497547009375 0.877215646875 0.5117978140624999 0.8650983484375001 0.5161342734375001 0.8431893796875001 0.5041452234375 0.82565481875 0.4473290578125 0.8367292609374999 0.4013965625 0.8448874312499999 0.39530851093749997 0.854817528125 0.41416788125000004 0.88710880625
1 0.3242330265625 0.8344428140625 0.359349878125 0.8457802984375 0.47822847812499997 0.8160015749999999 0.5329699437500001 0.797184240625 0.5423571 0.76147373125 0.583459925 0.5720359109375 0.6265779359375 0.41732805156249997 0.6099208078125 0.3823719828125 0.43240642031250004 0.39466689062500004 0.1337431625 0.4228259234375 0.1205977359375 0.45539405625 0.1388789171875 0.51273668125 0.2290093390625 0.5715743765625 0.250334546875 0.6239519546875 0.21426539687499999 0.712455321875 0.20209780781250003 0.77588196875 0.2168758 0.8092668484375001 0.2388472234375 0.853172465625 0.3242330265625 0.8344428140625
