0 0.2601380875 0.6532925109375001 0.2841822484375 0.65541290625 0.28918775 0.6295395078125 0.27558583125 0.61452470625 0.26878151250000004 0.6128281999999999 0.2764852390625 0.6283096593749999 0.273298696875 0.6468876015625 0.2651335171875 0.6448517921875 0.2479003875 0.6328061171875 0.245175303125 0.6379384078125 0.2601380875 0.6532925109375001
0 0.379004746875 0.6519334 0.39125587500000003 0.6491762171875 0.40894710312500004 0.6535871359375001 0.410766065625 0.6462916796875 0.4007886359375 0.6399295406250001 0.38082370781249997 0.64463794375 0.379004746875 0.6519334
0 0.2134139859375 0.643580128125 0.18393644375 0.6226698453124999 0.17168531250000002 0.6254270281250001 0.1598822078125 0.6379821328124999 0.1489852265625 0.6527004015625 0.1530678171875 0.6537183062499999 0.180736471875 0.6644913625 0.19208483437499999 0.6537601234375 0.2134139859375 0.643580128125
0 0.0704863765625 0.6718733140625 0.055520235937499995 0.6623301046875001 0.07955432343749999 0.68188318125 0.097238834375 0.6979158875 0.1122083328125 0.701648203125 0.1308023265625 0.7140331796875 0.14622992343750002 0.7101307375 0.1553079421875 0.7027079234375 0.145781896875 0.7003328140625 0.1285454109375 0.69409803125 0.11675238125000001 0.6892204546875 0.1344469640625 0.6878204796875 0.13308945781249998 0.681670284375 0.11857134218750001 0.6819249984375 0.1054208046875 0.6708972265625001 0.10905201093750001 0.6679280999999999 0.12039030312500001 0.6746295421874999 0.12674659531250002 0.6665281265624999 0.1380882453125 0.6674186718749999 0.172109834375 0.6759012078125 0.17301931406249998 0.672253478125 0.1403619484375 0.6582993515625 0.14172616875 0.652827759375 0.131294 0.6482894828125 0.128114175 0.6552456375 0.11405415625 0.6478655953125 0.10587890156249999 0.66326246875 0.0986164859375 0.66920071875 0.091357428125 0.6693280765625 0.084101728125 0.663644540625 0.08409836875 0.6694554328125 0.0777454359375 0.67174595625 0.0704863765625 0.6718733140625
0 0.6049114578125 0.7024465375 0.591302821875 0.6990535234374999 0.5890324765625 0.70236195 0.5994646453125 0.7069002265625 0.6030924953125 0.70974199375 0.6008154359375 0.7246722078125 0.5971775125 0.739263121875 0.607171728125 0.7165707921875 0.6049114578125 0.7024465375
0 0.507835403125 0.680180003125 0.484700721875 0.6744118796875 0.48333649999999995 0.6798834703125001 0.506925921875 0.68382773125 0.507835403125 0.680180003125
0 0.484683934375 0.7034663484375 0.47425176562500004 0.698928071875 0.473342284375 0.7025758015625 0.483774453125 0.7071140765624999 0.484683934375 0.7034663484375
0 0.45158189843749996 0.673903403125 0.4542969109375 0.6862037937500001 0.457473378125 0.6850585312499999 0.4574868078125 0.66181495625 0.45476508125 0.6611363546875 0.45158189843749996 0.673903403125
0 0.43433198281249996 0.690912196875 0.42117808749999996 0.68569531875 0.4202652484375 0.695153940625 0.4257087015625 0.696511146875 0.43433198281249996 0.690912196875
0 0.3862403015625 0.6924822984375 0.37943598437500003 0.6907857921875 0.37807176249999996 0.6962573859375001 0.3853308203125 0.6961300265625 0.3862403015625 0.6924822984375
0 0.271968053125 0.5942502546874999 0.23431525468749997 0.588736846875 0.2347666390625 0.5927238765625 0.244292684375 0.5950989859375 0.2578979625 0.60430289375 0.276040571875 0.6127008421875 0.2901005890625 0.620080884375 0.2946446359375 0.6076531390625 0.271968053125 0.5942502546874999
0 0.27015580781250004 0.5899239234375 0.278775728125 0.59013586875 0.2883017734375 0.5925109796875 0.2892112546875 0.58886325 0.27560261875 0.5854702374999999 0.2692496828125 0.5877607593749999 0.27015580781250004 0.5899239234375
0 0.5200697453124999 0.706477290625 0.5119012046875 0.7102523765625001 0.5128073296875 0.7124155421875 0.52142725 0.7126274859375 0.5200697453124999 0.706477290625
0 0.5545595046875 0.6898923859375 0.54321785625 0.6890018390625 0.5432144984375 0.6948127328125 0.5536500234374999 0.6935401140625 0.5545595046875 0.6898923859375
0 0.1952982375 0.5886950296875 0.22251550781249999 0.5954810578124999 0.229777925 0.58954280625 0.21798489375000002 0.58466523125 0.200293665625 0.5802543124999999 0.1952982375 0.5886950296875
1 0.6071952328125 0.6758945359374999 0.599484790625 0.6720348625 0.5795064328125 0.699986840625 0.5808605796874999 0.7119479296875 0.5940010453125 0.7404083828125 0.611247603125 0.729210484375 0.6271400140625001 0.706051496875 0.6071952328125 0.6758945359374999
1 0.6729445625 0.7368442890625 0.6842929265625 0.726113046875 0.6902045515624999 0.702402815625 0.688850403125 0.690441725 0.6779634953125 0.6877273140625 0.66388333125 0.715212634375 0.6729445625 0.7368442890625
1 0.7314852000000001 0.7107579921875 0.7373901093749999 0.6986695453125 0.7324013953125 0.6954884765625 0.7219625125 0.7025719875 0.724222784375 0.71669624375 0.7314852000000001 0.7107579921875
