0 0.5852130328125 0.6020066890625 0.5927318296874999 0.6003344484375 0.5927318296874999 0.590301003125 0.586466165625 0.590301003125 0.5776942359375 0.59197324375 0.576441103125 0.5986622078125 0.57894736875 0.6003344484375 0.5852130328125 0.6020066890625
0 0.57894736875 0.5819398 0.5827067671874999 0.5802675578125001 0.5802005015625 0.5752508359374999 0.5739348375 0.5735785953125 0.5714285718750001 0.5785953171875 0.5739348375 0.5802675578125001 0.57894736875 0.5819398
0 0.47493734375 0.48829431406249996 0.47869674218749997 0.4866220734375 0.47493734375 0.4799331109375 0.46992481250000007 0.4799331109375 0.467418546875 0.4849498328125 0.46992481250000007 0.4866220734375 0.47493734375 0.48829431406249996
0 0.5877192984375 0.565217390625 0.5902255640625 0.5568561875 0.5877192984375 0.551839465625 0.5814536343750001 0.55351170625 0.5827067671874999 0.558528428125 0.5852130328125 0.5602006687500001 0.5877192984375 0.565217390625
0 0.2380952375 0.3963210703125 0.240601503125 0.39464882968750004 0.2418546359375 0.38628762499999997 0.235588971875 0.38628762499999997 0.23433583906250002 0.3913043484375 0.235588971875 0.3996655515625 0.2380952375 0.3963210703125
0 0.259398496875 0.5301003343749999 0.2556390984375 0.531772575 0.2531328328125 0.5351170562500001 0.25689223125 0.5384615390625 0.2619047625 0.5351170562500001 0.259398496875 0.5301003343749999
0 0.165413534375 0.384615384375 0.165413534375 0.39464882968750004 0.1679198 0.3963210703125 0.1679198 0.384615384375 0.165413534375 0.384615384375
0 0.32456140312500004 0.3645484953125 0.3258145359375 0.3712374578125 0.32957393437500004 0.3695652171875 0.3320802 0.3645484953125 0.3358395984375 0.3628762546875 0.3421052625 0.352842809375 0.3320802 0.352842809375 0.3233082703125 0.356187290625 0.3233082703125 0.3612040140625 0.32456140312500004 0.3645484953125
0 0.6228070171875 0.49832775937499996 0.6165413531249999 0.5 0.6152882203125001 0.505016721875 0.6203007515625 0.5100334453125 0.6265664156249999 0.5133779265625 0.6265664156249999 0.505016721875 0.6228070171875 0.49832775937499996
1 0.46115288281250005 0.5150501671875001 0.457393484375 0.523411371875 0.45488721875 0.5384615390625 0.4661654140625 0.5451505015625 0.4686716796875 0.558528428125 0.4536340859375 0.555183946875 0.4423558890625 0.5568561875 0.43358395937500005 0.5735785953125 0.4423558890625 0.58528428125 0.45488721875 0.5886287625 0.48120300781249997 0.5785953171875 0.492481203125 0.5819398 0.5162907265625 0.595317725 0.5413533828125 0.6036789296875 0.5739348375 0.61705685625 0.5814536343750001 0.612040134375 0.586466165625 0.6036789296875 0.604010025 0.595317725 0.6140350875 0.5752508359374999 0.6253132828125 0.5568561875 0.6328320796875 0.5434782609375 0.6340852124999999 0.526755853125 0.6303258140625 0.5083612046875 0.6228070171875 0.4899665546875 0.6152882203125001 0.4615384609375 0.6027568921875 0.4515050171875 0.5902255640625 0.44314381249999996 0.586466165625 0.434782609375 0.5827067671874999 0.4230769234375 0.5651629078125 0.416387959375 0.5451127812500001 0.40301003281250003 0.5313283203125 0.3963210703125 0.5225563906249999 0.3963210703125 0.5100250625 0.3996655515625 0.49373433593750005 0.40802675624999996 0.4887218046875 0.41471571875 0.48370927343750003 0.42809364531250005 0.47869674218749997 0.45317725781249996 0.47493734375 0.46655518437500004 0.46992481250000007 0.4782608703125 0.4686716796875 0.48829431406249996 0.4661654140625 0.4933110375 0.4636591484375 0.50334448125 0.46115288281250005 0.5150501671875001
