1 0.9204156359375 0.35772211249999997 0.9058240453125 0.3601311484375 0.878828759375 0.35113539843749997 0.882752253125 0.38243757968750003 0.8863110984375 0.41604206406250005 0.9052812906250001 0.4308469421875 0.9172270656249999 0.41149843906249994 0.917407984375 0.3879265078125 0.9204156359375 0.35772211249999997
0 0.7860921078125 0.544132509375 0.7963983671875 0.557565153125 0.8155494781250001 0.5487980984374999 0.8125390140625001 0.5341609359375 0.7989509109374999 0.5414490265625 0.7869118640625 0.5277419359375 0.7860921078125 0.544132509375
0 0.8280323812500001 0.3690506859375 0.813076140625 0.3737620265625 0.8083357031249999 0.403691975 0.8221979953125 0.405887546875 0.8280323812500001 0.3690506859375
0 0.7902785390625 0.40555211875 0.8014073703125 0.4474357484375 0.7972153125 0.49633302187500006 0.79840253125 0.522481703125 0.8084346015625 0.5264306859375 0.819283615625 0.46914753749999993 0.8130789546875 0.418603584375 0.8004915265625 0.38592917031249996 0.7902785390625 0.40555211875
0 0.764388453125 0.569015690625 0.7712263265625 0.5370578828125 0.77997790625 0.48180259062499997 0.765386315625 0.4842116265625 0.7501615109374999 0.5691224234375001 0.764388453125 0.569015690625
0 0.786728134375 0.5064723078125 0.7872737 0.4805980734375 0.7725916515625 0.494793075 0.786728134375 0.5064723078125
0 0.7166901859375 0.5449406171875 0.7398524359375 0.5108482203125 0.73693243125 0.4844250921875 0.7283589562499999 0.4712668953125 0.7117632031250001 0.50875938125 0.7166901859375 0.5449406171875
1 0.4199398296875 0.69146478125 0.4836882828125 0.703921603125 0.533845821875 0.67882495625 0.54752156875 0.6149093421875 0.5201588187499999 0.5633743359375 0.4836798421875 0.569396928125 0.4199398296875 0.69146478125
0 0.479487784375 0.6182942015624999 0.47447596875000003 0.683582046875 0.48833826093750005 0.68577761875 0.5022882 0.6313456656249999 0.5119528078125 0.5927553921875 0.5022853859375 0.5865041062499999 0.479487784375 0.6182942015624999
0 0.3103247953125 0.7779460421875 0.3259198734375 0.7804160609374999 0.3403249203125 0.7118958375 0.3229970546875 0.7091513734375 0.309683140625 0.725923125 0.3103247953125 0.7779460421875
0 0.283417153125 0.7123227671875 0.28222993281250003 0.6861740859375 0.2665443953125 0.695490034375 0.24438281874999998 0.6896199249999999 0.24894515312499998 0.7281034656250001 0.283417153125 0.7123227671875
0 0.318253803125 0.694239765625 0.299102690625 0.70300681875 0.297827825 0.7334856624999999 0.31387801406250004 0.7218674109375 0.318253803125 0.694239765625
0 0.22851355 0.6776662453125 0.21300892968750001 0.6634102625 0.200424315625 0.6755774078125001 0.2131022015625 0.69646585625 0.22851355 0.6776662453125
0 0.2674517984375 0.6224719375000001 0.2412790828125 0.641927171875 0.22787471093749997 0.6704848890624999 0.260249275 0.656732046875 0.2674517984375 0.6224719375000001
0 0.286238259375 0.6160071859375 0.2684552859375 0.627350990625 0.268183909375 0.6627088875 0.2796745765625 0.6574486546875 0.286238259375 0.6160071859375
