0 0.3724570234375 0.269291753125 0.3684510703125 0.274013975 0.38273515156250004 0.2883734546875 0.3852728015625 0.28092527500000003 0.3724570234375 0.269291753125
0 0.39368366718750003 0.284380925 0.389410378125 0.29164668125 0.40289244999999996 0.3136367640625 0.40689840312500003 0.30891454218750003 0.39368366718750003 0.284380925
0 0.40022317812499997 0.305641315625 0.381131134375 0.30363466093749997 0.3803291265625 0.3112652625 0.4011568109375 0.313454340625 0.40022317812499997 0.305641315625
0 0.294484834375 0.2765263390625 0.2970224828125 0.269078159375 0.2975571546875 0.2639910921875 0.2908819296875 0.260717865625 0.278732446875 0.259440903125 0.27032158281249996 0.255985253125 0.2633790203125 0.2552555609375 0.2529651796875 0.254161021875 0.2477582578125 0.2536137515625 0.24548794687500003 0.258518396875 0.2504275296875 0.2616092015625 0.2608413734375 0.262703740625 0.2692522375 0.2661593890625 0.2756601265625 0.2719761515625 0.2860739671875 0.273070690625 0.294484834375 0.2765263390625
0 0.2875300015625 0.3760890234375 0.28205574375000003 0.3780852875 0.2829893765625 0.3858983125 0.29019927343749996 0.38408447031250004 0.2875300015625 0.3760890234375
0 0.3163655015625 0.402264446875 0.3076872984375 0.40135233125 0.30688529062500003 0.408982934375 0.31382785156250004 0.40971262656249996 0.3163655015625 0.402264446875
0 0.34346945 0.39482665781250004 0.3518803171875 0.39828230625 0.35028038906250003 0.380112721875 0.343337828125 0.3793830296875 0.33999816875 0.3944618109375 0.34346945 0.39482665781250004
1 0.1626955234375 0.378398184375 0.165763753125 0.399293728125 0.1765765546875 0.4132883609375 0.18885765937500001 0.43000895312500004 0.1961991796875 0.44363873906249995 0.20354070000000002 0.4572685265625 0.20928229375 0.452728728125 0.21422596875000002 0.4223887390625 0.220103275 0.3998617765625 0.22157567031249997 0.36915694375 0.2247837046875 0.33863453125 0.2262560984375 0.307929696875 0.23039776562499997 0.2852203125 0.23974635156250002 0.2630581953125 0.2470919640625 0.243257190625 0.2601791671875 0.21891638750000003 0.2724643625 0.2022061859375 0.2625851921875 0.1960245796875 0.24870007031250002 0.1945651953125 0.2333466453125 0.19037985156249998 0.21625757656250003 0.18601208593750002 0.19342691875 0.18618411875000002 0.177937778125 0.1999859390625 0.1715257984375 0.2275999703125 0.1673841328125 0.25030935625 0.15816716718749999 0.2879151 0.15415712343750002 0.3260681140625 0.1581589875 0.354776684375 0.1626955234375 0.378398184375
0 0.2217072921875 0.3846005703125 0.215961609375 0.4225711625 0.20848028593749998 0.46035932968750004 0.21635647812499997 0.4689020484375 0.2234306625 0.48507537031250003 0.23130685468749998 0.49361808749999997 0.24211965625 0.507612721875 0.249193840625 0.52378604375 0.25653536093749996 0.5374158296875 0.2673481609375 0.5514104625 0.2694868515625 0.5310621890625 0.2744305265625 0.5007222015624999 0.2815088015625 0.48346473124999995 0.2990009171875 0.46730179843749997 0.302875246875 0.44713594843750004 0.3104881953125 0.42479140937500004 0.3178338046875 0.40499040468749997 0.322909103125 0.3900940453125 0.3319903546875 0.3704754640625 0.339068628125 0.3532179921875 0.3570954171875 0.33196799375 0.3633716828125 0.32234112656249997 0.37071729375 0.302540121875 0.3607065015625 0.2809148859375 0.34642242031250003 0.26655540625 0.322390790625 0.261457946875 0.29769286875 0.24600392968749998 0.281405809375 0.23400555937499998 0.25764151874999996 0.22636456875 0.25189992499999997 0.23090436718750001 0.2470919640625 0.243257190625 0.23694136718749997 0.27304991093750003 0.231331396875 0.2930333375 0.2283906984375 0.32101221406249997 0.22545 0.348991090625 0.2217072921875 0.3846005703125
0 0.3398542765625 0.4793105578125 0.34506119687500003 0.47985782656250003 0.3470641734375 0.47749671562499996 0.3438602296875 0.4745883359375 0.34092362187499997 0.46913642031249997 0.33598403593750004 0.46604561718750004 0.33278009062499997 0.4631372359375 0.32784050625 0.46004643281249996 0.3229009234375 0.4569556296875 0.319696978125 0.4540472484375 0.317159328125 0.461495428125 0.32236625 0.46204269687500005 0.323834553125 0.46476865468749995 0.32877413906249997 0.4678594578125 0.3337137234375 0.4709502625 0.33865330781249997 0.474041065625 0.3398542765625 0.4793105578125
1 0.11825153125000001 0.250288575 0.1226564421875 0.2584664484375 0.131067309375 0.26192209843750003 0.1350732625 0.2571998765625 0.142015821875 0.25792956875 0.14735845625 0.24048967499999999 0.1529684265625 0.220506246875 0.15977936718750002 0.2057923109375 0.1673923125 0.183447771875 0.17220027499999999 0.171094946875 0.17700823593749998 0.158742121875 0.1783449171875 0.1460244515625 0.1811499015625 0.1360327375 0.162991490625 0.1418391078125 0.1515083046875 0.1509187078125 0.1386884359375 0.172715975 0.1338804734375 0.1850688015625 0.1293398484375 0.194878090625 0.1199912625 0.2170402078125 0.11985554843749999 0.235027371875 0.11825153125000001 0.250288575
1 0.3808351671875 0.5401937359375 0.402867909375 0.5142215140624999 0.42757401406250006 0.46281395 0.4294494578125 0.41157841875 0.41676939375 0.3819577328125 0.3552240640625 0.3497727328125 0.32544266093749996 0.41607665781250003 0.317159328125 0.461495428125 0.3808351671875 0.5401937359375
1 0.4599176046875 0.1884770953125 0.48167892031250004 0.1984791984375 0.4855573421875 0.14488255625 0.467674446875 0.0812838109375 0.452189396875 0.0616548390625 0.443243859375 0.0632862578125 0.43910219218749996 0.0859956421875 0.43682779062500005 0.12433108125 0.442964253125 0.1661221671875 0.4599176046875 0.1884770953125
1 0.398491946875 0 0.37582531406249997 0.020197428125 0.38490247499999997 0.0340096390625 0.41187071093750005 0.0445590125 0.443243859375 0.0632862578125 0.48169119218749995 0.098186825 0.5013219984374999 0.06167561875000001 0.4979864296875 0.043323609375 0.47876276406249996 0.0258733265625 0.45753612187500003 0.0107841546875 0.4337718296875 0.0031431609375000003 0.40386664687499996 0 0.398491946875 0
