0 0.5515609265625 0.8807033593750001 0.557130465625 0.8496177796875 0.5753705515624999 0.762551590625 0.5533883187499999 0.7395444859375 0.5400605421875 0.8770953140625 0.5515609265625 0.8807033593750001
1 0.41742754375 0.3997614171875 0.3988261515625 0.42104840625 0.375832709375 0.473586459375 0.3635956171875 0.54357038125 0.4211409421875 0.595476796875 0.4317670890625 0.511324078125 0.43081337499999994 0.415585065625 0.41742754375 0.3997614171875
1 0.8587113343749999 0.4637715796875 0.690489390625 0.456063690625 0.695524578125 0.5483927765625001 0.6820739234375 0.6440991578124999 0.6913061328125 0.7151086234374999 0.6928015265624999 0.7471871109375 0.8369607625000001 0.7296037359375 0.9437943375 0.7127498890624999 0.9676687859375 0.48306809062499995 0.8587113343749999 0.4637715796875
0 0.8312390390625 0.47982830468750004 0.8273959953125001 0.507172984375 0.8461202640625001 0.5277304421875 0.852238809375 0.49273848124999997 0.8312390390625 0.47982830468750004
0 0.8164085406250001 0.525546503125 0.8197386546875001 0.47622025937499995 0.7396694171875 0.4649672625 0.7348078359375 0.508102959375 0.7675824953125 0.5226679890625 0.8164085406250001 0.525546503125
0 0.6735355765625 0.790290178125 0.661255084375 0.8264079046875 0.665928965625 0.8529577890625 0.7088675671875 0.8550088765625 0.745680296875 0.8322977828125 0.7453623921875 0.800384778125 0.7167486828125 0.7903880734375 0.6735355765625 0.790290178125
0 0.7343602859375 0.699250015625 0.73169473125 0.72676018125 0.7649389203125 0.7294405765625 0.7989271421875 0.718283146875 0.8008052625 0.6707446109374999 0.7894999046875 0.6572051250000001 0.7687024874999999 0.6941176453125 0.7343602859375 0.699250015625
0 0.8755794640625 0.7111299953125 0.878252346875 0.7433739703125 0.900819659375 0.736586746875 0.8964202828125 0.70808366875 0.8755794640625 0.7111299953125
0 0.90258223125 0.7069579046875 0.8998371984375 0.72648981875 0.9163220421875 0.7288066125 0.9220505328125 0.7136775375 0.90258223125 0.7069579046875
0 0.780860103125 0.6161554734375 0.7719891984375 0.6109252078125 0.7606116921875 0.649161609375 0.7785485265625 0.6496906984375 0.780860103125 0.6161554734375
