0 0.6297142296875 0.5061436625 0.6304070484375 0.5132658265625001 0.6290193265624999 0.5232987734375001 0.6268516625 0.5313886046875 0.6189630359375 0.54141376875 0.6037064359375 0.554667084375 0.5847222890625 0.5721240015625 0.565045325 0.582458753125 0.5505686671875 0.597655184375 0.54103303125 0.6089731656249999 0.5371312359375 0.6235348609375 0.5475318515625001 0.6332582234374999 0.578650746875 0.619052803125 0.5997154328125001 0.5986851046874999 0.6170525718750001 0.58252100625 0.6318756390625 0.5708856546875001 0.6434918140625 0.556656890625 0.6642121765625 0.5084508359375 0.6673340296875 0.491946025 0.649046871875 0.4679705546875 0.6345723 0.4588897109375 0.6122962234375 0.45465498593750003 0.5823908046875 0.46918555624999997 0.5393943640625001 0.5131568843750001 0.5243970515624999 0.53515033125 0.5142536359375 0.558444375 0.5116524390625 0.568152171875 0.5260398890625 0.5824120640625 0.553953975 0.541335953125 0.56687075 0.5222532906249999 0.5797003984375 0.5083496750000001 0.5924429250000001 0.49962510781249997 0.6043183859375 0.4941364734375 0.612119890625 0.48929035625 0.6213941546874999 0.49350951875 0.6297142296875 0.5061436625
1 0.5827372140625 0.47274663749999996 0.5555180281250001 0.49666763593749996 0.53896083125 0.51477485 0.52630334375 0.54259764375 0.5164212984375001 0.5503545437499999 0.519279696875 0.573664153125 0.5139901796874999 0.5982587953125 0.5094806046875 0.6247965515625 0.5200533843749999 0.6484390921875 0.5664288765625 0.62098035625 0.5838531390624999 0.599637209375 0.6056106437500001 0.5863916734375 0.6187867046875 0.576049140625 0.6330891140625 0.5712108046875 0.6483457140625 0.5579574890625 0.6647307484375 0.5259310968750001 0.67686758125 0.5049053156250001 0.6919520171875 0.477732821875 0.6878801453125 0.45409806562500005 0.6560684328125 0.461181321875 0.636045059375 0.467954990625 0.6158495234375 0.4608094828125 0.5827372140625 0.47274663749999996
0 0.8143345406250001 0.5694855734375001 0.81260249375 0.5516801625000001 0.795526725 0.55230711875 0.7649284890625 0.5597155234375 0.73025629375 0.567766446875 0.7130934015625 0.57357245 0.7078059718749999 0.5738898171875 0.714391915625 0.592995825 0.72583384375 0.58912515625 0.7412626062500001 0.5897910203125 0.753484475 0.587863465625 0.7640593375 0.58722873125 0.7848626546874999 0.5823981765624999 0.797951590625 0.5772346921875 0.8077465109374999 0.5746568390625 0.8143345406250001 0.5694855734375001
1 0.7528829499999999 0.5270077046874999 0.7280907156249999 0.551579003125 0.72332185625 0.56937663125 0.7384892468750001 0.5855796375 0.7641464609375 0.58204968125 0.7848626546874999 0.5823981765624999 0.8186677828125 0.577583184375 0.8282905421875 0.56108615625 0.8378261765625 0.5497681734375 0.84900881875 0.5371573749999999 0.8549040296875001 0.5248639453124999 0.8618405546875 0.4989764859375 0.85204771875 0.47727706249999996 0.832113553125 0.454594409375 0.8066305859374999 0.44776626875 0.803942265625 0.4626531140625 0.7868644109375 0.48755734375 0.7723006296875 0.5079328234375 0.7528829499999999 0.5270077046874999
0 0.8218809281249999 0.5073447765625 0.80341326875 0.5665592265625 0.827336353125 0.5695011375 0.847884553125 0.5073759015625 0.8218809281249999 0.5073447765625
0 0.7213201 0.6642174640625 0.7103117046875 0.6664701671875 0.7008631921874999 0.6726091000000001 0.69236886875 0.670333053125 0.6847416125 0.6648210734375 0.6840487937499999 0.6576989109375 0.6851772296875 0.6389258328125 0.688211959375 0.6276000703125 0.6867391984375 0.6185347906249999 0.6812796046875 0.6049329796875 0.6792011515625 0.5835664875 0.667325690625 0.589055121875 0.6655915593749999 0.5955269875 0.660996946875 0.6029665203125 0.6525026234375 0.6006904734375 0.6548424484375001 0.6065198203125 0.655101734375 0.61525995 0.6594349765625 0.6233575625000001 0.6633346859375 0.633073140625 0.66515385625 0.645699503125 0.6681865 0.6586510140625 0.6660188359375 0.6667408453125 0.6611628515625 0.689717521875 0.65561405 0.705572034375 0.6504987812499999 0.7198085812499999 0.6470305187500001 0.732752309375 0.639834709375 0.7498996390625 0.6636727546875 0.733743321875 0.68005570625 0.7259942046875001 0.709614715625 0.7079025531250001 0.735879709375 0.692396534375 0.752262659375 0.684647415625 0.7670857265625 0.673012065625 0.7737608812500001 0.66266175 0.7796560921875 0.6503683203125 0.7834707625 0.6409856734375 0.7748893156250001 0.6438886734375 0.7614539703125 0.6454910765624999 0.7499249203125 0.6545407937500001 0.73770305 0.656468346875 0.7306814875 0.6632575796875 0.7213201 0.6642174640625
0 0.79101298125 0.627399425 0.6634176390625 0.6764486421875 0.64364938125 0.7405169921875 0.780348909375 0.657490484375 0.79101298125 0.627399425
0 0.334109540625 0.8570011015624999 0.3624529890625 0.8628615749999999 0.385249721875 0.8602992875 0.404752440625 0.8603226312500001 0.42512222499999996 0.85711004375 0.43786474999999997 0.8483854765625001 0.432751565625 0.8383447484375001 0.41654286406249996 0.83573576875 0.40458027812499997 0.846403453125 0.39686589687499996 0.846070521875 0.3849904359375 0.8515591562499999 0.369908084375 0.8544543765625001 0.3536122578125 0.8570244453125 0.334109540625 0.8570011015624999
0 0.667234396875 0.6427887203125 0.6957520921875 0.6382910984375 0.685963428125 0.568037125 0.6440083 0.5984144265625 0.667234396875 0.6427887203125
0 0.8147680734374999 0.56786760625 0.8217025109374999 0.5662574218749999 0.826643534375 0.5623789718750001 0.8297653859375 0.5458741593750001 0.8377411390624999 0.530669946875 0.8400830499999999 0.5122220203125 0.832627953125 0.52062921875 0.8291596921875 0.5335729484375 0.8253450203125 0.542955596875 0.8202297515625 0.5571921421875 0.8147680734374999 0.56786760625
0 0.76804825625 0.5674879859375 0.756606328125 0.5713586546875 0.73987696875 0.575546690625 0.72687515625 0.575531128125 0.7183808328125 0.57325508125 0.7215006015625 0.58102754375 0.7336353484375 0.5842790390625 0.7556521390625 0.579773634375 0.7662270015625 0.5791389 0.7804422875 0.5794796125 0.7923177484374999 0.573990978125 0.8008991953125 0.5710879765625 0.8070536921875 0.567534675 0.8124282468749999 0.562038259375 0.8158093859375001 0.554273578125 0.8204039984374999 0.546834046875 0.8241315453125001 0.542630446875 0.8300267578125 0.530337015625 0.8348827406250001 0.5073603390625 0.8295081859375 0.5128567562499999 0.8252599828125 0.5238573703125 0.8189312375 0.537768765625 0.8134695593749999 0.54844423125 0.8075743484375 0.5607376609375 0.801853384375 0.562672996875 0.7896315140625 0.5646005484375001 0.76804825625 0.5674879859375
0 0.7953587343749999 0.48983339062500003 0.8055871859374999 0.485637571875 0.8150356984375 0.47949863906249995 0.8317650578125001 0.47531060312499995 0.8392201546875 0.466903403125 0.8332399046875001 0.46009860625 0.8251791140625 0.45620459375 0.8141707171875 0.4584572953125 0.8034216093750001 0.469450128125 0.7971799890625 0.4781824765625 0.788165009375 0.48270344375 0.7810563234375001 0.49467172656249997 0.7953587343749999 0.48983339062500003
1 0.7918779625 0.6484407671875 0.7907536953125 0.6186592953125001 0.7084946203125 0.62956653125 0.6659317125 0.6719198937499999 0.64122243125 0.7398666921875 0.7918779625 0.6484407671875
0 0.5501330484375 0.623550425 0.5583680859375 0.6170863421874999 0.5674701875 0.6073863265624999 0.5785657078125 0.599954575 0.5863672125 0.595108459375 0.592955240625 0.5899371921875 0.6016238125 0.58185514375 0.607344775 0.579919809375 0.6155798109374999 0.5734557265625 0.62667533125 0.566023975 0.6323962953125 0.564088640625 0.6366445 0.553088028125 0.6445331265625 0.5430628625 0.6499948046874999 0.532387396875 0.6566699593750001 0.5220370828124999 0.6613516953125 0.5094185015625 0.6639528921875 0.49971070624999997 0.6665540890625 0.49000290937499996 0.6670747453125 0.4832058953125 0.652600171875 0.47412504999999994 0.6323175125 0.472158590625 0.6274636124999999 0.47085799218749996 0.6275507375 0.46567894374999996 0.61740940625 0.4646957140625 0.611254909375 0.468249015625 0.5962596812500001 0.46596518593749997 0.59166506875 0.4734047171875 0.581436615625 0.47760053593749996 0.5743279296875 0.4895688171875 0.564445884375 0.49732571718749996 0.5582042640625 0.506058065625 0.54953569375 0.5141401140624999 0.5445075484374999 0.5231976125 0.5349719125 0.5345155953125 0.5299437671875 0.5435730921874999 0.5269961624999999 0.549719809375 0.5232686156249999 0.5539234078125 0.5175476515625 0.5558587421875 0.5158135203125 0.5623306078125 0.5156392734375 0.5726887031250001 0.5188461640625001 0.5752821171875 0.5262141359375 0.5720539671875 0.5295081500000001 0.5694683328125001 0.5377431875 0.56300425 0.5460653484375 0.5513611187499999 0.5494464859375 0.5435964375 0.553607565625 0.5377748718750001 0.556555171875 0.5316281578125001 0.561149784375 0.5241886250000001 0.5648773312500001 0.519985025 0.5690384125 0.514163459375 0.5727659609375 0.5099598609375 0.576059975 0.5073742265625001 0.5907959171875 0.500917925 0.5940899328125 0.49833229218749997 0.60596539375 0.4928436578125 0.6104728828125 0.4905831734375 0.6206142125 0.49156640312500005 0.6242546359375 0.4925418515625 0.627461528125 0.4951352671875 0.6343088421874999 0.49870413124999996 0.6365615453125 0.5097125265625 0.63682083125 0.51845265625 0.6350867 0.5249245218749999 0.6341325109375 0.5333395015625 0.629104365625 0.542397 0.6228627453125 0.5511293484374999 0.6141070515625 0.564390446875 0.6079525546875 0.5679437468749999 0.596423503125 0.5769934640625001 0.5901818828125001 0.5857258109375 0.5802998390624999 0.5934827109375 0.5717183921875 0.5963857140625 0.5640040125 0.5960527812499999 0.555422565625 0.5989557828125001 0.5491809453125 0.6076881328125 0.5445863328125 0.6151276640625001 0.5392989 0.6154450312499999 0.533231528125 0.6138192828125 0.5235237296874999 0.6112180859375 0.5160686359375 0.6196252859375 0.515114446875 0.6280402671875 0.519794096875 0.6396989609375 0.5288090765625 0.63517799375 0.5334036890625 0.6277384625 0.5431986109375 0.6251606093750001 0.5501330484375 0.623550425
1 0.82377888125 0.6119011890625 0.8412010593750001 0.6148353171875 0.8563705359375 0.6067610484375 0.8711064796875 0.600304746875 0.882201996875 0.592872996875 0.8872301437500001 0.5838154984374999 0.8954651796875 0.577351415625 0.8839382140625001 0.56212385625 0.8759645468749999 0.5530507953125 0.8503944562499999 0.551401703125 0.8412923546875 0.56110171875 0.8330573156250001 0.5675658015625 0.8246480328124999 0.58438798125 0.818752821875 0.5966814125 0.82377888125 0.6119011890625
